#RBX #RM #Slot #Barcode
HEP01 1 1 600289
HEP01 1 2 600289
HEP01 1 3 600289
HEP01 1 4 600289
HEP01 2 1 600289
HEP01 2 2 600289
HEP01 2 3 600289
HEP01 2 4 600289
HEP01 3 1 600289
HEP01 3 2 600289
HEP01 3 3 600289
HEP01 3 4 600289
HEP01 4 1 600289
HEP01 4 2 600289
HEP01 4 3 600289
HEP01 4 4 600289
HEP02 1 1 600289
HEP02 1 2 600289
HEP02 1 3 600289
HEP02 1 4 600289
HEP02 2 1 600289
HEP02 2 2 600289
HEP02 2 3 600289
HEP02 2 4 600289
HEP02 3 1 600289
HEP02 3 2 600289
HEP02 3 3 600289
HEP02 3 4 600289
HEP02 4 1 600289
HEP02 4 2 600289
HEP02 4 3 600289
HEP02 4 4 600289
HEP03 1 1 600289
HEP03 1 2 600289
HEP03 1 3 600289
HEP03 1 4 600289
HEP03 2 1 600289
HEP03 2 2 600289
HEP03 2 3 600289
HEP03 2 4 600289
HEP03 3 1 600289
HEP03 3 2 600289
HEP03 3 3 600289
HEP03 3 4 600289
HEP03 4 1 600289
HEP03 4 2 600289
HEP03 4 3 600289
HEP03 4 4 600289
HEP04 1 1 600289
HEP04 1 2 600289
HEP04 1 3 600289
HEP04 1 4 600289
HEP04 2 1 600289
HEP04 2 2 600289
HEP04 2 3 600289
HEP04 2 4 600289
HEP04 3 1 600289
HEP04 3 2 600289
HEP04 3 3 600289
HEP04 3 4 600289
HEP04 4 1 600289
HEP04 4 2 600289
HEP04 4 3 600289
HEP04 4 4 600289
HEP05 1 1 600289
HEP05 1 2 600289
HEP05 1 3 600289
HEP05 1 4 600289
HEP05 2 1 600289
HEP05 2 2 600289
HEP05 2 3 600289
HEP05 2 4 600289
HEP05 3 1 600289
HEP05 3 2 600289
HEP05 3 3 600289
HEP05 3 4 600289
HEP05 4 1 600289
HEP05 4 2 600289
HEP05 4 3 600289
HEP05 4 4 600289
HEP06 1 1 600289
HEP06 1 2 600289
HEP06 1 3 600289
HEP06 1 4 600289
HEP06 2 1 600289
HEP06 2 2 600289
HEP06 2 3 600289
HEP06 2 4 600289
HEP06 3 1 600289
HEP06 3 2 600289
HEP06 3 3 600289
HEP06 3 4 600289
HEP06 4 1 600289
HEP06 4 2 600289
HEP06 4 3 600289
HEP06 4 4 600289
HEP07 1 1 600289
HEP07 1 2 600289
HEP07 1 3 600289
HEP07 1 4 600289
HEP07 2 1 600289
HEP07 2 2 600289
HEP07 2 3 600289
HEP07 2 4 600289
HEP07 3 1 600289
HEP07 3 2 600289
HEP07 3 3 600289
HEP07 3 4 600289
HEP07 4 1 600289
HEP07 4 2 600289
HEP07 4 3 600289
HEP07 4 4 600289
HEP08 1 1 600289
HEP08 1 2 600289
HEP08 1 3 600289
HEP08 1 4 600289
HEP08 2 1 600289
HEP08 2 2 600289
HEP08 2 3 600289
HEP08 2 4 600289
HEP08 3 1 600289
HEP08 3 2 600289
HEP08 3 3 600289
HEP08 3 4 600289
HEP08 4 1 600289
HEP08 4 2 600289
HEP08 4 3 600289
HEP08 4 4 600289
HEP09 1 1 600289
HEP09 1 2 600289
HEP09 1 3 600289
HEP09 1 4 600289
HEP09 2 1 600289
HEP09 2 2 600289
HEP09 2 3 600289
HEP09 2 4 600289
HEP09 3 1 600289
HEP09 3 2 600289
HEP09 3 3 600289
HEP09 3 4 600289
HEP09 4 1 600289
HEP09 4 2 600289
HEP09 4 3 600289
HEP09 4 4 600289
HEP10 1 1 600289
HEP10 1 2 600289
HEP10 1 3 600289
HEP10 1 4 600289
HEP10 2 1 600289
HEP10 2 2 600289
HEP10 2 3 600289
HEP10 2 4 600289
HEP10 3 1 600289
HEP10 3 2 600289
HEP10 3 3 600289
HEP10 3 4 600289
HEP10 4 1 600289
HEP10 4 2 600289
HEP10 4 3 600289
HEP10 4 4 600289
HEP11 1 1 600289
HEP11 1 2 600289
HEP11 1 3 600289
HEP11 1 4 600289
HEP11 2 1 600289
HEP11 2 2 600289
HEP11 2 3 600289
HEP11 2 4 600289
HEP11 3 1 600289
HEP11 3 2 600289
HEP11 3 3 600289
HEP11 3 4 600289
HEP11 4 1 600289
HEP11 4 2 600289
HEP11 4 3 600289
HEP11 4 4 600289
HEP12 1 1 600289
HEP12 1 2 600289
HEP12 1 3 600289
HEP12 1 4 600289
HEP12 2 1 600289
HEP12 2 2 600289
HEP12 2 3 600289
HEP12 2 4 600289
HEP12 3 1 600289
HEP12 3 2 600289
HEP12 3 3 600289
HEP12 3 4 600289
HEP12 4 1 600289
HEP12 4 2 600289
HEP12 4 3 600289
HEP12 4 4 600289
HEP13 1 1 600289
HEP13 1 2 600289
HEP13 1 3 600289
HEP13 1 4 600289
HEP13 2 1 600289
HEP13 2 2 600289
HEP13 2 3 600289
HEP13 2 4 600289
HEP13 3 1 600289
HEP13 3 2 600289
HEP13 3 3 600289
HEP13 3 4 600289
HEP13 4 1 600289
HEP13 4 2 600289
HEP13 4 3 600289
HEP13 4 4 600289
HEP14 1 1 600289
HEP14 1 2 600289
HEP14 1 3 600289
HEP14 1 4 600289
HEP14 2 1 600289
HEP14 2 2 600289
HEP14 2 3 600289
HEP14 2 4 600289
HEP14 3 1 600289
HEP14 3 2 600289
HEP14 3 3 600289
HEP14 3 4 600289
HEP14 4 1 600289
HEP14 4 2 600289
HEP14 4 3 600289
HEP14 4 4 600289
HEP15 1 1 600289
HEP15 1 2 600289
HEP15 1 3 600289
HEP15 1 4 600289
HEP15 2 1 600289
HEP15 2 2 600289
HEP15 2 3 600289
HEP15 2 4 600289
HEP15 3 1 600289
HEP15 3 2 600289
HEP15 3 3 600289
HEP15 3 4 600289
HEP15 4 1 600289
HEP15 4 2 600289
HEP15 4 3 600289
HEP15 4 4 600289
HEP16 1 1 600289
HEP16 1 2 600289
HEP16 1 3 600289
HEP16 1 4 600289
HEP16 2 1 600289
HEP16 2 2 600289
HEP16 2 3 600289
HEP16 2 4 600289
HEP16 3 1 600289
HEP16 3 2 600289
HEP16 3 3 600289
HEP16 3 4 600289
HEP16 4 1 600289
HEP16 4 2 600289
HEP16 4 3 600289
HEP16 4 4 600289
HEP17 1 1 600289
HEP17 1 2 600289
HEP17 1 3 600289
HEP17 1 4 600289
HEP17 2 1 600289
HEP17 2 2 600289
HEP17 2 3 600289
HEP17 2 4 600289
HEP17 3 1 600289
HEP17 3 2 600289
HEP17 3 3 600289
HEP17 3 4 600289
HEP17 4 1 600289
HEP17 4 2 600289
HEP17 4 3 600289
HEP17 4 4 600289
HEP18 1 1 600289
HEP18 1 2 600289
HEP18 1 3 600289
HEP18 1 4 600289
HEP18 2 1 600289
HEP18 2 2 600289
HEP18 2 3 600289
HEP18 2 4 600289
HEP18 3 1 600289
HEP18 3 2 600289
HEP18 3 3 600289
HEP18 3 4 600289
HEP18 4 1 600289
HEP18 4 2 600289
HEP18 4 3 600289
HEP18 4 4 600289
HEM01 1 1 600473
HEM01 1 2 600473
HEM01 1 3 600473
HEM01 1 4 600473
HEM01 2 1 600473
HEM01 2 2 600473
HEM01 2 3 600473
HEM01 2 4 600473
HEM01 3 1 600473
HEM01 3 2 600473
HEM01 3 3 600473
HEM01 3 4 600473
HEM01 4 1 600473
HEM01 4 2 600473
HEM01 4 3 600473
HEM01 4 4 600473
HEM02 1 1 600473
HEM02 1 2 600473
HEM02 1 3 600473
HEM02 1 4 600473
HEM02 2 1 600473
HEM02 2 2 600473
HEM02 2 3 600473
HEM02 2 4 600473
HEM02 3 1 600473
HEM02 3 2 600473
HEM02 3 3 600473
HEM02 3 4 600473
HEM02 4 1 600473
HEM02 4 2 600473
HEM02 4 3 600473
HEM02 4 4 600473
HEM03 1 1 600473
HEM03 1 2 600473
HEM03 1 3 600473
HEM03 1 4 600473
HEM03 2 1 600473
HEM03 2 2 600473
HEM03 2 3 600473
HEM03 2 4 600473
HEM03 3 1 600473
HEM03 3 2 600473
HEM03 3 3 600473
HEM03 3 4 600473
HEM03 4 1 600473
HEM03 4 2 600473
HEM03 4 3 600473
HEM03 4 4 600473
HEM04 1 1 600473
HEM04 1 2 600473
HEM04 1 3 600473
HEM04 1 4 600473
HEM04 2 1 600473
HEM04 2 2 600473
HEM04 2 3 600473
HEM04 2 4 600473
HEM04 3 1 600473
HEM04 3 2 600473
HEM04 3 3 600473
HEM04 3 4 600473
HEM04 4 1 600473
HEM04 4 2 600473
HEM04 4 3 600473
HEM04 4 4 600473
HEM05 1 1 600473
HEM05 1 2 600473
HEM05 1 3 600473
HEM05 1 4 600473
HEM05 2 1 600473
HEM05 2 2 600473
HEM05 2 3 600473
HEM05 2 4 600473
HEM05 3 1 600473
HEM05 3 2 600473
HEM05 3 3 600473
HEM05 3 4 600473
HEM05 4 1 600473
HEM05 4 2 600473
HEM05 4 3 600473
HEM05 4 4 600473
HEM06 1 1 600473
HEM06 1 2 600473
HEM06 1 3 600473
HEM06 1 4 600473
HEM06 2 1 600473
HEM06 2 2 600473
HEM06 2 3 600473
HEM06 2 4 600473
HEM06 3 1 600473
HEM06 3 2 600473
HEM06 3 3 600473
HEM06 3 4 600473
HEM06 4 1 600473
HEM06 4 2 600473
HEM06 4 3 600473
HEM06 4 4 600473
HEM07 1 1 600473
HEM07 1 2 600473
HEM07 1 3 600473
HEM07 1 4 600473
HEM07 2 1 600473
HEM07 2 2 600473
HEM07 2 3 600473
HEM07 2 4 600473
HEM07 3 1 600473
HEM07 3 2 600473
HEM07 3 3 600473
HEM07 3 4 600473
HEM07 4 1 600473
HEM07 4 2 600473
HEM07 4 3 600473
HEM07 4 4 600473
HEM08 1 1 600473
HEM08 1 2 600473
HEM08 1 3 600473
HEM08 1 4 600473
HEM08 2 1 600473
HEM08 2 2 600473
HEM08 2 3 600473
HEM08 2 4 600473
HEM08 3 1 600473
HEM08 3 2 600473
HEM08 3 3 600473
HEM08 3 4 600473
HEM08 4 1 600473
HEM08 4 2 600473
HEM08 4 3 600473
HEM08 4 4 600473
HEM09 1 1 600473
HEM09 1 2 600473
HEM09 1 3 600473
HEM09 1 4 600473
HEM09 2 1 600473
HEM09 2 2 600473
HEM09 2 3 600473
HEM09 2 4 600473
HEM09 3 1 600473
HEM09 3 2 600473
HEM09 3 3 600473
HEM09 3 4 600473
HEM09 4 1 600473
HEM09 4 2 600473
HEM09 4 3 600473
HEM09 4 4 600473
HEM10 1 1 600473
HEM10 1 2 600473
HEM10 1 3 600473
HEM10 1 4 600473
HEM10 2 1 600473
HEM10 2 2 600473
HEM10 2 3 600473
HEM10 2 4 600473
HEM10 3 1 600473
HEM10 3 2 600473
HEM10 3 3 600473
HEM10 3 4 600473
HEM10 4 1 600473
HEM10 4 2 600473
HEM10 4 3 600473
HEM10 4 4 600473
HEM11 1 1 600473
HEM11 1 2 600473
HEM11 1 3 600473
HEM11 1 4 600473
HEM11 2 1 600473
HEM11 2 2 600473
HEM11 2 3 600473
HEM11 2 4 600473
HEM11 3 1 600473
HEM11 3 2 600473
HEM11 3 3 600473
HEM11 3 4 600473
HEM11 4 1 600473
HEM11 4 2 600473
HEM11 4 3 600473
HEM11 4 4 600473
HEM12 1 1 600473
HEM12 1 2 600473
HEM12 1 3 600473
HEM12 1 4 600473
HEM12 2 1 600473
HEM12 2 2 600473
HEM12 2 3 600473
HEM12 2 4 600473
HEM12 3 1 600473
HEM12 3 2 600473
HEM12 3 3 600473
HEM12 3 4 600473
HEM12 4 1 600473
HEM12 4 2 600473
HEM12 4 3 600473
HEM12 4 4 600473
HEM13 1 1 600473
HEM13 1 2 600473
HEM13 1 3 600473
HEM13 1 4 600473
HEM13 2 1 600473
HEM13 2 2 600473
HEM13 2 3 600473
HEM13 2 4 600473
HEM13 3 1 600473
HEM13 3 2 600473
HEM13 3 3 600473
HEM13 3 4 600473
HEM13 4 1 600473
HEM13 4 2 600473
HEM13 4 3 600473
HEM13 4 4 600473
HEM14 1 1 600473
HEM14 1 2 600473
HEM14 1 3 600473
HEM14 1 4 600473
HEM14 2 1 600473
HEM14 2 2 600473
HEM14 2 3 600473
HEM14 2 4 600473
HEM14 3 1 600473
HEM14 3 2 600473
HEM14 3 3 600473
HEM14 3 4 600473
HEM14 4 1 600473
HEM14 4 2 600473
HEM14 4 3 600473
HEM14 4 4 600473
HEM15 1 1 600473
HEM15 1 2 600473
HEM15 1 3 600473
HEM15 1 4 600473
HEM15 2 1 600473
HEM15 2 2 600473
HEM15 2 3 600473
HEM15 2 4 600473
HEM15 3 1 600473
HEM15 3 2 600473
HEM15 3 3 600473
HEM15 3 4 600473
HEM15 4 1 600473
HEM15 4 2 600473
HEM15 4 3 600473
HEM15 4 4 600473
HEM16 1 1 600473
HEM16 1 2 600473
HEM16 1 3 600473
HEM16 1 4 600473
HEM16 2 1 600473
HEM16 2 2 600473
HEM16 2 3 600473
HEM16 2 4 600473
HEM16 3 1 600473
HEM16 3 2 600473
HEM16 3 3 600473
HEM16 3 4 600473
HEM16 4 1 600473
HEM16 4 2 600473
HEM16 4 3 600473
HEM16 4 4 600473
HEM17 1 1 600473
HEM17 1 2 600473
HEM17 1 3 600473
HEM17 1 4 600473
HEM17 2 1 600473
HEM17 2 2 600473
HEM17 2 3 600473
HEM17 2 4 600473
HEM17 3 1 600473
HEM17 3 2 600473
HEM17 3 3 600473
HEM17 3 4 600473
HEM17 4 1 600473
HEM17 4 2 600473
HEM17 4 3 600473
HEM17 4 4 600473
HEM18 1 1 600473
HEM18 1 2 600473
HEM18 1 3 600473
HEM18 1 4 600473
HEM18 2 1 600473
HEM18 2 2 600473
HEM18 2 3 600473
HEM18 2 4 600473
HEM18 3 1 600473
HEM18 3 2 600473
HEM18 3 3 600473
HEM18 3 4 600473
HEM18 4 1 600473
HEM18 4 2 600473
HEM18 4 3 600473
HEM18 4 4 600473
