 -1 71    0 CALIB_HB   -0.50000   -1.15454    5.87660  -96.86817   -0.50000    1.88057    0.54505   46.57540   -0.50000    0.75678    9.61171 -151.12733   -0.50000    0.88059    7.14791  -12.15239 0.05502 0.05656 0.05677 0.05656 0.05516 0.05641 0.05666 0.05657 0.05544 0.05657 0.05653 0.05644 0.05526 0.05642 0.05662 0.05625 
 -1 71    1 CALIB_HB   -0.50000   -2.95309   -6.95813  -94.86438   -0.50000   -1.63275   -9.06381   71.82144   -0.50000    0.26763  -13.22566 -208.46131   -0.50000   -1.98688    4.06356 -162.99449 0.05313 0.05417 0.05322 0.05190 0.05301 0.05369 0.05296 0.05167 0.05286 0.05361 0.05295 0.05175 0.05329 0.05376 0.05296 0.05178 
 -1 71    2 CALIB_HB   -0.50000   -0.47135   25.80740 -266.02835   -0.50000   -2.46448   17.55343 -118.44445   -0.50000   -2.28352   18.65328 -274.54506   -0.50000   -3.71257   14.63501 -225.12062 0.05270 0.05250 0.05208 0.05248 0.05261 0.05272 0.05207 0.05256 0.05279 0.05262 0.05209 0.05247 0.05258 0.05257 0.05220 0.05234 
 -1  3    0 CALIB_HB   -0.50000   -4.31237   -5.78766  -44.87615   -0.50000   -1.87381   -5.24197   44.66772   -0.50000   -3.41930   -1.01108   14.24525   -0.50000   -5.07622    6.03725 -114.55391 0.05479 0.05652 0.05567 0.05528 0.05500 0.05626 0.05548 0.05530 0.05519 0.05609 0.05560 0.05518 0.05465 0.05644 0.05542 0.05518 
 -1  3    1 CALIB_HB   -0.50000   -9.79873  -17.13990   85.63849   -0.50000   -8.32278  -24.12153  -16.53851   -0.50000   -7.49197   -1.10886   29.37200   -0.50000   -8.06830    0.97135 -129.72191 0.05686 0.05713 0.05614 0.05576 0.05697 0.05714 0.05590 0.05579 0.05691 0.05722 0.05583 0.05574 0.05648 0.05714 0.05587 0.05572 
 -1  3    2 CALIB_HB   -0.50000   -3.70061   19.80129  197.97288   -0.50000   -2.35636    1.32999  271.64844   -0.50000   -6.67142   -7.69241  277.38596   -0.50000   -6.63188  -30.21654  161.61750 0.05426 0.05503 0.05477 0.05521 0.05395 0.05485 0.05497 0.05502 0.05383 0.05518 0.05482 0.05489 0.05417 0.05515 0.05494 0.05515 
 -1  7    0 CALIB_HB   -0.50000   -6.27122   -5.62014  102.98761   -0.50000   -2.62366    2.66635  132.21234   -0.50000   -2.97895    4.37711   39.92589   -0.50000   -1.71420   13.67576  -13.23018 0.05115 0.05212 0.05154 0.04964 0.05135 0.05190 0.05133 0.04958 0.05110 0.05174 0.05130 0.04942 0.05131 0.05160 0.05124 0.04960 
 -1  7    1 CALIB_HB   -0.50000   -7.49576  -20.19715 -125.09477   -0.50000   -8.58251  -34.36702 -241.55702   -0.50000   -6.83550  -24.04251 -230.82731   -0.50000   -9.18313   -8.31297 -265.26451 0.05152 0.05139 0.05188 0.05080 0.05162 0.05113 0.05163 0.05081 0.05157 0.05128 0.05155 0.05071 0.05168 0.05132 0.05150 0.05075 
 -1  7    2 CALIB_HB   -0.50000  -14.10169  -17.65369  147.51184   -0.50000  -10.72702   -1.65109   34.90486   -0.50000   -8.22502   -7.62811   28.86872   -0.50000  -12.75155  -12.25545   83.12652 0.05258 0.05274 0.05187 0.05147 0.05204 0.05245 0.05184 0.05160 0.05232 0.05236 0.05196 0.05160 0.05236 0.05232 0.05183 0.05152 
 -1 11    0 CALIB_HB   -0.50000   -9.10668    9.68370  197.79107   -0.50000   -2.77566  -21.02173  121.04096   -0.50000   -3.54911   -3.42468  -79.72015   -0.50000   -3.72834    3.76721   66.24888 0.05158 0.05211 0.05209 0.05260 0.05156 0.05190 0.05206 0.05268 0.05162 0.05176 0.05186 0.05252 0.05135 0.05167 0.05185 0.05236 
 -1 11    1 CALIB_HB   -0.50000   -6.85190  -32.58890 -313.15354   -0.50000   -7.96330  -11.82026 -258.22737   -0.50000   -9.05338  -19.21671 -270.89543   -0.50000   -6.43903  -14.37813 -211.47941 0.05052 0.05181 0.05178 0.05125 0.05067 0.05155 0.05167 0.05129 0.05058 0.05151 0.05178 0.05134 0.05046 0.05142 0.05166 0.05110 
 -1 11    2 CALIB_HB   -0.50000   -1.45636   22.83540  170.99217   -0.50000    4.53477   29.23008  -47.41323   -0.50000    3.66002   11.22319   72.89161   -0.50000    1.15698   21.30199   60.58794 0.05274 0.05424 0.05353 0.05296 0.05262 0.05393 0.05353 0.05302 0.05275 0.05393 0.05357 0.05270 0.05276 0.05402 0.05351 0.05279 
 -1 15    0 CALIB_HB   -0.50000   -3.64199   12.72375  146.37889   -0.50000    2.03878   32.35723  152.50721   -0.50000   -0.06935   -3.87499  163.70857   -0.50000    2.85767    1.93206   79.51247 0.05521 0.05604 0.05545 0.05392 0.05552 0.05597 0.05531 0.05373 0.05498 0.05569 0.05540 0.05375 0.05506 0.05561 0.05537 0.05366 
 -1 15    1 CALIB_HB   -0.50000   -9.88946  -10.76290 -105.80061   -0.50000   -0.93712  -10.46511  -65.33942   -0.50000   -5.16857    3.10344   69.43659   -0.50000   -6.76600    2.12790  -16.71184 0.05454 0.05491 0.05437 0.05730 0.05459 0.05466 0.05416 0.05714 0.05480 0.05457 0.05412 0.05695 0.05450 0.05478 0.05403 0.05698 
 -1 15    2 CALIB_HB   -0.50000   -5.70195  -17.34029   75.36699   -0.50000   -5.45068    8.02704   23.25264   -0.50000   -3.00228   -9.76658   96.38723   -0.50000   -4.97958   11.92123  -50.39523 0.05429 0.05574 0.05397 0.05362 0.05432 0.05620 0.05414 0.05360 0.05392 0.05569 0.05395 0.05341 0.05416 0.05588 0.05380 0.05344 
 -1 19    0 CALIB_HB   -0.50000   -1.94878   -5.39231  296.78541   -0.50000    0.73540   16.11805  256.23578   -0.50000   -1.38139   20.16945   85.82503   -0.50000   -1.50569   13.10815   65.37225 0.05297 0.05331 0.05233 0.05186 0.05306 0.05327 0.05216 0.05187 0.05285 0.05339 0.05220 0.05182 0.05291 0.05316 0.05215 0.05169 
 -1 19    1 CALIB_HB   -0.50000   -4.11123  -22.30503 -331.09133   -0.50000   -7.65303  -16.83924 -150.13609   -0.50000   -7.42462  -14.86357 -178.31625   -0.50000   -7.99481  -16.71210 -383.42356 0.05223 0.05206 0.05244 0.05243 0.05191 0.05201 0.05231 0.05232 0.05202 0.05195 0.05224 0.05219 0.05197 0.05171 0.05218 0.05222 
 -1 19    2 CALIB_HB   -0.50000   -1.26093    6.65293  134.13367   -0.50000   -1.16454  -16.41312   11.15911   -0.50000   -1.12238    7.13618  118.74935   -0.50000    0.16311   38.26989   30.14597 0.05202 0.05356 0.05148 0.05083 0.05198 0.05364 0.05156 0.05076 0.05186 0.05352 0.05138 0.05081 0.05187 0.05320 0.05133 0.05080 
 -1 23    0 CALIB_HB   -0.50000   -5.93509  -17.43678  -98.41508   -0.50000   -1.36850  -24.68976  -39.52357   -0.50000   -8.39331  -20.47067   13.51921   -0.50000   -1.87344  -27.57531   62.19924 0.05338 0.05363 0.05410 0.05202 0.05305 0.05351 0.05408 0.05202 0.05279 0.05364 0.05391 0.05202 0.05299 0.05353 0.05386 0.05188 
 -1 23    1 CALIB_HB   -0.50000   -7.92568  -24.13411 -211.71386   -0.50000   -5.78570    3.30884 -315.78492   -0.50000   -5.38049   -9.03220 -301.04568   -0.50000   -4.04032  -30.55363 -325.44547 0.05261 0.05252 0.05343 0.05203 0.05257 0.05232 0.05318 0.05196 0.05258 0.05237 0.05305 0.05215 0.05240 0.05227 0.05323 0.05187 
 -1 23    2 CALIB_HB   -0.50000    0.46546   42.69322  205.67978   -0.50000   -3.70070   23.40468  151.91999   -0.50000    1.74285   41.91967  221.09179   -0.50000   -2.33357   27.78688  190.26939 0.05235 0.05285 0.05255 0.05101 0.05186 0.05312 0.05246 0.05093 0.05215 0.05294 0.05246 0.05097 0.05194 0.05294 0.05241 0.05090 
 -1 27    0 CALIB_HB   -0.50000   -8.30939  -20.22936    6.36366   -0.50000   -6.23534  -24.04018    0.64736   -0.50000   -6.37379  -13.56018  235.60554   -0.50000  -11.15444  -33.35716   46.11249 0.05412 0.05507 0.05439 0.05206 0.05433 0.05508 0.05448 0.05225 0.05379 0.05477 0.05427 0.05186 0.05407 0.05492 0.05444 0.05191 
 -1 27    1 CALIB_HB   -0.50000   -8.79914  -24.38124 -177.53039   -0.50000   -8.21655  -20.81946   34.19950   -0.50000   -6.45884  -29.71415 -100.33199   -0.50000   -5.83050  -33.76998  -88.89363 0.05286 0.05431 0.05406 0.05314 0.05295 0.05395 0.05396 0.05303 0.05283 0.05415 0.05395 0.05294 0.05269 0.05380 0.05384 0.05288 
 -1 27    2 CALIB_HB   -0.50000   -7.53001    2.05143  108.68263   -0.50000   -5.20809   20.01859   87.60281   -0.50000   -4.49100   26.76000  -26.68819   -0.50000   -5.28650   28.60036   78.99914 0.05358 0.05471 0.05457 0.05360 0.05356 0.05446 0.05423 0.05342 0.05348 0.05444 0.05428 0.05358 0.05350 0.05454 0.05410 0.05336 
 -1 31    0 CALIB_HB   -0.50000   -5.36495  -45.52243 -633.25539   -0.50000   -6.38325  -38.59940 -654.15611   -0.50000   -3.11742  -56.16227 -452.47372   -0.50000   -5.08757  -58.44220 -558.95236 0.05227 0.05259 0.05207 0.05114 0.05215 0.05244 0.05193 0.05090 0.05212 0.05229 0.05190 0.05090 0.05221 0.05236 0.05189 0.05085 
 -1 31    1 CALIB_HB   -0.50000   -2.70330  -48.43035 -100.69786   -0.50000   -6.64837  -40.39922  -71.74563   -0.50000   -4.78524  -33.54091  -77.76113   -0.50000   -6.18100  -37.82403 -122.61691 0.05218 0.05243 0.05214 0.05176 0.05197 0.05253 0.05195 0.05171 0.05212 0.05243 0.05179 0.05157 0.05197 0.05235 0.05200 0.05162 
 -1 31    2 CALIB_HB   -0.50000   -1.27546   11.97660 -106.83286   -0.50000   -3.86391    5.73891 -319.92127   -0.50000   -3.75005   -5.10046 -347.19600   -0.50000   -5.94837    1.41661 -334.85819 0.05089 0.05142 0.05096 0.05111 0.05087 0.05176 0.05084 0.05115 0.05103 0.05179 0.05085 0.05121 0.05072 0.05149 0.05091 0.05103 
 -1 35    0 CALIB_HB   -0.50000   -9.08307    3.64462  144.34350   -0.50000   -2.91696   -3.63019  189.62613   -0.50000   -5.33816    3.56885  108.12541   -0.50000   -2.58613   -4.82733  303.60216 0.05053 0.05122 0.04987 0.05001 0.05076 0.05094 0.04994 0.05002 0.05037 0.05070 0.04983 0.04980 0.05032 0.05069 0.04979 0.04968 
 -1 35    1 CALIB_HB   -0.50000   -4.42234    7.02468  -61.66845   -0.50000    2.11623  -29.22089 -134.03869   -0.50000   -2.07177   14.83563 -101.01648   -0.50000   -0.51003   -1.36176  -90.91540 0.05108 0.05242 0.05222 0.05292 0.05129 0.05217 0.05240 0.05289 0.05105 0.05182 0.05203 0.05268 0.05072 0.05203 0.05209 0.05263 
 -1 35    2 CALIB_HB   -0.50000   -6.66878  -30.80724 -290.50581   -0.50000   -7.42755  -67.27101 -299.32207   -0.50000   -9.56921  -44.95992 -250.57026   -0.50000  -10.25688  -42.52482 -330.89801 0.05271 0.05288 0.05330 0.05148 0.05247 0.05276 0.05316 0.05142 0.05221 0.05294 0.05295 0.05124 0.05226 0.05280 0.05303 0.05124 
 -1 39    0 CALIB_HB   -0.50000   -2.79814   -5.42446   47.52927   -0.50000    0.46970  -41.77539  -72.73146   -0.50000   -2.34097  -16.65904  -30.92007   -0.50000   -0.59012  -19.39418 -227.63892 0.05190 0.05284 0.05227 0.05160 0.05176 0.05263 0.05236 0.05170 0.05147 0.05286 0.05211 0.05161 0.05164 0.05281 0.05237 0.05148 
 -1 39    1 CALIB_HB   -0.50000   -5.07783    3.39462  -22.21701   -0.50000   -3.63122   -0.42785  -91.75480   -0.50000   -3.80326   18.26364  242.22128   -0.50000   -2.48974  -10.07697  118.63649 0.05185 0.05266 0.05148 0.05127 0.05176 0.05279 0.05158 0.05122 0.05169 0.05244 0.05116 0.05128 0.05151 0.05238 0.05120 0.05122 
 -1 39    2 CALIB_HB   -0.50000   -1.75919    9.57471   12.79894   -0.50000   -2.49353  -13.80482 -165.60934   -0.50000   -5.53059    8.59158  -88.79512   -0.50000   -0.31694    6.60638 -120.75306 0.05190 0.05271 0.05222 0.05173 0.05169 0.05275 0.05233 0.05152 0.05168 0.05275 0.05228 0.05133 0.05206 0.05258 0.05217 0.05134 
 -1 43    0 CALIB_HB   -0.50000   -6.51591  -36.78713   31.96880   -0.50000   -5.64355  -24.02111  -20.93705   -0.50000   -2.50104    9.40758  -27.40314   -0.50000   -4.33038    5.31343 -115.63174 0.05318 0.05262 0.05320 0.05359 0.05303 0.05285 0.05316 0.05374 0.05260 0.05233 0.05296 0.05364 0.05291 0.05266 0.05272 0.05366 
 -1 43    1 CALIB_HB   -0.50000   -9.33089   -7.95649 -347.04269   -0.50000   -6.49597  -29.71208 -267.22657   -0.50000   -8.92784  -21.95660 -380.66214   -0.50000  -12.27854  -35.91796 -295.43588 0.05200 0.05207 0.05158 0.05238 0.05191 0.05193 0.05144 0.05232 0.05193 0.05204 0.05149 0.05240 0.05192 0.05196 0.05147 0.05223 
 -1 43    2 CALIB_HB   -0.50000   -4.48442    6.04241    3.13781   -0.50000   -3.57224   14.29644  -41.66882   -0.50000   -2.87436   14.95912   -6.23311   -0.50000   -2.90960   26.21388  -50.75364 0.05374 0.05363 0.05291 0.05261 0.05369 0.05352 0.05296 0.05252 0.05394 0.05360 0.05275 0.05251 0.05348 0.05353 0.05278 0.05234 
 -1 47    0 CALIB_HB   -0.50000    2.64395  -15.07237   57.79336   -0.50000    1.41792    5.19790  -58.36195   -0.50000   -2.14426  -17.70992   19.85277   -0.50000   -3.45054   11.90006  103.40582 0.05378 0.05439 0.05384 0.05492 0.05414 0.05459 0.05378 0.05503 0.05404 0.05513 0.05375 0.05460 0.05405 0.05504 0.05373 0.05448 
 -1 47    1 CALIB_HB   -0.50000   -2.34802   23.61668  486.78724   -0.50000    0.53668   44.51367  290.45348   -0.50000    0.86584   43.54023  330.64238   -0.50000   -0.37030   47.37195  300.92763 0.05265 0.05413 0.05339 0.05337 0.05285 0.05399 0.05314 0.05344 0.05275 0.05385 0.05324 0.05332 0.05284 0.05386 0.05314 0.05332 
 -1 47    2 CALIB_HB   -0.50000   -3.95792    6.83207  342.31582   -0.50000    1.84364   17.55201  165.34778   -0.50000   -6.35089   32.20808  148.07403   -0.50000   -1.35192   23.84269  210.08474 0.05552 0.05669 0.05571 0.05558 0.05531 0.05625 0.05586 0.05568 0.05535 0.05651 0.05567 0.05562 0.05536 0.05625 0.05542 0.05567 
 -1 51    0 CALIB_HB   -0.50000   -5.99615   -4.21333  146.69997   -0.50000   -4.27209    0.45658  174.39929   -0.50000   -5.44221    7.15169  264.49785   -0.50000   -3.08076   -6.40201   59.55699 0.05108 0.05322 0.05129 0.05040 0.05116 0.05285 0.05151 0.05038 0.05122 0.05308 0.05128 0.05028 0.05095 0.05288 0.05121 0.05020 
 -1 51    1 CALIB_HB   -0.50000   -7.45363   -1.82394  104.46352   -0.50000   -8.01651   19.39787   14.33374   -0.50000   -3.80370   16.20515   -4.70657   -0.50000   -5.51974    5.24802  133.42710 0.05135 0.05144 0.05196 0.05117 0.05134 0.05126 0.05181 0.05129 0.05107 0.05095 0.05153 0.05104 0.05134 0.05099 0.05179 0.05114 
 -1 51    2 CALIB_HB   -0.50000   -6.36514  -12.11979  -43.80658   -0.50000   -6.38252  -19.28223   95.34290   -0.50000   -2.45979    2.85119   67.89873   -0.50000   -5.49476   -0.37774  158.97013 0.05301 0.05326 0.05247 0.05404 0.05279 0.05326 0.05235 0.05368 0.05270 0.05293 0.05230 0.05386 0.05273 0.05305 0.05212 0.05368 
 -1 55    0 CALIB_HB   -0.50000   -2.98429  -29.77603 -362.78905   -0.50000   -1.75245    5.53480 -324.61203   -0.50000   -0.24393  -36.39289 -322.19888   -0.50000   -0.59143  -22.16782 -403.24302 0.05517 0.05535 0.05480 0.05611 0.05479 0.05522 0.05460 0.05598 0.05474 0.05522 0.05469 0.05597 0.05474 0.05511 0.05459 0.05584 
 -1 55    1 CALIB_HB   -0.50000   -2.17314  -32.61683 -260.11750   -0.50000    2.83833  -16.36306 -169.32995   -0.50000   -0.98603   -7.82736  -69.35219   -0.50000   -1.86485  -17.24908 -116.46096 0.05473 0.05624 0.05512 0.05585 0.05473 0.05636 0.05491 0.05560 0.05469 0.05600 0.05493 0.05552 0.05444 0.05630 0.05478 0.05542 
 -1 55    2 CALIB_HB   -0.50000   -8.78850  -29.07209  149.99722   -0.50000   -4.68844  -12.41285  -94.34178   -0.50000   -2.38457    5.17631  -42.88629   -0.50000   -4.54069  -12.93238  112.43117 0.05546 0.05579 0.05608 0.05621 0.05543 0.05545 0.05606 0.05613 0.05528 0.05523 0.05569 0.05599 0.05537 0.05526 0.05589 0.05585 
 -1 59    0 CALIB_HB   -0.50000   -1.82025    8.84257   88.94394   -0.50000   -0.10746    6.85299    6.97796   -0.50000   -2.92696  -14.47727  101.79830   -0.50000   -2.46018   -9.27257  124.70321 0.05088 0.05167 0.05043 0.05158 0.05079 0.05186 0.05051 0.05171 0.05099 0.05181 0.05054 0.05157 0.05067 0.05182 0.05044 0.05145 
 -1 59    1 CALIB_HB   -0.50000    0.12792    2.48132  208.42375   -0.50000    0.37998    6.41420  298.83170   -0.50000   -1.52454    2.64307  172.11427   -0.50000   -0.70221   18.21589  294.32009 0.05059 0.05177 0.05192 0.05087 0.05048 0.05163 0.05185 0.05089 0.05054 0.05161 0.05167 0.05085 0.05034 0.05161 0.05161 0.05090 
 -1 59    2 CALIB_HB   -0.50000    3.44356   17.25644  311.26552   -0.50000    4.03709   36.26862  389.18736   -0.50000    4.22292   29.20134  278.65752   -0.50000   -0.00498   25.32705  339.17359 0.05058 0.05194 0.05103 0.04998 0.05056 0.05192 0.05093 0.04993 0.05053 0.05185 0.05103 0.05009 0.05082 0.05198 0.05087 0.04998 
 -1 63    0 CALIB_HB   -0.50000  -10.70078  -27.94354 -346.64571   -0.50000  -10.24165  -14.89257 -162.46044   -0.50000   -9.36732  -38.38687 -162.97481   -0.50000   -9.60804  -38.87292 -254.72953 0.05330 0.05390 0.05348 0.05244 0.05310 0.05379 0.05329 0.05228 0.05324 0.05376 0.05337 0.05222 0.05316 0.05378 0.05337 0.05219 
 -1 63    1 CALIB_HB   -0.50000   -6.32338  -20.06991  180.32935   -0.50000   -5.36470  -23.95367  116.51548   -0.50000   -8.52069   -4.41049   15.40563   -0.50000   -8.60692  -14.59771  156.50585 0.05103 0.05118 0.05172 0.05077 0.05117 0.05107 0.05152 0.05085 0.05111 0.05111 0.05146 0.05064 0.05079 0.05112 0.05130 0.05073 
 -1 63    2 CALIB_HB   -0.50000   -2.38814  -25.98039   57.33078   -0.50000   -4.59616  -12.72602 -135.79286   -0.50000   -3.67446   -9.55591 -160.36375   -0.50000   -2.58674    8.42250 -255.82824 0.05115 0.05165 0.05171 0.04937 0.05120 0.05176 0.05166 0.04935 0.05112 0.05163 0.05154 0.04933 0.05087 0.05144 0.05154 0.04930 
 -1 67    0 CALIB_HB   -0.50000   -0.87920  -44.27035   91.72188   -0.50000   -1.04516  -28.49166  183.90478   -0.50000   -3.79694  -16.33053   73.20096   -0.50000   -0.60663    3.97973  336.28436 0.05401 0.05504 0.05339 0.05359 0.05440 0.05533 0.05323 0.05354 0.05387 0.05477 0.05330 0.05350 0.05367 0.05487 0.05314 0.05341 
 -1 67    1 CALIB_HB   -0.50000    2.40649    5.60783 -110.89890   -0.50000    1.48325   14.66041 -102.78793   -0.50000    5.30828    2.12695  145.99405   -0.50000   -0.00170    0.80458   81.57026 0.05323 0.05474 0.05434 0.05433 0.05326 0.05470 0.05412 0.05418 0.05313 0.05477 0.05410 0.05419 0.05322 0.05475 0.05412 0.05428 
 -1 67    2 CALIB_HB   -0.50000    0.45488  -18.60058 -159.36993   -0.50000   -7.48635  -13.86998 -242.94307   -0.50000   -5.04775  -32.39161 -152.18055   -0.50000   -5.19533  -13.85540 -152.88234 0.05449 0.05518 0.05442 0.05388 0.05421 0.05568 0.05441 0.05398 0.05450 0.05553 0.05424 0.05383 0.05409 0.05523 0.05440 0.05377 
  1 71    0 CALIB_HB   -0.50000   -4.28802  -11.73386  -60.46588   -0.50000   -1.63547  -42.18384 -339.17886   -0.50000   -4.07653  -30.55400 -137.21900   -0.50000   -4.68140  -39.78499 -262.46180 0.05473 0.05539 0.05487 0.05426 0.05421 0.05537 0.05503 0.05420 0.05469 0.05531 0.05505 0.05429 0.05434 0.05536 0.05505 0.05419 
  1 71    1 CALIB_HB   -0.50000   -2.20017  -15.12033  107.17703   -0.50000   -6.45720   16.53985 -105.47618   -0.50000   -1.22178   -0.35367  -66.81208   -0.50000   -3.19496   -5.99810   -4.05422 0.05326 0.05411 0.05263 0.05306 0.05313 0.05435 0.05229 0.05304 0.05282 0.05392 0.05238 0.05298 0.05303 0.05416 0.05239 0.05306 
  1 71    2 CALIB_HB   -0.50000   -6.79960  -26.84638   63.20443   -0.50000   -5.73520    2.10135  128.92417   -0.50000   -7.35194  -24.90141   55.77540   -0.50000    0.06172    1.07474  132.11439 0.05410 0.05447 0.05549 0.05393 0.05388 0.05482 0.05525 0.05420 0.05389 0.05463 0.05537 0.05417 0.05394 0.05446 0.05513 0.05401 
  1  3    0 CALIB_HB   -0.50000   -5.32211   -8.84632  111.58389   -0.50000   -5.12441   -1.05049  108.48154   -0.50000   -6.22805   -4.98076   37.41156   -0.50000   -8.04205  -23.07698  -63.52260 0.05123 0.05184 0.05013 0.05002 0.05130 0.05188 0.04988 0.04989 0.05120 0.05190 0.04996 0.04986 0.05101 0.05179 0.04986 0.04988 
  1  3    1 CALIB_HB   -0.50000   -4.56102  -27.52928  -88.90881   -0.50000   -6.72440  -25.20702 -279.99240   -0.50000   -1.38663   -6.78679 -267.90107   -0.50000   -0.19104  -27.59975 -384.78208 0.05072 0.05245 0.05123 0.05195 0.05083 0.05223 0.05109 0.05186 0.05084 0.05211 0.05105 0.05190 0.05076 0.05179 0.05115 0.05169 
  1  3    2 CALIB_HB   -0.50000   -8.37267    8.48841 -125.62951   -0.50000   -7.75720    9.17666   72.87570   -0.50000   -5.42021    1.65239   53.87729   -0.50000   -6.78337   -5.70371  132.51383 0.05118 0.05081 0.05084 0.04988 0.05097 0.05088 0.05067 0.04962 0.05108 0.05075 0.05068 0.04983 0.05137 0.05064 0.05069 0.04971 
  1  7    0 CALIB_HB   -0.50000   -1.52923  -18.66880   71.68632   -0.50000   -2.62333   -1.99785  153.03507   -0.50000   -1.94079   24.90496   77.74355   -0.50000   -0.37732    2.78704   60.10490 0.05495 0.05581 0.05416 0.05291 0.05502 0.05571 0.05408 0.05278 0.05475 0.05534 0.05402 0.05298 0.05495 0.05543 0.05391 0.05271 
  1  7    1 CALIB_HB   -0.50000   -5.16907  -15.81897 -104.99072   -0.50000   -4.31486    5.06614  -76.57875   -0.50000   -4.30917   -9.86516   14.67970   -0.50000   -3.99660  -19.38513 -153.05043 0.05599 0.05616 0.05502 0.05462 0.05572 0.05581 0.05487 0.05466 0.05567 0.05590 0.05474 0.05448 0.05564 0.05593 0.05478 0.05439 
  1  7    2 CALIB_HB   -0.50000   -1.28424   -4.57935  155.18196   -0.50000   -5.49154   12.16973  147.94641   -0.50000   -3.49725   17.93335  194.85796   -0.50000   -6.05886   -7.57397  164.62526 0.05458 0.05445 0.05462 0.05546 0.05446 0.05456 0.05430 0.05546 0.05452 0.05458 0.05442 0.05545 0.05449 0.05453 0.05443 0.05546 
  1 11    0 CALIB_HB   -0.50000   -3.64064  -50.87056 -215.35209   -0.50000   -5.63458  -16.36891   47.69859   -0.50000   -8.61260  -33.60912 -220.09329   -0.50000   -7.74479  -30.71776 -146.44013 0.05069 0.05085 0.05045 0.05081 0.05083 0.05118 0.05029 0.05073 0.05050 0.05098 0.05024 0.05051 0.05073 0.05099 0.05019 0.05051 
  1 11    1 CALIB_HB   -0.50000   -2.59270  -22.35579   -0.43850   -0.50000   -5.97286   -4.88801 -134.63124   -0.50000   -2.59157  -26.12402   10.26434   -0.50000   -7.56817   -3.59529 -152.52636 0.05142 0.05201 0.05339 0.05094 0.05138 0.05216 0.05333 0.05110 0.05147 0.05192 0.05324 0.05092 0.05135 0.05185 0.05322 0.05090 
  1 11    2 CALIB_HB   -0.50000    4.56093    0.10641  161.79201   -0.50000    5.49344   25.12559    2.98490   -0.50000   -1.51621   17.07230   95.50161   -0.50000    4.26479    6.58808 -113.54660 0.05164 0.05257 0.05206 0.05158 0.05149 0.05255 0.05197 0.05160 0.05140 0.05277 0.05183 0.05155 0.05146 0.05251 0.05187 0.05140 
  1 15    0 CALIB_HB   -0.50000   -3.38070  -28.72661 -115.59850   -0.50000   -5.79002  -38.57666 -100.13421   -0.50000   -0.81166  -20.98246  -90.78635   -0.50000   -6.31636    7.00545  -74.98117 0.05450 0.05583 0.05444 0.05224 0.05436 0.05581 0.05437 0.05211 0.05440 0.05547 0.05422 0.05201 0.05434 0.05617 0.05423 0.05213 
  1 15    1 CALIB_HB   -0.50000   -1.48718    0.28561  140.64883   -0.50000    0.54875   19.23752   73.97489   -0.50000   -5.93235    4.11860  -10.76847   -0.50000   -5.63327    5.26988  102.89548 0.05471 0.05518 0.05696 0.05481 0.05449 0.05512 0.05699 0.05458 0.05439 0.05529 0.05697 0.05455 0.05462 0.05532 0.05682 0.05447 
  1 15    2 CALIB_HB   -0.50000   -7.35406  -30.99490 -226.68949   -0.50000   -2.31656  -39.87263  -95.28386   -0.50000   -4.31017  -20.40887 -210.55154   -0.50000   -5.37995   -0.75985  -10.67877 0.05456 0.05469 0.05503 0.05489 0.05423 0.05427 0.05494 0.05483 0.05422 0.05464 0.05469 0.05482 0.05428 0.05425 0.05457 0.05459 
  1 19    0 CALIB_HB   -0.50000   -8.10599  -42.73386 -308.30170   -0.50000   -6.49216  -31.29870 -233.01263   -0.50000   -9.26801  -37.42914 -135.86774   -0.50000   -7.28514  -34.73243 -181.96141 0.05224 0.05236 0.05173 0.05209 0.05212 0.05237 0.05172 0.05206 0.05186 0.05234 0.05164 0.05191 0.05198 0.05204 0.05160 0.05198 
  1 19    1 CALIB_HB   -0.50000   -3.06265  -34.99262 -178.40120   -0.50000   -1.95519  -35.52640 -126.53340   -0.50000   -4.40701  -39.38840 -290.62079   -0.50000   -3.94119  -17.08076 -211.31301 0.05213 0.05251 0.05226 0.05232 0.05194 0.05232 0.05228 0.05227 0.05193 0.05226 0.05214 0.05231 0.05195 0.05226 0.05205 0.05210 
  1 19    2 CALIB_HB   -0.50000   -4.27711   13.23285   67.57005   -0.50000   -4.90056  -10.47768   95.37174   -0.50000   -2.04458    5.35906  136.69731   -0.50000   -3.04733  -15.46914   61.33700 0.05113 0.05158 0.05063 0.05055 0.05115 0.05138 0.05056 0.05046 0.05105 0.05115 0.05054 0.05033 0.05116 0.05123 0.05045 0.05025 
  1 23    0 CALIB_HB   -0.50000    1.52121   -7.27246   55.63518   -0.50000   -5.44382  -11.17877   90.86448   -0.50000   -0.90856   -9.42785   92.09673   -0.50000   -4.59681  -16.90042   55.43412 0.05326 0.05364 0.05219 0.05332 0.05317 0.05395 0.05205 0.05339 0.05298 0.05366 0.05213 0.05315 0.05310 0.05374 0.05220 0.05311 
  1 23    1 CALIB_HB   -0.50000    1.18317   -4.56211  272.73887   -0.50000    2.23190   13.75089  179.27440   -0.50000    2.41122   26.80290  239.54162   -0.50000    1.53480   27.52942  186.90631 0.05305 0.05414 0.05357 0.05223 0.05292 0.05394 0.05353 0.05236 0.05271 0.05386 0.05303 0.05225 0.05265 0.05379 0.05308 0.05209 
  1 23    2 CALIB_HB   -0.50000  -10.19398  -10.91964 -183.64049   -0.50000   -7.79633  -15.83883 -130.73295   -0.50000   -9.01444  -16.26219 -192.15983   -0.50000   -9.75854  -45.63970 -220.04351 0.05376 0.05444 0.05489 0.05346 0.05348 0.05417 0.05485 0.05337 0.05360 0.05422 0.05493 0.05344 0.05385 0.05412 0.05497 0.05335 
  1 27    0 CALIB_HB   -0.50000   -5.65511   -7.07437  200.85607   -0.50000   -4.71328   -0.59529  215.02526   -0.50000   -5.65308   11.90109  316.06634   -0.50000   -3.56219   30.61704  306.02834 0.05176 0.05188 0.05159 0.05249 0.05151 0.05180 0.05175 0.05246 0.05119 0.05171 0.05152 0.05236 0.05114 0.05166 0.05156 0.05230 
  1 27    1 CALIB_HB   -0.50000  -10.21045  -46.70889 -190.34532   -0.50000   -8.04094   -6.79265   -7.18623   -0.50000   -4.74161  -15.49347 -127.76720   -0.50000   -5.06289  -32.50931 -148.64770 0.05188 0.05218 0.05290 0.05238 0.05181 0.05217 0.05278 0.05226 0.05173 0.05220 0.05245 0.05235 0.05179 0.05205 0.05249 0.05208 
  1 27    2 CALIB_HB   -0.50000   -2.46672  -11.13258  218.44329   -0.50000   -1.05505  -17.83886  -48.00016   -0.50000   -3.10434  -25.42866   83.03941   -0.50000   -0.06535   -3.95370   67.66990 0.05210 0.05301 0.05184 0.05167 0.05174 0.05303 0.05185 0.05156 0.05187 0.05272 0.05188 0.05162 0.05184 0.05290 0.05174 0.05156 
  1 31    0 CALIB_HB   -0.50000   -9.96541  -64.42429 -341.05771   -0.50000   -8.89972  -30.53234 -181.82714   -0.50000   -6.87245  -34.76697 -219.10459   -0.50000   -9.18974  -49.61775 -284.91699 0.05249 0.05344 0.05251 0.05172 0.05223 0.05334 0.05255 0.05185 0.05217 0.05329 0.05240 0.05158 0.05244 0.05347 0.05239 0.05158 
  1 31    1 CALIB_HB   -0.50000   -7.73597  -17.14349   38.70744   -0.50000   -5.99687   -3.05289   87.37051   -0.50000   -5.88461   -4.76567   36.30142   -0.50000   -7.36873    0.79171  -46.71456 0.05432 0.05527 0.05480 0.05587 0.05432 0.05520 0.05465 0.05597 0.05407 0.05500 0.05434 0.05565 0.05409 0.05523 0.05433 0.05571 
  1 31    2 CALIB_HB   -0.50000   -6.41148    3.20234   45.92737   -0.50000   -7.05746  -13.57662  102.69551   -0.50000   -3.07969   23.82659  -36.14446   -0.50000   -5.50381  -13.46018  143.88730 0.05370 0.05397 0.05412 0.05389 0.05381 0.05415 0.05423 0.05377 0.05368 0.05374 0.05388 0.05365 0.05373 0.05386 0.05397 0.05360 
  1 35    0 CALIB_HB   -0.50000   -2.26944  -11.67723  -74.97075   -0.50000   -3.72967  -18.27883  -78.66402   -0.50000   -3.66682   -7.17021 -220.70650   -0.50000   -0.64942  -16.41022  -46.60824 0.05423 0.05548 0.05498 0.05607 0.05400 0.05554 0.05464 0.05596 0.05388 0.05535 0.05454 0.05611 0.05405 0.05526 0.05455 0.05595 
  1 35    1 CALIB_HB   -0.50000   -6.94607  -14.15483 -102.62740   -0.50000   -5.42714  -10.36913 -183.24977   -0.50000   -5.16395   -5.57673 -313.03544   -0.50000   -8.30545    4.17592 -102.16226 0.05332 0.05326 0.05302 0.05433 0.05312 0.05328 0.05305 0.05424 0.05300 0.05312 0.05281 0.05420 0.05300 0.05317 0.05281 0.05405 
  1 35    2 CALIB_HB   -0.50000   -1.17710  -19.33320   83.72358   -0.50000   -1.27404  -21.67133  122.79653   -0.50000    1.16151   -5.59371   15.91424   -0.50000   -1.50264   12.43593   47.21868 0.05369 0.05577 0.05496 0.05408 0.05390 0.05578 0.05476 0.05412 0.05380 0.05566 0.05486 0.05411 0.05357 0.05542 0.05470 0.05402 
  1 39    0 CALIB_HB   -0.50000    6.24529   39.65137  269.81063   -0.50000    3.02339   54.38150  424.67161   -0.50000    2.41566   18.88037  371.85584   -0.50000    5.33530   18.75402  381.93203 0.05317 0.05463 0.05367 0.05334 0.05294 0.05462 0.05336 0.05329 0.05324 0.05456 0.05365 0.05339 0.05318 0.05440 0.05357 0.05314 
  1 39    1 CALIB_HB   -0.50000   -3.70044   38.35838   82.05691   -0.50000   -2.13805   27.11714  132.50612   -0.50000   -2.63060   22.61044  190.97534   -0.50000   -2.93436   32.24715  105.62568 0.05342 0.05391 0.05466 0.05372 0.05335 0.05370 0.05467 0.05373 0.05327 0.05374 0.05460 0.05344 0.05316 0.05344 0.05445 0.05352 
  1 39    2 CALIB_HB   -0.50000   -1.04155   -5.69958  -48.20854   -0.50000   -5.28568  -16.90839 -189.32494   -0.50000   -2.02242  -34.58011  -78.13838   -0.50000   -2.87604  -18.70423  -94.18466 0.05361 0.05428 0.05265 0.05249 0.05355 0.05450 0.05265 0.05249 0.05360 0.05443 0.05279 0.05256 0.05338 0.05440 0.05271 0.05249 
  1 43    0 CALIB_HB   -0.50000    4.64429    2.21280  469.45969   -0.50000    0.95660  -11.13250  418.38745   -0.50000    5.64891   10.18662  534.41161   -0.50000   -2.09846   17.76882  477.82141 0.05476 0.05635 0.05386 0.05315 0.05458 0.05623 0.05391 0.05319 0.05443 0.05624 0.05369 0.05278 0.05440 0.05646 0.05383 0.05282 
  1 43    1 CALIB_HB   -0.50000    0.39327   17.49159  146.90576   -0.50000   -2.55827   28.62422   33.94906   -0.50000    4.13177   28.48136   78.62242   -0.50000    1.47823   18.58886  201.94251 0.05330 0.05433 0.05429 0.05454 0.05329 0.05432 0.05423 0.05434 0.05313 0.05387 0.05434 0.05442 0.05333 0.05393 0.05435 0.05447 
  1 43    2 CALIB_HB   -0.50000    0.98448   19.02924   10.77993   -0.50000   -5.23286    5.04210  -50.36778   -0.50000   -1.66958   18.15489   68.77891   -0.50000   -6.07404   19.42229  136.62905 0.05528 0.05531 0.05592 0.05476 0.05537 0.05553 0.05587 0.05478 0.05508 0.05543 0.05580 0.05454 0.05485 0.05548 0.05555 0.05463 
  1 47    0 CALIB_HB   -0.50000   -4.13524    2.03620 -154.24667   -0.50000   -5.20709   16.84002 -150.96990   -0.50000   -5.11767    8.91496 -139.22317   -0.50000   -3.46762    1.53009  -72.10703 0.05305 0.05404 0.05314 0.05337 0.05310 0.05419 0.05296 0.05328 0.05308 0.05404 0.05301 0.05344 0.05321 0.05387 0.05287 0.05325 
  1 47    1 CALIB_HB   -0.50000   -5.06916   -0.10828  541.48694   -0.50000   -1.46928   28.77959  495.21693   -0.50000   -0.03736    4.51953  477.49890   -0.50000   -2.05132   15.07066  451.08894 0.05335 0.05418 0.05393 0.05520 0.05355 0.05439 0.05378 0.05521 0.05315 0.05393 0.05374 0.05524 0.05342 0.05412 0.05361 0.05527 
  1 47    2 CALIB_HB   -0.50000   -3.44507   -8.42497  164.83414   -0.50000   -2.36705  -17.91869    8.86929   -0.50000   -3.23184    4.66303   -0.68456   -0.50000   -0.98340    9.21991  -82.26113 0.05459 0.05586 0.05473 0.05530 0.05469 0.05557 0.05484 0.05537 0.05501 0.05559 0.05472 0.05513 0.05449 0.05537 0.05452 0.05500 
  1 51    0 CALIB_HB   -0.50000   -5.63321   -9.85808 -169.26689   -0.50000   -3.83693   -3.58594   51.68483   -0.50000   -1.43782   -6.93335 -169.84335   -0.50000   -4.47184   -3.78712  -46.30325 0.05539 0.05605 0.05662 0.05542 0.05536 0.05583 0.05650 0.05534 0.05516 0.05581 0.05631 0.05543 0.05530 0.05599 0.05632 0.05536 
  1 51    1 CALIB_HB   -0.50000   -2.31031   21.40311   36.82964   -0.50000   -3.13766   27.39644  -55.32671   -0.50000   -3.10865    3.95536  -91.52841   -0.50002   -1.26287   24.14110  152.80176 0.05413 0.05387 0.05466 0.05306 0.05418 0.05370 0.05454 0.05306 0.05376 0.05400 0.05451 0.05285 0.05376 0.05378 0.05444 0.05283 
  1 51    2 CALIB_HB   -0.50000    2.18238  -11.70247   51.37897   -0.50000    6.94986    4.08069  137.21796   -0.50000    5.86196   -2.71605   81.81321   -0.50000    4.57027    9.64440  143.38037 0.05417 0.05573 0.05501 0.05514 0.05407 0.05562 0.05484 0.05505 0.05414 0.05553 0.05473 0.05508 0.05404 0.05566 0.05482 0.05513 
  1 55    0 CALIB_HB   -0.50000   -9.47400  -23.69028   39.93530   -0.50000   -9.09834  -19.93628   14.71587   -0.50000   -7.67980  -35.69166 -183.63257   -0.50000   -6.96380   -9.26956  123.79726 0.05105 0.05171 0.04981 0.05077 0.05091 0.05152 0.04968 0.05056 0.05083 0.05155 0.04970 0.05068 0.05103 0.05158 0.04965 0.05055 
  1 55    1 CALIB_HB   -0.50000   -4.07092    7.00536  319.62970   -0.50000   -7.58677  -12.01631  117.69707   -0.50000   -8.42749   27.25692  131.65050   -0.50000   -5.80420   15.72852  245.46943 0.05089 0.05126 0.05171 0.05126 0.05057 0.05125 0.05172 0.05117 0.05101 0.05126 0.05134 0.05122 0.05046 0.05123 0.05138 0.05106 
  1 55    2 CALIB_HB   -0.50000   -7.38196  -27.79663  195.28911   -0.50000   -3.90310  -11.91525   99.67024   -0.50000   -5.01752    6.41334   -3.87319   -0.50000   -3.97151    7.01003  208.68267 0.05103 0.05160 0.05126 0.05208 0.05094 0.05134 0.05120 0.05214 0.05102 0.05154 0.05123 0.05193 0.05104 0.05133 0.05106 0.05199 
  1 59    0 CALIB_HB   -0.50000   -2.12770   33.42588  398.07754   -0.50000   -0.74135   -5.42309  412.86759   -0.50000    1.87841   35.37852  434.97486   -0.50000   -1.34439   12.78258  299.02827 0.05270 0.05320 0.05150 0.05285 0.05247 0.05298 0.05143 0.05267 0.05288 0.05288 0.05124 0.05243 0.05246 0.05302 0.05141 0.05246 
  1 59    1 CALIB_HB   -0.50000   -9.50730   -9.65389 -197.88044   -0.50000   -6.87440   -3.88990 -175.95037   -0.50000   -7.91412  -14.10373   79.48832   -0.50000   -9.95431  -17.79389 -228.98918 0.05338 0.05291 0.05252 0.05276 0.05297 0.05282 0.05236 0.05272 0.05309 0.05298 0.05231 0.05262 0.05299 0.05282 0.05215 0.05271 
  1 59    2 CALIB_HB   -0.50000    0.50514   30.74190   94.45588   -0.50000    0.51489   22.43633  285.59760   -0.50000    3.22362   32.85814   94.17172   -0.50000    3.68407   15.67137  -94.23576 0.05189 0.05333 0.05278 0.05181 0.05160 0.05331 0.05286 0.05185 0.05165 0.05311 0.05287 0.05179 0.05171 0.05295 0.05244 0.05172 
  1 63    0 CALIB_HB   -0.50000   -9.01428  -36.21165 -230.84720   -0.50000   -7.74182   -3.15202 -347.65552   -0.50000   -9.72651  -68.47540 -218.44575   -0.50000   -6.42450  -53.33059 -378.20615 0.05411 0.05407 0.05383 0.05407 0.05394 0.05371 0.05349 0.05402 0.05393 0.05402 0.05372 0.05396 0.05410 0.05370 0.05377 0.05393 
  1 63    1 CALIB_HB   -0.50000   -5.34071  -26.89450   61.66957   -0.50000   -4.75274  -27.35812 -195.24692   -0.50000   -2.83594  -17.59666 -165.22177   -0.50000   -2.97686  -41.42613 -185.06161 0.05439 0.05478 0.05457 0.05271 0.05433 0.05452 0.05432 0.05298 0.05440 0.05434 0.05420 0.05281 0.05424 0.05431 0.05418 0.05287 
  1 63    2 CALIB_HB   -0.50000   -7.62856  -44.96499  -75.48284   -0.50000   -7.76482  -56.98198 -328.69920   -0.50000   -7.16386  -24.38550 -237.49416   -0.50000   -9.60791  -26.35079  -68.68508 0.05494 0.05563 0.05539 0.05367 0.05458 0.05589 0.05533 0.05388 0.05456 0.05570 0.05520 0.05384 0.05450 0.05563 0.05498 0.05359 
  1 67    0 CALIB_HB   -0.50000   -1.44288    4.37960  411.61340   -0.50000   -4.24844   26.98341 -259.20186   -0.50000   -1.34218   23.89980  407.46844   -0.50000   -5.08389    5.63260  292.46343 0.05289 0.05396 0.05317 0.05451 0.05268 0.05406 0.05297 0.05467 0.05261 0.05386 0.05306 0.05433 0.05259 0.05381 0.05310 0.05441 
  1 67    1 CALIB_HB   -0.50000    2.38537   40.40342  427.39360   -0.50000    7.22932   40.40197  462.84231   -0.50000   -0.36675   29.45133  465.60037   -0.50000    0.39478   62.87354  493.92581 0.05333 0.05462 0.05531 0.05349 0.05310 0.05432 0.05520 0.05341 0.05335 0.05460 0.05533 0.05335 0.05327 0.05452 0.05504 0.05328 
  1 67    2 CALIB_HB   -0.50000   -3.53871   10.94530  327.29969   -0.50000   -2.25162   -5.29962  145.56339   -0.50000   -5.91395   -7.85219  160.75191   -0.50000   -7.62640    0.62152  151.65994 0.05369 0.05409 0.05476 0.05399 0.05360 0.05375 0.05474 0.05394 0.05371 0.05411 0.05478 0.05399 0.05346 0.05399 0.05460 0.05389 
