 -1 71    0 CALIB_HB   -0.50000   -1.42528    5.87660  -96.86817   -0.50000    1.33757    0.54505   46.57540   -0.50000    2.54368    9.61171 -151.12733   -0.50000    2.02983    7.14791  -12.15239 0.31959 0.32388 0.32586 0.32464 0.31793 0.32305 0.32524 0.32470 0.31891 0.32278 0.32446 0.32394 0.31719 0.32128 0.32499 0.32287 
 -1 71    1 CALIB_HB   -0.50000   -1.46909   -6.95813  -94.86438   -0.50000   -2.71862   -9.06381   71.82144   -0.50000   -0.62661  -13.22566 -208.46131   -0.50000   -2.84589    4.06356 -162.99449 0.30907 0.31664 0.31129 0.30359 0.30873 0.31686 0.30978 0.30224 0.30817 0.31615 0.30973 0.30270 0.30828 0.31694 0.30977 0.30285 
 -1 71    2 CALIB_HB   -0.50000   -2.58355   25.80740 -266.02835   -0.50000   -3.93571   17.55343 -118.44445   -0.50000   -1.79554   18.65328 -274.54506   -0.50000   -5.01697   14.63501 -225.12062 0.30756 0.31018 0.30508 0.30746 0.30604 0.31049 0.30503 0.30793 0.30714 0.30934 0.30515 0.30741 0.30632 0.30977 0.30583 0.30663 
 -1  3    0 CALIB_HB   -0.50000   -0.99696   -5.78766  -44.87615   -0.50000   -2.36426   -5.24197   44.66772   -0.50000   -3.36854   -1.01108   14.24525   -0.50000   -1.50528    6.03725 -114.55391 0.32524 0.32923 0.32668 0.32435 0.32433 0.32825 0.32556 0.32445 0.32440 0.32769 0.32622 0.32376 0.32334 0.32810 0.32521 0.32379 
 -1  3    1 CALIB_HB   -0.50000   -8.94677  -17.13990   85.63849   -0.50000   -6.47294  -24.12153  -16.53851   -0.50000   -4.96837   -1.10886   29.37200   -0.50000   -5.01527    0.97135 -129.72191 0.32301 0.32697 0.31923 0.31708 0.32221 0.32614 0.31789 0.31726 0.32196 0.32539 0.31747 0.31696 0.32185 0.32472 0.31770 0.31686 
 -1  3    2 CALIB_HB   -0.50000   -3.72766   19.80129  197.97288   -0.50000   -5.32322    1.32999  271.64844   -0.50000   -5.36605   -7.69241  277.38596   -0.50000   -5.45064  -30.21654  161.61750 0.31246 0.32041 0.31736 0.31988 0.31069 0.32137 0.31852 0.31881 0.31232 0.32017 0.31766 0.31802 0.31158 0.31970 0.31830 0.31953 
 -1  7    0 CALIB_HB   -0.50000   -4.95525   -5.62014  102.98761   -0.50000   -2.95900    2.66635  132.21234   -0.50000   -3.03728    4.37711   39.92589   -0.50000   -3.43986   13.67576  -13.23018 0.30800 0.30864 0.30799 0.29664 0.30753 0.30799 0.30673 0.29627 0.30786 0.30806 0.30655 0.29528 0.30736 0.30790 0.30617 0.29637 
 -1  7    1 CALIB_HB   -0.50000   -8.61448  -20.19715 -125.09477   -0.50000  -11.17178  -34.36702 -241.55702   -0.50000   -7.77519  -24.04251 -230.82731   -0.50000   -9.94079   -8.31297 -265.26451 0.30513 0.30541 0.30708 0.30067 0.30403 0.30476 0.30562 0.30075 0.30420 0.30444 0.30514 0.30013 0.30380 0.30396 0.30486 0.30038 
 -1  7    2 CALIB_HB   -0.50000   -9.40688  -17.65369  147.51184   -0.50000   -9.33048   -1.65109   34.90486   -0.50000   -6.47400   -7.62811   28.86872   -0.50000   -9.50197  -12.25545   83.12652 0.30611 0.30635 0.30264 0.30032 0.30456 0.30626 0.30250 0.30107 0.30566 0.30635 0.30318 0.30107 0.30485 0.30568 0.30244 0.30063 
 -1 11    0 CALIB_HB   -0.50000   -6.20089    9.68370  197.79107   -0.50000   -1.52923  -21.02173  121.04096   -0.50000   -2.04553   -3.42468  -79.72015   -0.50000   -3.82250    3.76721   66.24888 0.30126 0.30308 0.30378 0.30675 0.30100 0.30198 0.30360 0.30722 0.30002 0.30131 0.30244 0.30627 0.30097 0.30204 0.30236 0.30535 
 -1 11    1 CALIB_HB   -0.50000   -4.63927  -32.58890 -313.15354   -0.50000   -7.93739  -11.82026 -258.22737   -0.50000   -7.49997  -19.21671 -270.89543   -0.50000   -7.22254  -14.37813 -211.47941 0.29481 0.30192 0.30230 0.29925 0.29428 0.30267 0.30170 0.29946 0.29397 0.30129 0.30231 0.29972 0.29410 0.30214 0.30159 0.29832 
 -1 11    2 CALIB_HB   -0.50000    0.43602   22.83540  170.99217   -0.50000    2.96438   29.23008  -47.41323   -0.50000    4.97284   11.22319   72.89161   -0.50000    1.55689   21.30199   60.58794 0.30376 0.31333 0.30868 0.30536 0.30249 0.31273 0.30869 0.30574 0.30343 0.31182 0.30893 0.30388 0.30270 0.31206 0.30855 0.30441 
 -1 15    0 CALIB_HB   -0.50000   -3.16625   12.72375  146.37889   -0.50000    2.16968   32.35723  152.50721   -0.50000   -0.43321   -3.87499  163.70857   -0.50000   -0.94982    1.93206   79.51247 0.32430 0.32511 0.32382 0.31491 0.32398 0.32458 0.32298 0.31377 0.32407 0.32415 0.32356 0.31388 0.32247 0.32460 0.32335 0.31335 
 -1 15    1 CALIB_HB   -0.50000   -8.93666  -10.76290 -105.80061   -0.50000   -0.84333  -10.46511  -65.33942   -0.50000   -4.68711    3.10344   69.43659   -0.50000   -5.22518    2.12790  -16.71184 0.31454 0.32018 0.31448 0.33144 0.31396 0.31718 0.31331 0.33054 0.31398 0.31761 0.31303 0.32942 0.31352 0.31882 0.31255 0.32960 
 -1 15    2 CALIB_HB   -0.50000   -8.26944  -17.34029   75.36699   -0.50000   -4.57868    8.02704   23.25264   -0.50000   -4.24193   -9.76658   96.38723   -0.50000   -4.92204   11.92123  -50.39523 0.31491 0.32944 0.31513 0.31312 0.31364 0.32914 0.31615 0.31302 0.31441 0.32785 0.31506 0.31188 0.31392 0.32752 0.31419 0.31204 
 -1 19    0 CALIB_HB   -0.50000   -1.53194   -5.39231  296.78541   -0.50000    1.42737   16.11805  256.23578   -0.50000    0.79111   20.16945   85.82503   -0.50000    0.75691   13.10815   65.37225 0.31798 0.31526 0.31139 0.30856 0.31737 0.31485 0.31035 0.30863 0.31635 0.31511 0.31062 0.30831 0.31694 0.31444 0.31030 0.30757 
 -1 19    1 CALIB_HB   -0.50000   -5.90029  -22.30503 -331.09133   -0.50000   -8.57350  -16.83924 -150.13609   -0.50000   -7.14953  -14.86357 -178.31625   -0.50000   -8.62359  -16.71210 -383.42356 0.30827 0.31021 0.31150 0.31142 0.30755 0.31059 0.31068 0.31074 0.30741 0.31025 0.31028 0.31001 0.30720 0.30851 0.30995 0.31019 
 -1 19    2 CALIB_HB   -0.50000   -0.91819    6.65293  134.13367   -0.50000   -1.50084  -16.41312   11.15911   -0.50000   -0.52137    7.13618  118.74935   -0.50000   -1.48140   38.26989   30.14597 0.30529 0.31432 0.30214 0.29827 0.30423 0.31411 0.30260 0.29790 0.30516 0.31340 0.30153 0.29816 0.30422 0.31372 0.30125 0.29812 
 -1 23    0 CALIB_HB   -0.50000   -5.96308  -17.43678  -98.41508   -0.50000   -1.43370  -24.68976  -39.52357   -0.50000   -6.59864  -20.47067   13.51921   -0.50000   -2.55989  -27.57531   62.19924 0.31323 0.31393 0.31738 0.30519 0.31251 0.31272 0.31728 0.30520 0.31248 0.31299 0.31627 0.30523 0.31141 0.31312 0.31599 0.30440 
 -1 23    1 CALIB_HB   -0.50000   -7.85037  -24.13411 -211.71386   -0.50000   -6.63615    3.30884 -315.78492   -0.50000   -6.50801   -9.03220 -301.04568   -0.50000   -5.28898  -30.55363 -325.44547 0.30967 0.31135 0.31575 0.30745 0.30904 0.31154 0.31423 0.30706 0.30846 0.31080 0.31351 0.30818 0.30863 0.31027 0.31458 0.30648 
 -1 23    2 CALIB_HB   -0.50000   -0.15950   42.69322  205.67978   -0.50000   -2.46652   23.40468  151.91999   -0.50000    1.68029   41.91967  221.09179   -0.50000   -1.93960   27.78688  190.26939 0.30930 0.31469 0.31142 0.30229 0.30739 0.31416 0.31088 0.30182 0.30854 0.31447 0.31090 0.30209 0.30753 0.31399 0.31063 0.30169 
 -1 27    0 CALIB_HB   -0.50000   -9.38212  -20.22936    6.36366   -0.50000   -6.99433  -24.04018    0.64736   -0.50000   -7.50289  -13.56018  235.60554   -0.50000   -7.75040  -33.35716   46.11249 0.31304 0.32230 0.31586 0.30235 0.31260 0.32075 0.31639 0.30347 0.31185 0.32116 0.31519 0.30121 0.31187 0.31944 0.31616 0.30146 
 -1 27    1 CALIB_HB   -0.50000   -7.82970  -24.38124 -177.53039   -0.50000   -6.98274  -20.81946   34.19950   -0.50000   -7.14204  -29.71415 -100.33199   -0.50000   -5.90176  -33.76998  -88.89363 0.31629 0.32107 0.32159 0.31615 0.31505 0.31980 0.32101 0.31546 0.31513 0.32113 0.32093 0.31492 0.31492 0.32001 0.32027 0.31458 
 -1 27    2 CALIB_HB   -0.50000   -5.47742    2.05143  108.68263   -0.50000   -3.46003   20.01859   87.60281   -0.50000   -2.05786   26.76000  -26.68819   -0.50000   -1.06277   28.60036   78.99914 0.31856 0.32013 0.32155 0.31587 0.31762 0.31959 0.31956 0.31482 0.31764 0.31854 0.31986 0.31573 0.31733 0.31765 0.31879 0.31443 
 -1 31    0 CALIB_HB   -0.50000   -5.06120  -45.52243 -633.25539   -0.50000   -6.62138  -38.59940 -654.15611   -0.50000   -5.80011  -56.16227 -452.47372   -0.50000   -5.66958  -58.44220 -558.95236 0.30893 0.30856 0.30742 0.30195 0.30886 0.30924 0.30660 0.30053 0.30931 0.30876 0.30645 0.30051 0.30860 0.30821 0.30636 0.30021 
 -1 31    1 CALIB_HB   -0.50000   -1.82890  -48.43035 -100.69786   -0.50000   -5.69814  -40.39922  -71.74563   -0.50000   -2.55304  -33.54091  -77.76113   -0.50000   -6.43548  -37.82403 -122.61691 0.30080 0.30321 0.30084 0.29865 0.30002 0.30323 0.29974 0.29837 0.30033 0.30174 0.29883 0.29758 0.29995 0.30262 0.30007 0.29788 
 -1 31    2 CALIB_HB   -0.50000   -4.40236   11.97660 -106.83286   -0.50000   -3.78953    5.73891 -319.92127   -0.50000   -3.01379   -5.10046 -347.19600   -0.50000   -8.10852    1.41661 -334.85819 0.30124 0.30675 0.30197 0.30287 0.30050 0.30573 0.30125 0.30311 0.30180 0.30622 0.30129 0.30346 0.30066 0.30638 0.30170 0.30237 
 -1 35    0 CALIB_HB   -0.50000   -6.35071    3.64462  144.34350   -0.50000   -4.11476   -3.63019  189.62613   -0.50000   -3.86884    3.56885  108.12541   -0.50000   -3.42950   -4.82733  303.60216 0.30402 0.30327 0.29849 0.29932 0.30402 0.30448 0.29891 0.29941 0.30333 0.30248 0.29827 0.29806 0.30209 0.30348 0.29803 0.29732 
 -1 35    1 CALIB_HB   -0.50000   -1.95625    7.02468  -61.66845   -0.50000    2.89888  -29.22089 -134.03869   -0.50000   -2.42111   14.83563 -101.01648   -0.50000    0.91406   -1.36176  -90.91540 0.29799 0.30603 0.30501 0.30914 0.29737 0.30538 0.30606 0.30896 0.29708 0.30548 0.30393 0.30770 0.29666 0.30409 0.30430 0.30744 
 -1 35    2 CALIB_HB   -0.50000   -7.04164  -30.80724 -290.50581   -0.50000   -6.94347  -67.27101 -299.32207   -0.50000   -5.11174  -44.95992 -250.57026   -0.50000  -10.05193  -42.52482 -330.89801 0.30553 0.30871 0.31018 0.29956 0.30425 0.30729 0.30936 0.29922 0.30537 0.30713 0.30814 0.29819 0.30391 0.30786 0.30858 0.29817 
 -1 39    0 CALIB_HB   -0.50000   -3.58666   -5.42446   47.52927   -0.50000    0.07354  -41.77539  -72.73146   -0.50000   -1.78155  -16.65904  -30.92007   -0.50000    1.40793  -19.39418 -227.63892 0.30132 0.30701 0.30362 0.29973 0.30126 0.30513 0.30413 0.30032 0.30039 0.30630 0.30269 0.29978 0.30055 0.30541 0.30417 0.29902 
 -1 39    1 CALIB_HB   -0.50000   -5.44308    3.39462  -22.21701   -0.50000   -3.92140   -0.42785  -91.75480   -0.50000   -5.14071   18.26364  242.22128   -0.50000   -4.14875  -10.07697  118.63649 0.29618 0.30358 0.29579 0.29460 0.29560 0.30377 0.29637 0.29429 0.29559 0.30384 0.29393 0.29467 0.29508 0.30296 0.29418 0.29433 
 -1 39    2 CALIB_HB   -0.50000   -1.03523    9.57471   12.79894   -0.50000   -2.46068  -13.80482 -165.60934   -0.50000   -3.76019    8.59158  -88.79512   -0.50000   -3.02870    6.60638 -120.75306 0.29769 0.30304 0.30009 0.29728 0.29655 0.30302 0.30075 0.29607 0.29760 0.30360 0.30046 0.29497 0.29713 0.30432 0.29981 0.29503 
 -1 43    0 CALIB_HB   -0.50000   -5.72071  -36.78713   31.96880   -0.50000   -3.63425  -24.02111  -20.93705   -0.50000   -3.20356    9.40758  -27.40314   -0.50000   -1.50686    5.31343 -115.63174 0.31140 0.30641 0.31100 0.31324 0.31098 0.30619 0.31077 0.31415 0.31013 0.30687 0.30959 0.31354 0.31069 0.30516 0.30821 0.31369 
 -1 43    1 CALIB_HB   -0.50000   -9.29525   -7.95649 -347.04269   -0.50000   -6.11986  -29.71208 -267.22657   -0.50000   -8.10341  -21.95660 -380.66214   -0.50000  -10.56690  -35.91796 -295.43588 0.30632 0.30859 0.30435 0.30908 0.30551 0.30759 0.30351 0.30875 0.30554 0.30829 0.30381 0.30919 0.30512 0.30636 0.30369 0.30821 
 -1 43    2 CALIB_HB   -0.50000   -3.69660    6.04241    3.13781   -0.50000   -3.41419   14.29644  -41.66882   -0.50000    0.03782   14.95912   -6.23311   -0.50000   -1.33480   26.21388  -50.75364 0.31714 0.31596 0.31138 0.30961 0.31549 0.31569 0.31164 0.30906 0.31667 0.31456 0.31038 0.30901 0.31587 0.31391 0.31060 0.30799 
 -1 47    0 CALIB_HB   -0.50000   -0.61586  -15.07237   57.79336   -0.50000    0.74200    5.19790  -58.36195   -0.50000    0.26456  -17.70992   19.85277   -0.50000    0.17808   11.90006  103.40582 0.31642 0.31991 0.31409 0.32043 0.31594 0.31891 0.31375 0.32103 0.31534 0.31893 0.31359 0.31856 0.31507 0.31822 0.31345 0.31786 
 -1 47    1 CALIB_HB   -0.50000    0.32406   23.61668  486.78724   -0.50000    0.12901   44.51367  290.45348   -0.50000    1.81113   43.54023  330.64238   -0.50000   -2.02899   47.37195  300.92763 0.30787 0.31627 0.31231 0.31215 0.30730 0.31709 0.31080 0.31258 0.30721 0.31661 0.31143 0.31186 0.30657 0.31835 0.31080 0.31187 
 -1 47    2 CALIB_HB   -0.50000   -2.76095    6.83207  342.31582   -0.50000    1.72185   17.55201  165.34778   -0.50000   -3.74564   32.20808  148.07403   -0.50000   -2.21807   23.84269  210.08474 0.31777 0.32497 0.31925 0.31847 0.31644 0.32285 0.32007 0.31906 0.31764 0.32397 0.31898 0.31873 0.31630 0.32277 0.31753 0.31899 
 -1 51    0 CALIB_HB   -0.50000   -2.94111   -4.21333  146.69997   -0.50000   -2.78911    0.45658  174.39929   -0.50000   -3.20054    7.15169  264.49785   -0.50000   -1.16049   -6.40201   59.55699 0.30557 0.31412 0.30456 0.29927 0.30537 0.31247 0.30586 0.29912 0.30582 0.31269 0.30448 0.29857 0.30503 0.31142 0.30409 0.29809 
 -1 51    1 CALIB_HB   -0.50000   -7.07937   -1.82394  104.46352   -0.50000   -8.36236   19.39787   14.33374   -0.50000   -6.69298   16.20515   -4.70657   -0.50000   -7.92293    5.24802  133.42710 0.30041 0.30341 0.30552 0.30090 0.30025 0.30215 0.30462 0.30157 0.29970 0.30168 0.30303 0.30011 0.29989 0.30170 0.30454 0.30073 
 -1 51    2 CALIB_HB   -0.50000   -6.09793  -12.11979  -43.80658   -0.50000   -6.52792  -19.28223   95.34290   -0.50000   -2.19949    2.85119   67.89873   -0.50000   -5.71696   -0.37774  158.97013 0.30660 0.31000 0.30482 0.31395 0.30610 0.30931 0.30414 0.31183 0.30666 0.30885 0.30381 0.31291 0.30554 0.30853 0.30281 0.31183 
 -1 55    0 CALIB_HB   -0.50000   -4.14000  -29.77603 -362.78905   -0.50000   -2.81015    5.53480 -324.61203   -0.50000   -2.62856  -36.39289 -322.19888   -0.50000   -2.02281  -22.16782 -403.24302 0.32006 0.32136 0.31827 0.32588 0.31933 0.32028 0.31710 0.32516 0.31871 0.32032 0.31766 0.32508 0.31794 0.31954 0.31704 0.32432 
 -1 55    1 CALIB_HB   -0.50000   -4.83405  -32.61683 -260.11750   -0.50000    1.51436  -16.36306 -169.32995   -0.50000   -3.70595   -7.82736  -69.35219   -0.50000   -2.64040  -17.24908 -116.46096 0.31697 0.32989 0.32078 0.32500 0.31624 0.32859 0.31954 0.32356 0.31586 0.32896 0.31968 0.32308 0.31581 0.32878 0.31879 0.32253 
 -1 55    2 CALIB_HB   -0.50000   -5.65667  -29.07209  149.99722   -0.50000   -4.56151  -12.41285  -94.34178   -0.50000   -4.22977    5.17631  -42.88629   -0.50000   -5.95540  -12.93238  112.43117 0.31801 0.32088 0.32293 0.32366 0.31684 0.32059 0.32284 0.32322 0.31738 0.32152 0.32068 0.32239 0.31731 0.32005 0.32183 0.32163 
 -1 59    0 CALIB_HB   -0.50000   -1.84310    8.84257   88.94394   -0.50000    0.32276    6.85299    6.97796   -0.50000   -2.62178  -14.47727  101.79830   -0.50000   -2.08658   -9.27257  124.70321 0.29592 0.30080 0.29313 0.29985 0.29520 0.30077 0.29362 0.30059 0.29562 0.30149 0.29381 0.29976 0.29517 0.30125 0.29324 0.29907 
 -1 59    1 CALIB_HB   -0.50000   -1.34833    2.48132  208.42375   -0.50000   -0.55325    6.41420  298.83170   -0.50000   -2.62488    2.64307  172.11427   -0.50000   -1.84914   18.21589  294.32009 0.29632 0.30604 0.30540 0.29923 0.29562 0.30522 0.30502 0.29935 0.29566 0.30467 0.30392 0.29913 0.29565 0.30435 0.30358 0.29941 
 -1 59    2 CALIB_HB   -0.50000    1.34481   17.25644  311.26552   -0.50000    1.28035   36.26862  389.18736   -0.50000    3.82939   29.20134  278.65752   -0.50000    2.04490   25.32705  339.17359 0.29764 0.30625 0.30006 0.29393 0.29691 0.30651 0.29947 0.29361 0.29711 0.30537 0.30006 0.29454 0.29737 0.30485 0.29912 0.29391 
 -1 63    0 CALIB_HB   -0.50000   -9.45698  -27.94354 -346.64571   -0.50000   -9.33946  -14.89257 -162.46044   -0.50000   -8.84277  -38.38687 -162.97481   -0.50000  -10.31877  -38.87292 -254.72953 0.30752 0.31018 0.30817 0.30215 0.30723 0.30882 0.30704 0.30122 0.30681 0.30945 0.30755 0.30091 0.30678 0.30958 0.30755 0.30073 
 -1 63    1 CALIB_HB   -0.50000   -6.58196  -20.06991  180.32935   -0.50000   -5.90980  -23.95367  116.51548   -0.50000   -7.39741   -4.41049   15.40563   -0.50000   -6.91604  -14.59771  156.50585 0.30004 0.30345 0.30485 0.29924 0.29968 0.30274 0.30366 0.29970 0.29905 0.30245 0.30329 0.29848 0.29910 0.30176 0.30237 0.29900 
 -1 63    2 CALIB_HB   -0.50000   -0.14280  -25.98039   57.33078   -0.50000   -1.98003  -12.72602 -135.79286   -0.50000   -3.91299   -9.55591 -160.36375   -0.50000   -2.78770    8.42250 -255.82824 0.30033 0.30409 0.30439 0.29064 0.29986 0.30344 0.30410 0.29051 0.30085 0.30561 0.30344 0.29039 0.29966 0.30462 0.30342 0.29025 
 -1 67    0 CALIB_HB   -0.50000   -1.45175  -44.27035   91.72188   -0.50000   -1.72357  -28.49166  183.90478   -0.50000   -3.79309  -16.33053   73.20096   -0.50000   -1.30074    3.97973  336.28436 0.31787 0.32186 0.31296 0.31412 0.31695 0.32351 0.31197 0.31382 0.31699 0.32168 0.31241 0.31359 0.31485 0.32150 0.31149 0.31305 
 -1 67    1 CALIB_HB   -0.50000    0.16933    5.60783 -110.89890   -0.50000    0.46905   14.66041 -102.78793   -0.50000    2.65745    2.12695  145.99405   -0.50000   -0.18797    0.80458   81.57026 0.30943 0.32185 0.31708 0.31704 0.30817 0.32122 0.31577 0.31612 0.30846 0.32117 0.31566 0.31620 0.30833 0.32102 0.31577 0.31674 
 -1 67    2 CALIB_HB   -0.50000   -1.75605  -18.60058 -159.36993   -0.50000   -3.28822  -13.86998 -242.94307   -0.50000   -0.81679  -32.39161 -152.18055   -0.50000   -6.42981  -13.85540 -152.88234 0.31861 0.32416 0.31777 0.31459 0.31704 0.32264 0.31771 0.31520 0.31816 0.32183 0.31668 0.31430 0.31719 0.32296 0.31763 0.31397 
  1 71    0 CALIB_HB   -0.50000   -4.36576  -11.73386  -60.46588   -0.50000   -1.92773  -42.18384 -339.17886   -0.50000   -5.23400  -30.55400 -137.21900   -0.50000   -2.79003  -39.78499 -262.46180 0.32208 0.32304 0.32176 0.31815 0.32164 0.32256 0.32268 0.31785 0.32198 0.32232 0.32279 0.31833 0.32179 0.32092 0.32283 0.31779 
  1 71    1 CALIB_HB   -0.50000   -3.13767  -15.12033  107.17703   -0.50000   -4.21312   16.53985 -105.47618   -0.50000   -2.41109   -0.35367  -66.81208   -0.50000   -3.60775   -5.99810   -4.05422 0.30867 0.31696 0.30661 0.30908 0.30767 0.31658 0.30460 0.30899 0.30766 0.31563 0.30513 0.30864 0.30771 0.31700 0.30520 0.30912 
  1 71    2 CALIB_HB   -0.50000   -7.04327  -26.84638   63.20443   -0.50000   -5.83063    2.10135  128.92417   -0.50000   -6.94807  -24.90141   55.77540   -0.50000   -2.23596    1.07474  132.11439 0.31174 0.31543 0.32065 0.31164 0.31029 0.31644 0.31925 0.31321 0.31134 0.31615 0.31994 0.31302 0.31090 0.31667 0.31854 0.31211 
  1  3    0 CALIB_HB   -0.50000   -4.64036   -8.84632  111.58389   -0.50000   -2.06677   -1.05049  108.48154   -0.50000   -2.35269   -4.98076   37.41156   -0.50000   -6.08355  -23.07698  -63.52260 0.30441 0.30526 0.29606 0.29537 0.30401 0.30408 0.29456 0.29462 0.30441 0.30457 0.29504 0.29443 0.30329 0.30376 0.29447 0.29458 
  1  3    1 CALIB_HB   -0.50000   -4.69296  -27.52928  -88.90881   -0.50000   -6.59689  -25.20702 -279.99240   -0.50000   -4.28329   -6.78679 -267.90107   -0.50000   -4.22691  -27.59975 -384.78208 0.29421 0.30764 0.29881 0.30301 0.29369 0.30629 0.29800 0.30249 0.29344 0.30628 0.29779 0.30273 0.29376 0.30658 0.29836 0.30152 
  1  3    2 CALIB_HB   -0.50000   -8.73540    8.48841 -125.62951   -0.50000   -8.51877    9.17666   72.87570   -0.50000   -9.06739    1.65239   53.87729   -0.50000   -8.78731   -5.70371  132.51383 0.29937 0.30033 0.29844 0.29278 0.29803 0.29995 0.29744 0.29127 0.29882 0.30009 0.29752 0.29247 0.29840 0.29795 0.29757 0.29178 
  1  7    0 CALIB_HB   -0.50000   -2.06419  -18.66880   71.68632   -0.50000   -2.11034   -1.99785  153.03507   -0.50000   -2.51030   24.90496   77.74355   -0.50000   -1.10373    2.78704   60.10490 0.32471 0.32699 0.31902 0.31167 0.32476 0.32577 0.31853 0.31087 0.32506 0.32587 0.31820 0.31205 0.32407 0.32612 0.31756 0.31048 
  1  7    1 CALIB_HB   -0.50000   -5.39354  -15.81897 -104.99072   -0.50000   -7.08071    5.06614  -76.57875   -0.50000   -6.69441   -9.86516   14.67970   -0.50000   -6.80734  -19.38513 -153.05043 0.32111 0.32572 0.31837 0.31605 0.32000 0.32624 0.31752 0.31627 0.32049 0.32670 0.31673 0.31525 0.31983 0.32532 0.31700 0.31470 
  1  7    2 CALIB_HB   -0.50000   -4.18065   -4.57935  155.18196   -0.50000   -7.11769   12.16973  147.94641   -0.50000   -4.16206   17.93335  194.85796   -0.50000   -5.66059   -7.57397  164.62526 0.31644 0.31885 0.31754 0.32245 0.31529 0.31888 0.31569 0.32245 0.31595 0.31806 0.31642 0.32239 0.31511 0.31731 0.31646 0.32245 
  1 11    0 CALIB_HB   -0.50000   -7.49839  -50.87056 -215.35209   -0.50000   -5.98579  -16.36891   47.69859   -0.50000   -6.79352  -33.60912 -220.09329   -0.50000   -5.69234  -30.71776 -146.44013 0.30170 0.30347 0.29951 0.30163 0.30093 0.30370 0.29856 0.30115 0.30107 0.30174 0.29828 0.29985 0.30116 0.30101 0.29798 0.29989 
  1 11    1 CALIB_HB   -0.50000   -3.04561  -22.35579   -0.43850   -0.50000   -4.42046   -4.88801 -134.63124   -0.50000   -4.51982  -26.12402   10.26434   -0.50000   -8.82717   -3.59529 -152.52636 0.29764 0.30317 0.31012 0.29589 0.29693 0.30404 0.30974 0.29681 0.29677 0.30324 0.30925 0.29579 0.29676 0.30358 0.30914 0.29566 
  1 11    2 CALIB_HB   -0.50000    5.58416    0.10641  161.79201   -0.50000    4.06191   25.12559    2.98490   -0.50000    2.08076   17.07230   95.50161   -0.50000    4.03191    6.58808 -113.54660 0.30160 0.30688 0.30412 0.30134 0.30041 0.30806 0.30359 0.30142 0.30078 0.30708 0.30278 0.30113 0.30013 0.30765 0.30305 0.30027 
  1 15    0 CALIB_HB   -0.50000   -4.27245  -28.72661 -115.59850   -0.50000   -5.44069  -38.57666 -100.13421   -0.50000   -2.16838  -20.98246  -90.78635   -0.50000   -3.23394    7.00545  -74.98117 0.32109 0.32519 0.31860 0.30576 0.32035 0.32495 0.31820 0.30498 0.32054 0.32442 0.31731 0.30441 0.31902 0.32448 0.31736 0.30507 
  1 15    1 CALIB_HB   -0.50000   -4.30649    0.28561  140.64883   -0.50000   -1.54607   19.23752   73.97489   -0.50000   -6.57438    4.11860  -10.76847   -0.50000   -4.69525    5.26988  102.89548 0.31291 0.31992 0.32728 0.31490 0.31206 0.31697 0.32744 0.31360 0.31165 0.31907 0.32735 0.31344 0.31223 0.31823 0.32646 0.31297 
  1 15    2 CALIB_HB   -0.50000   -8.02344  -30.99490 -226.68949   -0.50000   -2.16076  -39.87263  -95.28386   -0.50000   -4.50921  -20.40887 -210.55154   -0.50000   -6.95554   -0.75985  -10.67877 0.31401 0.31903 0.31966 0.31885 0.31301 0.31741 0.31917 0.31853 0.31397 0.31855 0.31771 0.31843 0.31333 0.31853 0.31697 0.31713 
  1 19    0 CALIB_HB   -0.50000   -7.12314  -42.73386 -308.30170   -0.50000   -5.89042  -31.29870 -233.01263   -0.50000   -6.06670  -37.42914 -135.86774   -0.50000   -8.70247  -34.73243 -181.96141 0.30051 0.30243 0.29862 0.30071 0.30003 0.30238 0.29856 0.30054 0.30097 0.30126 0.29808 0.29964 0.29942 0.30190 0.29788 0.30006 
  1 19    1 CALIB_HB   -0.50000   -3.58213  -34.99262 -178.40120   -0.50000   -4.90387  -35.52640 -126.53340   -0.50000   -8.78045  -39.38840 -290.62079   -0.50000   -7.01199  -17.08076 -211.31301 0.29666 0.30295 0.30030 0.30066 0.29634 0.30411 0.30039 0.30034 0.29624 0.30347 0.29963 0.30056 0.29605 0.30205 0.29911 0.29936 
  1 19    2 CALIB_HB   -0.50000   -1.71612   13.23285   67.57005   -0.50000   -6.80873  -10.47768   95.37174   -0.50000   -4.89634    5.35906  136.69731   -0.50000   -3.40840  -15.46914   61.33700 0.30081 0.30316 0.29844 0.29794 0.29992 0.30412 0.29802 0.29741 0.30102 0.30333 0.29788 0.29666 0.29964 0.30352 0.29733 0.29620 
  1 23    0 CALIB_HB   -0.50000    0.98978   -7.27246   55.63518   -0.50000   -1.84818  -11.17877   90.86448   -0.50000    0.61843   -9.42785   92.09673   -0.50000   -4.14508  -16.90042   55.43412 0.31320 0.31298 0.30539 0.31199 0.31284 0.31285 0.30457 0.31240 0.31287 0.31277 0.30504 0.31101 0.31148 0.31239 0.30545 0.31076 
  1 23    1 CALIB_HB   -0.50000    1.43415   -4.56211  272.73887   -0.50000    0.90593   13.75089  179.27440   -0.50000    2.08681   26.80290  239.54162   -0.50000    0.69552   27.52942  186.90631 0.30785 0.31734 0.31309 0.30525 0.30719 0.31683 0.31289 0.30601 0.30696 0.31657 0.30996 0.30539 0.30643 0.31685 0.31023 0.30442 
  1 23    2 CALIB_HB   -0.50000   -8.79260  -10.91964 -183.64049   -0.50000   -7.98830  -15.83883 -130.73295   -0.50000   -8.12635  -16.26219 -192.15983   -0.50000  -10.18522  -45.63970 -220.04351 0.31453 0.31696 0.32067 0.31232 0.31295 0.31640 0.32040 0.31179 0.31424 0.31637 0.32090 0.31219 0.31334 0.31674 0.32108 0.31164 
  1 27    0 CALIB_HB   -0.50000   -2.64921   -7.07437  200.85607   -0.50000   -2.63104   -0.59529  215.02526   -0.50000   -5.35559   11.90109  316.06634   -0.50000   -2.63420   30.61704  306.02834 0.29856 0.29781 0.29797 0.30314 0.29793 0.29761 0.29889 0.30298 0.29715 0.29883 0.29754 0.30243 0.29736 0.29797 0.29778 0.30206 
  1 27    1 CALIB_HB   -0.50000  -11.97082  -46.70889 -190.34532   -0.50000  -10.07545   -6.79265   -7.18623   -0.50000   -5.62261  -15.49347 -127.76720   -0.50000   -6.51446  -32.50931 -148.64770 0.29537 0.30189 0.30357 0.30057 0.29499 0.30237 0.30289 0.29988 0.29454 0.30137 0.30095 0.30037 0.29477 0.30078 0.30122 0.29882 
  1 27    2 CALIB_HB   -0.50000   -2.64504  -11.13258  218.44329   -0.50000   -1.20907  -17.83886  -48.00016   -0.50000   -2.91400  -25.42866   83.03941   -0.50000    1.23598   -3.95370   67.66990 0.30034 0.30541 0.29888 0.29789 0.29942 0.30565 0.29892 0.29724 0.29879 0.30381 0.29908 0.29756 0.29905 0.30420 0.29830 0.29726 
  1 31    0 CALIB_HB   -0.50000   -9.50827  -64.42429 -341.05771   -0.50000   -8.00188  -30.53234 -181.82714   -0.50000   -6.69159  -34.76697 -219.10459   -0.50000   -6.60331  -49.61775 -284.91699 0.31285 0.31641 0.31237 0.30766 0.31283 0.31642 0.31259 0.30845 0.31234 0.31608 0.31174 0.30686 0.31226 0.31622 0.31167 0.30683 
  1 31    1 CALIB_HB   -0.50000   -7.98304  -17.14349   38.70744   -0.50000   -5.01325   -3.05289   87.37051   -0.50000   -7.08109   -4.76567   36.30142   -0.50000   -6.81009    0.79171  -46.71456 0.31352 0.32236 0.31775 0.32400 0.31260 0.32113 0.31690 0.32458 0.31225 0.32158 0.31510 0.32270 0.31252 0.32127 0.31503 0.32305 
  1 31    2 CALIB_HB   -0.50000   -6.39151    3.20234   45.92737   -0.50000   -6.77806  -13.57662  102.69551   -0.50000   -4.09437   23.82659  -36.14446   -0.50000   -5.85970  -13.46018  143.88730 0.31418 0.31636 0.31647 0.31516 0.31327 0.31604 0.31710 0.31447 0.31409 0.31533 0.31506 0.31373 0.31303 0.31605 0.31564 0.31347 
  1 35    0 CALIB_HB   -0.50000   -0.77572  -11.67723  -74.97075   -0.50000   -2.28416  -18.27883  -78.66402   -0.50000   -2.76520   -7.17021 -220.70650   -0.50000    0.19936  -16.41022  -46.60824 0.31728 0.32065 0.32021 0.32653 0.31627 0.32081 0.31822 0.32589 0.31682 0.32108 0.31764 0.32680 0.31655 0.31999 0.31767 0.32587 
  1 35    1 CALIB_HB   -0.50000   -6.80329  -14.15483 -102.62740   -0.50000   -5.61998  -10.36913 -183.24977   -0.50000   -6.37280   -5.57673 -313.03544   -0.50000   -8.80550    4.17592 -102.16226 0.30842 0.31031 0.30858 0.31616 0.30813 0.31062 0.30873 0.31568 0.30783 0.31105 0.30735 0.31544 0.30768 0.31091 0.30732 0.31453 
  1 35    2 CALIB_HB   -0.50000   -1.21506  -19.33320   83.72358   -0.50000   -2.03285  -21.67133  122.79653   -0.50000    1.00155   -5.59371   15.91424   -0.50000   -4.66158   12.43593   47.21868 0.31184 0.32371 0.31875 0.31361 0.31013 0.32315 0.31758 0.31387 0.31163 0.32333 0.31817 0.31378 0.31035 0.32363 0.31725 0.31326 
  1 39    0 CALIB_HB   -0.50000    4.82261   39.65137  269.81063   -0.50000    5.06095   54.38150  424.67161   -0.50000    4.53335   18.88037  371.85584   -0.50000    4.49060   18.75402  381.93203 0.30683 0.31602 0.30941 0.30752 0.30587 0.31442 0.30762 0.30719 0.30585 0.31424 0.30929 0.30776 0.30626 0.31361 0.30882 0.30633 
  1 39    1 CALIB_HB   -0.50000   -3.53290   38.35838   82.05691   -0.50000   -3.40898   27.11714  132.50612   -0.50000   -2.23242   22.61044  190.97534   -0.50000   -5.00635   32.24715  105.62568 0.30357 0.30855 0.31238 0.30700 0.30263 0.30869 0.31242 0.30705 0.30284 0.30856 0.31202 0.30541 0.30293 0.30813 0.31116 0.30583 
  1 39    2 CALIB_HB   -0.50000   -4.08761   -5.69958  -48.20854   -0.50000   -5.64565  -16.90839 -189.32494   -0.50000   -0.96340  -34.58011  -78.13838   -0.50000   -3.47053  -18.70423  -94.18466 0.31062 0.31744 0.30550 0.30456 0.30909 0.31623 0.30550 0.30458 0.31025 0.31586 0.30628 0.30499 0.30909 0.31649 0.30585 0.30456 
  1 43    0 CALIB_HB   -0.50000    3.34668    2.21280  469.45969   -0.50000   -0.37553  -11.13250  418.38745   -0.50000    3.51082   10.18662  534.41161   -0.50000    1.50176   17.76882  477.82141 0.31661 0.32581 0.31146 0.30734 0.31570 0.32575 0.31175 0.30756 0.31520 0.32611 0.31047 0.30522 0.31558 0.32337 0.31128 0.30541 
  1 43    1 CALIB_HB   -0.50000    1.44001   17.49159  146.90576   -0.50000   -1.89613   28.62422   33.94906   -0.50000    1.71793   28.48136   78.62242   -0.50000    0.98080   18.58886  201.94251 0.30860 0.31602 0.31548 0.31695 0.30796 0.31700 0.31514 0.31582 0.30798 0.31606 0.31579 0.31624 0.30754 0.31503 0.31586 0.31654 
  1 43    2 CALIB_HB   -0.50000   -0.61801   19.02924   10.77993   -0.50000   -3.19104    5.04210  -50.36778   -0.50000   -0.34034   18.15489   68.77891   -0.50000   -2.77512   19.42229  136.62905 0.31960 0.32009 0.32268 0.31603 0.31821 0.31967 0.32241 0.31615 0.31922 0.31959 0.32201 0.31471 0.31777 0.31839 0.32054 0.31528 
  1 47    0 CALIB_HB   -0.50000   -2.02171    2.03620 -154.24667   -0.50000   -2.28871   16.84002 -150.96990   -0.50000   -1.33178    8.91496 -139.22317   -0.50000   -2.56930    1.53009  -72.10703 0.31570 0.31693 0.31334 0.31466 0.31501 0.31687 0.31228 0.31416 0.31498 0.31606 0.31257 0.31506 0.31452 0.31678 0.31174 0.31395 
  1 47    1 CALIB_HB   -0.50000   -4.75768   -0.10828  541.48694   -0.50000   -1.15831   28.77959  495.21693   -0.50000   -1.10373    4.51953  477.49890   -0.50000   -1.75779   15.07066  451.08894 0.31183 0.31866 0.31565 0.32306 0.31099 0.31877 0.31475 0.32313 0.31077 0.31744 0.31451 0.32332 0.31048 0.31826 0.31376 0.32345 
  1 47    2 CALIB_HB   -0.50000   -4.17285   -8.42497  164.83414   -0.50000   -5.64102  -17.91869    8.86929   -0.50000   -4.15497    4.66303   -0.68456   -0.50000   -4.21896    9.21991  -82.26113 0.31833 0.32706 0.31961 0.32294 0.31716 0.32725 0.32026 0.32334 0.31777 0.32572 0.31955 0.32195 0.31722 0.32608 0.31841 0.32123 
  1 51    0 CALIB_HB   -0.50000   -4.31665   -9.85808 -169.26689   -0.50000   -4.14408   -3.58594   51.68483   -0.50000   -2.55636   -6.93335 -169.84335   -0.50000   -3.73671   -3.78712  -46.30325 0.32140 0.32338 0.32785 0.32093 0.32113 0.32317 0.32716 0.32048 0.32059 0.32277 0.32605 0.32100 0.32101 0.32280 0.32615 0.32057 
  1 51    1 CALIB_HB   -0.50000   -2.51742   21.40311   36.82964   -0.50000   -4.80695   27.39644  -55.32671   -0.50000   -1.06544    3.95536  -91.52841   -0.50000   -1.97152   24.14110  152.80176 0.31225 0.31445 0.31707 0.30775 0.31124 0.31382 0.31633 0.30778 0.31096 0.31384 0.31616 0.30655 0.31088 0.31351 0.31577 0.30642 
  1 51    2 CALIB_HB   -0.50000    0.01993  -11.70247   51.37897   -0.50000    4.63339    4.08069  137.21796   -0.50000    3.35155   -2.71605   81.81321   -0.50000    1.67932    9.64440  143.38037 0.31423 0.32594 0.32008 0.32081 0.31278 0.32394 0.31910 0.32028 0.31386 0.32454 0.31843 0.32045 0.31347 0.32543 0.31897 0.32074 
  1 55    0 CALIB_HB   -0.50000   -6.38092  -23.69028   39.93530   -0.50000   -6.38965  -19.93628   14.71587   -0.50000   -2.30344  -35.69166 -183.63257   -0.50000   -4.86379   -9.26956  123.79726 0.30467 0.30317 0.29428 0.29998 0.30302 0.30242 0.29354 0.29876 0.30318 0.30144 0.29364 0.29946 0.30315 0.30236 0.29337 0.29868 
  1 55    1 CALIB_HB   -0.50000   -2.72205    7.00536  319.62970   -0.50000   -6.79312  -12.01631  117.69707   -0.50000   -6.81402   27.25692  131.65050   -0.50000   -5.80859   15.72852  245.46943 0.29668 0.30125 0.30242 0.29979 0.29570 0.30055 0.30246 0.29925 0.29563 0.30038 0.30024 0.29958 0.29534 0.30018 0.30049 0.29864 
  1 55    2 CALIB_HB   -0.50000   -6.83039  -27.79663  195.28911   -0.50000   -5.62365  -11.91525   99.67024   -0.50000   -3.34234    6.41334   -3.87319   -0.50000   -4.56052    7.01003  208.68267 0.29655 0.29896 0.29737 0.30211 0.29493 0.29872 0.29701 0.30245 0.29614 0.29851 0.29721 0.30127 0.29529 0.29838 0.29620 0.30157 
  1 59    0 CALIB_HB   -0.50000   -3.02812   33.42588  398.07754   -0.50000   -3.28695   -5.42309  412.86759   -0.50000   -0.66171   35.37852  434.97486   -0.50000   -1.05034   12.78258  299.02827 0.31197 0.31351 0.30411 0.31208 0.31102 0.31286 0.30370 0.31101 0.31036 0.31284 0.30261 0.30960 0.31132 0.31157 0.30358 0.30978 
  1 59    1 CALIB_HB   -0.50000  -11.14938   -9.65389 -197.88044   -0.50000   -8.89217   -3.88990 -175.95037   -0.50000   -9.22970  -14.10373   79.48832   -0.50000   -9.31872  -17.79389 -228.98918 0.30882 0.31089 0.30644 0.30782 0.30817 0.30985 0.30552 0.30764 0.30814 0.31087 0.30522 0.30702 0.30792 0.30905 0.30430 0.30755 
  1 59    2 CALIB_HB   -0.50000    0.66610   30.74190   94.45588   -0.50000    1.46928   22.43633  285.59760   -0.50000    2.06961   32.85814   94.17172   -0.50000    0.82871   15.67137  -94.23576 0.30755 0.31727 0.31374 0.30801 0.30665 0.31594 0.31425 0.30823 0.30672 0.31687 0.31432 0.30789 0.30685 0.31633 0.31171 0.30747 
  1 63    0 CALIB_HB   -0.50000   -6.76236  -36.21165 -230.84720   -0.50000   -8.47462   -3.15202 -347.65552   -0.50000   -7.39186  -68.47540 -218.44575   -0.50000   -7.54042  -53.33059 -378.20615 0.31999 0.31686 0.31728 0.31871 0.31986 0.31577 0.31526 0.31840 0.31978 0.31593 0.31660 0.31804 0.31928 0.31620 0.31691 0.31786 
  1 63    1 CALIB_HB   -0.50000   -3.44729  -26.89450   61.66957   -0.50000   -5.11738  -27.35812 -195.24692   -0.50000   -4.15412  -17.59666 -165.22177   -0.50000   -4.57895  -41.42613 -185.06161 0.31413 0.31983 0.31747 0.30663 0.31345 0.31994 0.31601 0.30820 0.31346 0.31975 0.31533 0.30722 0.31334 0.31858 0.31521 0.30758 
  1 63    2 CALIB_HB   -0.50000   -8.60704  -44.96499  -75.48284   -0.50000   -8.17535  -56.98198 -328.69920   -0.50000   -6.20542  -24.38550 -237.49416   -0.50000   -8.94137  -26.35079  -68.68508 0.31721 0.32550 0.32238 0.31234 0.31647 0.32675 0.32199 0.31358 0.31712 0.32548 0.32125 0.31332 0.31603 0.32462 0.31999 0.31187 
  1 67    0 CALIB_HB   -0.50000   -3.13821    4.37960  411.61340   -0.50000   -2.65786   26.98341 -259.20186   -0.50000   -0.32592   23.89980  407.46844   -0.50000   -2.98577    5.63260  292.46343 0.30886 0.31366 0.30920 0.31694 0.30803 0.31194 0.30800 0.31789 0.30834 0.31163 0.30855 0.31591 0.30702 0.31024 0.30878 0.31637 
  1 67    1 CALIB_HB   -0.50000   -0.23093   40.40342  427.39360   -0.50000    3.44468   40.40197  462.84231   -0.50000    1.91970   29.45133  465.60037   -0.50000   -0.17410   62.87354  493.92581 0.30637 0.31742 0.31875 0.30827 0.30537 0.31641 0.31815 0.30785 0.30512 0.31419 0.31892 0.30750 0.30505 0.31496 0.31720 0.30708 
  1 67    2 CALIB_HB   -0.50000   -5.40559   10.94530  327.29969   -0.50000   -6.13023   -5.29962  145.56339   -0.50000   -6.86768   -7.85219  160.75191   -0.50000   -8.17270    0.62152  151.65994 0.30771 0.31285 0.31562 0.31121 0.30698 0.31252 0.31553 0.31094 0.30778 0.31368 0.31574 0.31122 0.30702 0.31247 0.31474 0.31063 
