#Linking QIE11 condition constant table...
#Printing QIE11 condition constant table! ShuntMode : 7
      29      63      1      HE      0.05602      -0.076      -1.3573      -46.134      -0.0402      -0.2652      -0.9489      -9.4133      0.00897      0.03372      4.29589      -18.333      -0.0374      -0.1404      -0.472      -0.011      0.04434      0.04462      0.04462      0.04408      0.04412      0.04472      0.0444      0.04368      0.04428      0.04464      0.04426      0.04378      0.04407      0.04454      0.04415      0.04354
      28      63      1      HE      -0.0541      0.12227      -2.5214      -6.6006      -0.1672      0.11923      -0.3251      -1.6602      -0.1815      -0.0457      0.44548      4.25774      0.06883      0.31751      0.99228      3.9285      0.04453      0.04493      0.04454      0.0435      0.0444      0.04501      0.04441      0.04344      0.04445      0.04487      0.04437      0.04338      0.04426      0.04484      0.04432      0.04334
      18      63      2      HE      -0.0348      2.86995      2.65066      11.446      -0.0745      2.76381      5.49067      4.40738      -0.0226      3.00968      6.18693      6.67962      0.00272      2.81409      5.29439      0.41739      0.0446      0.04403      0.04362      0.0432      0.04449      0.04403      0.04351      0.04305      0.04462      0.04394      0.04356      0.04302      0.04442      0.04394      0.04334      0.04307
      17      63      2      HE      0.06821      5.03968      3.3852      -21.503      0.07554      5.94835      6.96019      -25.558      0.06743      5.78888      9.48645      -36.043      0.10332      5.85472      6.96679      -26.597      0.04449      0.04453      0.04434      0.04333      0.04436      0.04449      0.04416      0.04359      0.04445      0.0445      0.04411      0.04353      0.04428      0.04444      0.04403      0.04333
      16      63      4      HE      0.03791      2.73927      2.08823      -5.6611      0.00779      2.32556      4.20231      -10.992      0.04319      2.63175      1.99064      -27.262      -0.0113      2.62481      4.31153      -17.271      0.04428      0.04472      0.0435      0.04323      0.04422      0.04482      0.04343      0.04329      0.04427      0.04464      0.04343      0.0433      0.04414      0.04454      0.0433      0.04328
      29      63      2      HE      0.03555      -0.4944      -1.853      -44.597      -0.033      -0.0982      -2.2357      -39.406      -0.0101      0.01271      -2.8361      -47.056      -0.0437      -0.4202      -1.0251      -70.462      0.04445      0.04491      0.04485      0.0445      0.0444      0.04491      0.04474      0.04449      0.04442      0.04488      0.04473      0.04441      0.04423      0.04479      0.04462      0.04438
      28      63      2      HE      -0.0319      1.0904      1.48221      -30.554      -0.0229      1.30501      5.84417      -18.708      -0.0825      1.50635      3.50568      -20.429      -0.0273      1.04606      1.64234      -14.558      0.04421      0.04468      0.04467      0.04507      0.04415      0.04476      0.04451      0.04491      0.04422      0.04479      0.04441      0.04493      0.04431      0.04466      0.04446      0.04501
      28      63      5      HE      -0.0825      -2.3008      -7.4031      -49.421      -0.0968      -1.8391      -2.1146      -44.586      -0.0747      -2.6996      -1.7806      -15.195      -0.1353      -2.1679      -3.7121      -31.648      0.04435      0.04465      0.04382      0.04399      0.04437      0.04469      0.04361      0.044      0.04437      0.04466      0.04354      0.04389      0.04447      0.04457      0.0435      0.04395
      28      63      3      HE      0.03343      -2.3616      -1.4317      -10.195      0.05085      -2.251      3.31986      22.115      0.03977      -1.9423      3.87712      20.4307      0.04431      -2.4462      4.63287      20.9327      0.04439      0.04448      0.04447      0.04467      0.04446      0.04462      0.04416      0.04447      0.04435      0.04456      0.04406      0.04446      0.04452      0.04454      0.04394      0.04443
      28      63      7      HE      0.01878      2.46623      3.85878      7.67381      0.02529      2.55376      3.31104      13.3797      0.00575      1.84697      1.8422      5.15364      0.03361      1.95544      6.74958      2.81151      0.04462      0.04438      0.04446      0.04426      0.04465      0.04472      0.04424      0.04428      0.04454      0.04465      0.04427      0.04412      0.04473      0.04462      0.04417      0.04408
      26      63      7      HE      -0.0404      4.60439      0.04212      -40.812      0.03577      4.3452      0.64815      -59.161      0.00721      4.23747      0.74011      -30.344      0.03404      4.09269      4.37551      -50.966      0.04434      0.04388      0.04351      0.04346      0.04439      0.04415      0.04328      0.04347      0.0443      0.04405      0.04325      0.04333      0.04446      0.044      0.0432      0.04337
      28      63      6      HE      -0.0581      -0.5944      -4.9953      -17.354      -0.0244      -0.508      -2.2147      -26.294      -0.0489      -0.2607      -4.7548      -40.222      -0.0239      -0.4864      -0.6612      0.16609      0.04453      0.04423      0.04472      0.04449      0.04458      0.04432      0.04468      0.04454      0.04441      0.04426      0.04445      0.04446      0.04465      0.04425      0.04452      0.04436
      18      63      3      HE      -0.0313      -7.5616      -13.798      -74.004      0.0668      -7.7762      -10.332      -29.891      0.08257      -7.6789      -11.728      -56.626      0.04294      -7.233      -13.621      -3.6039      0.04514      0.04446      0.04352      0.04376      0.04513      0.04453      0.04329      0.04353      0.045      0.04438      0.04319      0.0436      0.04511      0.04439      0.04307      0.04329
      28      63      4      HE      0.04238      -8.4883      -7.474      -11.994      0.04126      -8.0124      -6.4891      -22.141      -0.1925      -8.4486      -4.415      -24.733      0.04347      -7.974      -4.3077      -22.539      0.04451      0.04402      0.04422      0.04332      0.04445      0.04402      0.04406      0.04325      0.04445      0.04387      0.04394      0.04321      0.04436      0.04387      0.04395      0.04319
      17      63      3      HE      0.04715      -7.4308      -11.867      -28.056      0.01255      -6.7762      -3.4132      -27.153      0.08708      -6.593      -12.13      -28.337      0.04431      -6.7199      -8.5256      -28.56      0.04462      0.04447      0.04437      0.04409      0.0445      0.04423      0.04406      0.04376      0.04462      0.04419      0.04414      0.04387      0.04451      0.04417      0.04407      0.04383
      18      63      5      HE      0.07738      -7.5457      -8.7135      -28.46      0.01505      -7.5159      -4.5      -4.4351      0.03477      -7.5699      -4.2915      -6.469      0.00219      -7.2549      -4.8315      -5.7325      0.04452      0.04418      0.04508      0.04497      0.04449      0.04417      0.04481      0.04468      0.04459      0.04411      0.04472      0.04478      0.04444      0.04396      0.04467      0.04466
      18      63      1      HE      -0.0238      -7.9297      -14.457      5.83579      -0.0033      -7.933      -8.8013      29.9782      0.0063      -7.4166      -11.196      29.6632      0.0076      -7.3613      -10.622      47.9727      0.04419      0.04546      0.04469      0.04418      0.04421      0.04546      0.04436      0.04401      0.0443      0.0454      0.04442      0.0439      0.04412      0.04521      0.04433      0.04383
      18      63      4      HE      0.09239      -6.6255      -5.9122      5.3392      0.06066      -6.4547      -2.3749      10.5579      0.06375      -5.9156      -2.4516      17.3169      0.04062      -6.3069      -5.3888      -29.987      0.04483      0.04491      0.04474      0.04533      0.04473      0.04478      0.04464      0.04534      0.0448      0.04471      0.04454      0.04524      0.04468      0.04463      0.04449      0.04532
      18      64      1      HE      0.04054      1.6614      4.27209      -18.475      -0.033      1.35493      5.30505      -0.1295      0.04709      1.33995      5.25205      18.2887      -0.0102      1.05563      4.62337      9.03195      0.04413      0.0444      0.045      0.04483      0.04396      0.04451      0.04466      0.04472      0.04389      0.04446      0.04458      0.04437      0.04394      0.04451      0.04456      0.04466
      18      64      4      HE      0.08401      2.00795      4.13047      -31.981      0.02369      1.95951      7.95324      4.07618      0.06775      2.24311      7.92655      0.58276      0.08178      1.55605      8.82022      -8.6507      0.04388      0.04407      0.04447      0.04434      0.04364      0.04406      0.04421      0.04438      0.04372      0.04404      0.04414      0.04429      0.04365      0.04409      0.04409      0.04422
      18      64      5      HE      0.0658      -1.0566      3.33557      20.6808      0.01185      -1.1959      4.72213      20.9071      0.06199      -0.9424      0.56037      18.6471      0.03458      -1.4513      2.93024      33.1566      0.0438      0.04458      0.04482      0.04465      0.04358      0.04468      0.04461      0.04447      0.04366      0.04463      0.04468      0.04438      0.04365      0.04461      0.04459      0.0443
      17      64      3      HE      0.07472      -0.9362      3.39235      29.0226      0.0589      -0.8278      1.30258      53.154      0.12466      -1.0347      2.36754      37.5532      0.09017      -0.9207      6.2455      0.02939      0.04414      0.04431      0.04404      0.04365      0.04395      0.04435      0.04381      0.04355      0.04408      0.04434      0.0438      0.04356      0.04399      0.04431      0.04378      0.04353
      27      63      4      HE      -0.1409      4.10437      5.53615      27.5104      0.05625      4.59681      9.05664      50.6398      -0.1429      4.10561      8.64678      46.5856      0.0553      3.94897      8.73579      49.1435      0.04394      0.04463      0.04427      0.04399      0.04384      0.04477      0.04407      0.04374      0.04387      0.04469      0.04398      0.04369      0.04383      0.04461      0.04393      0.04377
      18      64      3      HE      0.0809      0.68539      1.18471      18.1149      0.08457      0.8368      5.1391      8.08914      0.09569      0.53857      3.80582      20.3753      0.10271      1.3571      4.82978      15.1381      0.04435      0.045      0.04406      0.04428      0.04423      0.04501      0.04385      0.04448      0.04424      0.04497      0.0438      0.04428      0.04423      0.04489      0.04374      0.04435
      27      63      7      HE      0.02676      -10.975      -16.99      -52.743      0.06742      -10.547      -12.934      -36.186      0.0841      -10.453      -12.419      -35.934      0.05237      -10.367      -12.229      -53.625      0.04512      0.04638      0.04479      0.04402      0.04512      0.04625      0.0444      0.04376      0.04494      0.04613      0.04432      0.04373      0.04506      0.04617      0.04435      0.04377
      27      63      3      HE      -0.0073      -5.3126      -8.9892      -14.208      0.06304      -5.2645      -6.8201      23.2378      -0.0022      -5.3039      -6.1995      -15.84      0.01674      -5.6365      -2.9878      -21.449      0.04388      0.0438      0.04379      0.04407      0.04386      0.04389      0.04356      0.04389      0.04387      0.04383      0.04349      0.04405      0.04382      0.0439      0.04346      0.04407
      27      63      5      HE      0.04362      -2.3448      -5.1751      -24.9      0.01745      -2.963      -2.2947      27.6947      0.05085      -2.5137      -1.8092      -12.653      0.01163      -3.0639      -2.2624      -3.6747      0.04416      0.04467      0.04473      0.0443      0.04412      0.04483      0.04432      0.04402      0.0441      0.04473      0.04417      0.04409      0.04404      0.04467      0.0442      0.04401
      27      63      6      HE      0.01814      -3.3766      -2.4747      -31.866      -0.0188      -3.2754      -0.8873      -35.214      -0.0108      -2.9411      -4.6321      -21.927      0.00113      -3.8195      -1.8694      -50.191      0.04457      0.04508      0.04441      0.0432      0.04456      0.0452      0.04421      0.0432      0.0446      0.04514      0.04418      0.04313      0.04448      0.04509      0.04417      0.04313
      29      63      3      HE      0.02677      -2.4157      -4.9159      -14.08      0.02048      -1.7588      1.38529      43.0896      0.04369      -1.6226      2.60984      -4.787      0.02791      -2.1667      -1.1785      8.17184      0.04365      0.0441      0.04345      0.04267      0.04359      0.04383      0.04314      0.04248      0.04365      0.04379      0.0431      0.04261      0.04358      0.04381      0.04311      0.04253
      27      63      1      HE      0.10489      -7.3254      -4.8839      23.7889      0.04099      -8.0113      -1.4388      13.2782      0.0872      -8.1759      -4.1358      25.2639      0.09169      -7.8169      -3.4118      38.4031      0.04442      0.04419      0.04423      0.04483      0.04431      0.04443      0.04405      0.04493      0.04417      0.04428      0.044      0.04464      0.04429      0.04428      0.04393      0.0446
      18      64      2      HE      0.02361      -7.3697      -6.1005      -2.1718      -0.0545      -7.823      -4.7791      -18.748      0.00937      -7.7849      -5.7671      -28.288      0.01462      -8.373      -5.1895      1.76623      0.04429      0.04443      0.04362      0.04387      0.04417      0.04452      0.04349      0.04392      0.04414      0.04441      0.04346      0.04387      0.04406      0.04439      0.04343      0.04369
      17      64      2      HE      0.08396      -8.7496      -11.966      -42.514      0.05155      -8.9656      -8.0713      -52.685      0.05774      -9.312      -8.2869      -47.361      0.00327      -9.6761      -9.055      -42.902      0.04391      0.04377      0.04434      0.04467      0.04374      0.04393      0.0442      0.04458      0.04363      0.04385      0.04415      0.0444      0.04373      0.04389      0.0441      0.04452
      16      64      4      HE      0.09315      -7.3066      -8.5278      -11.299      -0.0214      -8.0252      -5.2338      -11.998      0.06773      -8.0836      -6.2893      -12.597      -0.0002      -7.975      -4.1277      -2.7086      0.04406      0.04437      0.04375      0.04342      0.04384      0.04463      0.0436      0.04321      0.04385      0.04451      0.04346      0.04315      0.04382      0.04446      0.04353      0.04318
      27      63      2      HE      -0.0268      -7.1537      -1.1509      6.75456      -0.0156      -7.8073      1.43276      31.2409      -0.0086      -8      -1.119      9.66519      0.05924      -7.3875      -1.8938      25.3899      0.04388      0.04415      0.04372      0.04237      0.04373      0.04428      0.04365      0.04243      0.04373      0.04426      0.04356      0.04234      0.04367      0.0442      0.04352      0.04217
      27      65      1      HE      0.0998      -9.57      -8.7973      -33.203      0.11273      -9.9981      -8.3348      -26.432      0.09258      -10.239      -11.71      -18.951      0.03188      -10.053      -9.9887      -19.619      0.04446      0.04544      0.04395      0.04502      0.04445      0.04544      0.04381      0.04492      0.04432      0.04533      0.04369      0.04485      0.04435      0.04524      0.04364      0.04473
      18      65      2      HE      0.11554      -4.7188      0.66759      -8.9207      0.10513      -3.6946      -2.7694      -20.679      -0.1018      -4.155      -0.6022      -28.888      -0.1744      -4.5175      -5.7851      -22.623      0.04418      0.04436      0.04417      0.04388      0.04409      0.04408      0.04408      0.04393      0.04401      0.044      0.04397      0.04395      0.04388      0.0439      0.04403      0.04391
      17      65      2      HE      0.10051      -4.606      -5.6603      -19.314      0.059      -4.5807      -3.7247      -17.632      0.07927      -4.8336      -2.7721      -29.802      0.00103      -4.915      -3.8017      -18.643      0.04382      0.04331      0.04445      0.04321      0.04375      0.04318      0.04427      0.04328      0.04376      0.04319      0.04409      0.0432      0.04361      0.04323      0.04411      0.04312
      16      65      4      HE      0.0722      -7.8325      -8.6535      -54.683      0.09915      -8.222      -5.8618      -42.074      0.09132      -8.277      -6.1704      -39.041      0.07344      -8.9803      -6.1835      -80.893      0.04421      0.0443      0.04369      0.04427      0.04411      0.04445      0.04352      0.04433      0.04414      0.04437      0.04347      0.04426      0.04403      0.04441      0.04346      0.04427
      27      65      2      HE      0.10515      -9.3675      -7.5796      -41.514      0.11151      -8.8874      -4.0866      -40.795      0.08639      -8.6952      -5.891      -65.001      0.11359      -9.6195      -3.4441      -72.363      0.04382      0.04411      0.04436      0.04326      0.04374      0.04406      0.04413      0.04334      0.04376      0.04397      0.04407      0.04337      0.04354      0.04413      0.044      0.04339
      27      65      5      HE      0.11073      -1.1792      1.08387      14.7986      0.16327      -0.4331      3.6644      -2.882      0.01141      -0.3381      4.13445      -0.1485      0.04975      -1.1025      3.9243      26.9125      0.04455      0.04488      0.04526      0.04496      0.04477      0.04478      0.04499      0.04492      0.04433      0.04453      0.04485      0.04483      0.04428      0.0446      0.04483      0.04476
      27      65      3      HE      -0.1429      0.22259      -0.5379      31.1114      -0.1329      0.31065      4.399      22.8167      -0.1124      0.47636      2.17938      12.8529      -0.1147      0.56857      2.56732      -0.9811      0.04461      0.04486      0.04527      0.04416      0.04473      0.04474      0.04508      0.04432      0.04426      0.04461      0.045      0.04417      0.0442      0.04446      0.04499      0.04426
      27      65      7      HE      0.02141      -0.9932      -2.0181      -13.351      -0.0668      -0.611      0.49418      -17.941      -0.0792      -1.3825      -3.2794      -10.147      0.00341      -0.7294      0.77762      -12.348      0.04512      0.04593      0.04527      0.04484      0.04533      0.04586      0.04509      0.04479      0.04511      0.04579      0.04514      0.04478      0.04504      0.0458      0.04496      0.04476
      29      65      3      HE      0.14163      -0.9589      -1.4347      31.901      0.11604      -0.3212      -2.2075      16.0374      0.10329      -0.515      1.35177      -3.6144      0.09368      -0.3465      1.37271      1.70569      0.04495      0.04491      0.04531      0.04407      0.04516      0.04462      0.04516      0.04429      0.04483      0.04455      0.0451      0.04416      0.04477      0.0445      0.04506      0.04412
      27      65      6      HE      0.125      -1.9053      -3.4694      -29.065      0.1333      -1.4653      -4.0725      -32.371      0.1013      -1.4431      -1.2198      -27.257      0.11631      -1.5191      0.57516      -18.124      0.04529      0.04485      0.04515      0.04395      0.04542      0.04467      0.04502      0.04387      0.04504      0.04456      0.04485      0.0438      0.04507      0.04444      0.04482      0.04375
      18      65      3      HE      0.04851      -9.4423      -9.2622      19.7725      0.10653      -9.2843      -6.895      -0.2384      0.02793      -9.0928      -5.8566      17.1012      0.03686      -9.4683      -6.1782      -36.142      0.04458      0.04484      0.04531      0.04408      0.04472      0.04477      0.04509      0.04426      0.04454      0.04464      0.04505      0.04411      0.04456      0.04466      0.04506      0.04426
      27      65      4      HE      0.04099      -3.8956      -4.553      -12.562      0.05641      -2.8838      1.60234      8.89994      0.03039      -3.5022      -0.3177      12.773      0.04475      -3.3097      -0.3145      24.9398      0.04357      0.04433      0.04368      0.04319      0.04374      0.04429      0.04345      0.043      0.04363      0.04426      0.04334      0.0429      0.04339      0.04421      0.04341      0.04261
      17      65      3      HE      0.08667      -4.7611      -2.1208      -29.217      0.09467      -2.6019      -3.7952      -22.677      0.07985      -3.9213      -0.8438      -22.607      -0.149      -4.7344      -4.311      -11.01      0.04426      0.04487      0.04441      0.04498      0.04435      0.04436      0.04421      0.04492      0.04419      0.04458      0.0441      0.04489      0.04404      0.04463      0.04417      0.04468
      18      65      5      HE      0.04177      -5.0596      -9.2535      -31.007      0.04158      -5.1478      -3.5584      -14.983      0.0165      -5.2591      -6.4492      -24.41      0.02006      -5.1177      -2.7606      -18.809      0.04465      0.04429      0.04457      0.04508      0.04486      0.04436      0.04436      0.0451      0.04474      0.04425      0.04437      0.04484      0.04458      0.04416      0.04426      0.04494
      18      65      1      HE      0.04897      -8.1459      -7.0782      3.1587      0.10669      -7.5386      -6.3178      13.6814      0.0839      -8.0904      -7.0744      3.51609      0.04992      -7.9503      -8.4901      -4.9521      0.04443      0.04515      0.04411      0.0447      0.04451      0.04498      0.04405      0.04465      0.04441      0.04501      0.04384      0.04458      0.04425      0.04497      0.04374      0.04453
      18      65      4      HE      0.03254      -8.4613      -5.8579      40.9216      0.03291      -8.4303      -1.6962      12.5087      0.08066      -7.9605      -4.7514      7.55584      0.06995      -8.4568      -5.5146      12.2943      0.04414      0.044      0.04482      0.04352      0.04419      0.04395      0.04468      0.04333      0.04413      0.04385      0.04464      0.04337      0.04394      0.04387      0.04462      0.0434
      18      66      1      HE      -0.325      -3.2102      -6.8421      -7.864      0.20487      -2.1058      -1.2405      -13.277      -0.2152      -3.0875      -1.6104      9.34802      -0.1355      -2.8415      -0.2483      25.4519      0.04461      0.04483      0.04454      0.04315      0.04459      0.04478      0.04407      0.0431      0.04425      0.04465      0.04406      0.04297      0.04449      0.04465      0.04403      0.04294
      18      66      4      HE      0.02341      0.5914      2.70647      52.5992      0.03706      0.54597      5.26428      52.3035      -0.1542      0.1617      3.46877      53.7424      -0.1953      0.46687      6.27342      60.8211      0.04478      0.04533      0.04606      0.04364      0.04479      0.04556      0.04593      0.04367      0.04457      0.04542      0.04586      0.04354      0.04462      0.04542      0.04583      0.04355
      18      66      5      HE      0.10793      -2.8804      -8.9942      -86.794      0.12115      -3.4464      -5.0027      -13.354      -0.0196      -3.41      -5.283      -30.446      0.09093      -3.6023      -1.3825      -59.006      0.04463      0.0454      0.04465      0.04509      0.0446      0.04557      0.04442      0.04487      0.04443      0.0454      0.04423      0.04479      0.04444      0.0454      0.04419      0.04483
      17      66      3      HE      -0.1071      1.75605      6.41628      -11.696      0.05402      2.29791      5.78833      11.5293      -0.2019      1.49589      7.396      29.0863      0.0866      2.32995      3.7373      10.1785      0.04469      0.04521      0.04499      0.0451      0.04469      0.04523      0.04473      0.04504      0.04439      0.04511      0.04467      0.04493      0.04442      0.04508      0.04462      0.04499
      28      65      4      HE      0.12896      -0.9569      -0.5815      25.3972      0.14685      -1.0997      -2.4634      22.1096      0.04944      -1.5909      0.62091      -29.683      0.109      -1.5198      -1.0954      -23.849      0.04433      0.04479      0.04483      0.04382      0.04435      0.04505      0.04476      0.04395      0.04404      0.04486      0.04458      0.04387      0.04411      0.04488      0.0446      0.04395
      18      66      3      HE      0.1068      2.71412      -0.0139      -35.931      0.05451      1.87121      0.82154      -29.649      0.03861      1.85058      -2.4867      -10.109      0.08734      2.06792      -1.4641      -17.771      0.04411      0.04412      0.04466      0.04382      0.04412      0.04433      0.04441      0.0437      0.04391      0.04427      0.04443      0.04365      0.04396      0.04426      0.04443      0.04355
      28      65      7      HE      0.0122      -8.2918      -6.8799      8.98798      0.00804      -8.3855      -8.1346      4.13604      0.06856      -8.4399      -7.804      16.6625      0.01982      -8.6877      -4.8567      21.5595      0.04346      0.04341      0.0424      0.04416      0.04344      0.0435      0.04233      0.04416      0.04338      0.04345      0.0423      0.04414      0.04342      0.04342      0.04221      0.044
      28      65      3      HE      0.04526      -8.5673      -10.987      -44.524      -0.0098      -9.2083      -8.132      -38.581      0.0489      -9.1632      -7.7655      -42.457      -0.0185      -8.9981      -7.5221      -32.338      0.04484      0.0457      0.04544      0.04556      0.04485      0.04592      0.04511      0.04535      0.04479      0.04581      0.04507      0.0453      0.04483      0.04576      0.04513      0.04532
      28      65      5      HE      0.07662      -6.7572      -9.4029      -9.5328      0.03632      -6.7055      -4.3756      -63.15      0.06084      -7.107      -6.3297      -24.269      0.03087      -6.7669      -3.9794      -77.332      0.04419      0.04479      0.04531      0.04473      0.04425      0.04482      0.04518      0.04489      0.0441      0.0448      0.045      0.04482      0.04415      0.04475      0.04495      0.04494
      28      65      6      HE      -0.0506      -6.9627      -8.3339      -68.885      -0.0051      -6.3525      -9.4621      -57.144      -0.0224      -6.5482      -8.3423      -51.133      -0.0139      -6.5307      -7.2133      -68.302      0.04492      0.04559      0.04541      0.0446      0.04491      0.0455      0.04521      0.04457      0.04485      0.04547      0.04518      0.0445      0.04491      0.04546      0.04517      0.04452
      26      65      7      HE      0.09218      -7.0831      -7.2336      -24.979      0.12788      -7.5356      -0.4412      -1.6759      0.0978      -7.4134      -2.1546      -8.1822      0.11659      -7.7818      0.44069      0.04805      0.04488      0.04565      0.04538      0.0448      0.04489      0.04579      0.04502      0.04464      0.04479      0.04569      0.04489      0.04462      0.04483      0.04568      0.04488      0.04459
      28      65      2      HE      0.01643      -7.8268      -8.7952      -5.2042      0.02835      -8.3539      -9.077      -19.885      0.0696      -8.096      -8.152      -1.2041      0.07481      -7.6852      -7.8486      -8.7192      0.04456      0.04545      0.04477      0.04453      0.04461      0.04555      0.04473      0.04471      0.04449      0.04547      0.04466      0.04463      0.04451      0.04547      0.0446      0.04451
      29      65      1      HE      0.01896      1.76527      5.26453      -24.24      0.10772      3.02121      5.37801      10.0598      0.09576      1.87224      8.21619      -14.291      0.0934      1.84821      8.22405      7.24871      0.04366      0.0443      0.04477      0.04322      0.04361      0.04392      0.04453      0.04299      0.04356      0.04406      0.04454      0.04303      0.04351      0.04406      0.04447      0.04292
      28      65      1      HE      0.00938      -1.752      -4.7387      -42.539      0.05034      -1.435      -5.8517      -63.439      0.03903      -1.1772      -3.0316      -57.052      0.01065      -0.8732      -4.0856      -56.738      0.04321      0.04393      0.04417      0.04411      0.04314      0.04383      0.04392      0.04405      0.0431      0.04368      0.04386      0.04393      0.04307      0.04364      0.04381      0.04392
      18      66      2      HE      0.03125      1.02847      2.21493      -15.631      0.10413      1.45177      1.97868      -15.31      0.11149      1.33481      2.60022      -5.9499      0.03712      1.37599      -0.1155      -13.159      0.04384      0.04426      0.04407      0.04392      0.0438      0.04423      0.04384      0.0438      0.04365      0.04419      0.04373      0.04366      0.04369      0.04416      0.04378      0.0437
      17      66      2      HE      -0.0131      -1.7569      -4.1213      -47.043      0.01601      -1.3943      -0.2633      -47.14      -0.0327      -1.2856      -0.1578      -56.139      -0.0024      -1.487      0.76622      -38.16      0.04444      0.04454      0.04485      0.04394      0.04436      0.04436      0.04451      0.04387      0.0443      0.04429      0.04453      0.0439      0.04431      0.04429      0.04445      0.04379
      16      66      4      HE      0.02323      1.286      -2.5142      -32.65      0.03367      2.02269      2.71561      -51.541      0.04814      1.71926      4.05917      -41.795      -0.0225      1.2182      3.36756      -41.251      0.04364      0.04402      0.04473      0.04307      0.04357      0.04378      0.04444      0.04304      0.04355      0.04375      0.04429      0.04296      0.04347      0.0438      0.04432      0.04277
      29      65      2      HE      0.06669      -3.9739      -2.6821      21.2279      0.02608      -3.1761      1.4278      -3.4292      0.01799      -3.4095      -0.8763      -10.834      -0.0113      -3.5666      1.35369      -2.2464      0.0441      0.04409      0.04542      0.04337      0.04405      0.04385      0.04514      0.0434      0.04398      0.04382      0.04508      0.04339      0.04392      0.04382      0.045      0.04335
      19      63      2      HE      -0.0048      0.17139      -3.1428      -74.825      -0.0155      0.43098      1.30047      -67.05      0.00087      0.55275      -0.8503      -71.848      -0.0151      -0.1939      0.5787      -83.047      0.04365      0.04344      0.04267      0.04335      0.04366      0.0435      0.04247      0.04336      0.04343      0.04346      0.04238      0.04326      0.04349      0.04347      0.04235      0.04324
      20      63      3      HE      0.01994      -0.5103      -1.0974      -16.798      0.06003      -0.3662      5.91595      4.19815      0.05741      -0.4379      1.12354      1.45361      0.06727      -0.2409      5.18329      17.4758      0.04254      0.04364      0.04337      0.04354      0.04254      0.04387      0.04312      0.04329      0.04242      0.04372      0.04306      0.04332      0.04246      0.04373      0.04298      0.04326
      22      63      3      HE      -0.0093      -2.3702      -3.6068      -17.697      -0.0152      -2.9744      -2.6135      -22.32      -0.0231      -2.6142      -0.7238      -74.024      0.01757      -3.0636      -3.5313      -22.22      0.04372      0.04364      0.04344      0.04317      0.04375      0.04386      0.04317      0.04318      0.04361      0.04368      0.04311      0.04327      0.04363      0.04365      0.0432      0.04318
      24      63      3      HE      0.02125      -5.7591      -10.842      -55.992      0.02825      -5.7162      -7.7565      -84.12      0.00651      -6.2781      -9.8687      -69.531      0.04253      -5.6843      -8.0898      -68.319      0.04309      0.04301      0.04242      0.04142      0.04318      0.04326      0.04223      0.04154      0.043      0.04316      0.04205      0.04135      0.0431      0.04316      0.04209      0.04141
      24      63      2      HE      0.0889      -1.4017      3.03839      19.1156      -0.0063      -1.6823      4.18475      -15.087      0.02469      -1.3687      3.57481      23.7436      0.09606      -0.9257      5.35949      -13.784      0.04324      0.0435      0.04277      0.04273      0.04338      0.04367      0.04259      0.04269      0.04316      0.0436      0.04252      0.04253      0.0432      0.04353      0.04248      0.04263
      26      63      2      HE      0.05886      -0.3472      0.6621      29.7292      0.05363      0.40044      3.58019      -5.8418      0.02123      -0.1582      0.42534      -12.107      0.05947      -0.2443      3.49418      -9.0725      0.04326      0.04328      0.04296      0.04258      0.04326      0.04322      0.04275      0.04264      0.0431      0.04323      0.0428      0.04264      0.04311      0.0432      0.04269      0.04258
      24      63      6      HE      0.03888      0.50908      -0.6307      5.46101      0.03182      0.16671      5.15589      1.5544      0.05563      0.4105      2.91111      32.3032      0.05469      -0.0053      2.58322      36.9411      0.044      0.04425      0.04348      0.04387      0.044      0.04438      0.04311      0.04386      0.04397      0.04432      0.04307      0.0437      0.04378      0.04433      0.04304      0.04368
      24      63      5      HE      0.03274      2.93462      2.43031      0.337      -0.0388      2.83258      4.04938      0.40093      0.01056      2.75181      7.54089      22.0703      0.01485      2.30856      3.17382      6.1434      0.04356      0.04398      0.04327      0.04219      0.04352      0.04404      0.04295      0.04192      0.04347      0.04403      0.0429      0.04185      0.04334      0.04397      0.04281      0.04186
      26      63      5      HE      0.02194      4.35371      0.78464      10.5949      0.02258      4.74348      8.63911      4.56118      0.01906      3.95489      4.37995      -17.907      0.00222      4.21492      2.4164      1.94366      0.04383      0.04415      0.04386      0.0438      0.04385      0.04428      0.04363      0.04377      0.04372      0.04424      0.04352      0.04363      0.04366      0.0442      0.04347      0.0436
      26      63      6      HE      0.0649      -1.5992      -3.2946      -24.713      0.04911      -1.6623      0.55924      -15.016      0.04642      -1.5579      -0.6845      -3.9978      0.05551      -1.6761      3.58982      -9.9363      0.04411      0.0443      0.04363      0.0427      0.04405      0.04434      0.04346      0.04259      0.044      0.04427      0.0434      0.04248      0.0439      0.04422      0.0433      0.04251
      19      63      3      HE      0.03326      -2.2565      -2.1405      25.1776      0.07208      -2.534      1.35142      33.4042      -0.0557      -2.7878      1.49245      1.64178      0.04517      -2.2038      -1.472      42.798      0.04417      0.04436      0.04379      0.04329      0.0442      0.04444      0.04372      0.04312      0.04403      0.04425      0.04355      0.04308      0.04389      0.04419      0.0436      0.04309
      26      63      3      HE      0.0261      1.58624      1.39428      -3.8619      0.02161      1.50264      0.74129      10.0131      0.018      1.77141      4.39971      25.2628      0.00886      1.35739      5.50745      27.6701      0.04393      0.04403      0.04416      0.04228      0.04389      0.04396      0.04397      0.04213      0.04377      0.04389      0.04384      0.04205      0.04364      0.04388      0.04381      0.042
      19      63      5      HE      0.00486      -8.0131      -10.797      -21.669      0.02988      -8.4118      -10.607      -28.239      0.06344      -8.215      -6.2992      -32.151      0.04204      -8.3822      -8.5139      -35.274      0.04426      0.04429      0.04395      0.04233      0.0443      0.04441      0.0439      0.04231      0.04431      0.0443      0.04374      0.04212      0.04425      0.04431      0.04378      0.04226
      26      63      4      HE      0.08247      -8.4061      -9.1857      -29.95      0.10234      -8.1924      -3.4048      -17.124      0.0519      -8.1879      -5.7676      -13.847      0.01944      -8.6793      -1.8758      -12.411      0.04363      0.04426      0.04313      0.04538      0.04366      0.04422      0.04283      0.04523      0.0437      0.0442      0.0427      0.04516      0.04356      0.04419      0.04268      0.04517
      20      63      6      HE      -0.1408      -5.7033      -2.5938      9.90236      -0.1165      -6.1065      0.26138      40.6964      -0.1585      -6.1764      1.23988      30.9471      -0.0415      -6.3774      -0.528      30.4817      0.04373      0.04477      0.04435      0.04466      0.04383      0.04504      0.0442      0.04452      0.04379      0.04496      0.0441      0.04452      0.04368      0.04491      0.04414      0.04454
      20      63      5      HE      0.05831      -6.4223      -10.186      -30.956      0.01443      -6.7793      -9.4545      -28.481      -0.0068      -6.6696      -9.0854      -29.262      0.08472      -6.3622      -8.4716      -32.817      0.04355      0.04428      0.04407      0.04434      0.04357      0.04442      0.04397      0.04427      0.04367      0.04436      0.04394      0.04416      0.04355      0.0443      0.04387      0.0441
      22      63      5      HE      -0.0118      -7.4306      -12.778      -56.731      0.06203      -6.961      -5.0777      -44.089      -0.0241      -7.6086      -7.2452      -33.945      -0.0082      -7.821      -5.0071      -8.8624      0.04305      0.04461      0.04367      0.04412      0.04311      0.04471      0.04337      0.04409      0.04317      0.04475      0.0434      0.04399      0.0431      0.04466      0.04332      0.04382
      22      63      6      HE      -0.0223      -7.7264      -3.414      -4.2162      -0.0237      -7.5506      -6.2572      32.6352      -0.0174      -7.4423      -3.5993      22.4555      0.0543      -7.8034      -3.891      49.5024      0.04357      0.04399      0.04362      0.04441      0.04359      0.04408      0.04348      0.04415      0.04363      0.04399      0.0434      0.04405      0.04359      0.04405      0.04341      0.0437
      19      63      1      HE      0.06553      -2.5121      -0.2617      -32.751      0.08486      -2.9583      2.38078      -15.57      0.04149      -2.7537      7.25167      -10.604      0.06098      -2.9778      6.04351      -6.0026      0.04412      0.04405      0.04442      0.04274      0.044      0.04425      0.04415      0.04256      0.04404      0.04419      0.044      0.04264      0.04389      0.04417      0.044      0.04259
      20      63      1      HE      0.0154      -2.9237      0.77072      14.0883      0.04291      -3.0359      -0.0115      20.5779      0.03466      -2.8832      4.817      -11.938      0.03792      -2.8868      2.35833      -12.169      0.0439      0.04378      0.0444      0.04409      0.04379      0.04403      0.04421      0.04405      0.04389      0.04396      0.04411      0.04401      0.04365      0.04398      0.04411      0.04399
      22      63      1      HE      -0.1036      0.54498      4.05843      13.8871      -0.0781      0.30704      4.68466      42.9557      -0.127      0.02039      2.45772      20.7812      -0.1775      -0.6523      4.3261      42.3968      0.04444      0.04498      0.04357      0.04364      0.04434      0.04527      0.04345      0.04358      0.04437      0.04526      0.04329      0.0436      0.04416      0.04519      0.04332      0.04351
      24      63      1      HE      0.06266      -3.7927      -6.1687      -12.443      0.01015      -3.7415      -3.4243      -44.405      -0.0001      -3.2862      -4.9249      -4.4523      0.01657      -4.2859      -5.8088      -32.875      0.04388      0.04462      0.04382      0.04466      0.04375      0.04472      0.04367      0.04476      0.04386      0.04463      0.04365      0.04463      0.04361      0.04462      0.04356      0.04469
      19      63      4      HE      -0.065      0.37236      2.12249      -0.6085      0.06489      0.2881      2.81489      26.8695      0.06436      -0.0272      5.40737      62.7688      -0.1021      -0.13      1.18962      21.2347      0.04366      0.04417      0.04316      0.04363      0.04353      0.04427      0.04305      0.04361      0.04357      0.0442      0.04297      0.04341      0.04338      0.04417      0.0429      0.0435
      26      63      1      HE      0.10382      -1.3528      0.92221      44.0379      0.0602      -1.7267      -0.0982      29.6416      0.08358      -2.1737      4.48409      28.7634      0.07752      -1.6855      0.05202      78.7462      0.04439      0.04425      0.04378      0.04349      0.04427      0.04445      0.04362      0.04337      0.04432      0.04436      0.04354      0.04341      0.04407      0.0443      0.04348      0.04312
      19      63      6      HE      0.10308      1.76034      3.01722      17.588      0.08212      1.51352      5.39899      9.83149      -0.0183      0.52974      5.48461      -0.4861      -0.0808      0.47591      3.77245      11.292      0.04528      0.0456      0.04588      0.04425      0.04486      0.04576      0.04569      0.0444      0.04493      0.04571      0.04565      0.04422      0.045      0.04575      0.04561      0.04439
      24      63      4      HE      0.07385      1.49944      1.73522      26.1499      0.0621      1.21357      4.89208      32.5245      0.12998      1.01009      4.8334      26.4184      0.08285      1.07403      6.13338      -2.4555      0.04511      0.0449      0.04558      0.04401      0.04469      0.04496      0.0455      0.04396      0.04488      0.04492      0.04541      0.04409      0.04481      0.04493      0.04527      0.04398
      22      63      2      HE      0.0408      -0.7655      0.25613      12.7443      0.03615      -0.9702      2.25225      7.52579      0.10974      -0.4166      3.8976      7.47861      0.028      -0.9532      3.10549      19.2346      0.04508      0.04559      0.0447      0.04495      0.04457      0.04564      0.0445      0.04481      0.04483      0.04563      0.04447      0.04478      0.04475      0.04557      0.04446      0.04468
      20      63      2      HE      0.09038      -0.3259      1.01931      -10.104      0.04055      -0.835      0.32222      -10.968      0.10604      -0.8869      2.98304      -1.4737      0.06249      -0.8084      2.17333      -1.0329      0.04487      0.04478      0.04385      0.04473      0.04446      0.04491      0.04382      0.04469      0.04479      0.04482      0.0438      0.04459      0.04472      0.04486      0.04362      0.04464
      22      63      4      HE      -0.1047      3.30321      3.21041      -8.0597      -0.1321      2.5523      9.45041      -7.0886      -0.1125      2.70526      10.025      -15.452      -0.0667      2.51866      6.52491      -12.839      0.04524      0.04501      0.04375      0.04371      0.04491      0.04522      0.04359      0.04353      0.0451      0.04519      0.0435      0.0435      0.04502      0.04516      0.04347      0.04345
      20      63      4      HE      0.08828      -0.1104      1.04341      -41.481      0.03608      -0.2548      0.12454      -57.362      0.06625      -0.313      0.20318      -49.5      0.11731      -0.5378      0.87299      -72.459      0.04569      0.04507      0.04495      0.04354      0.04524      0.04507      0.04474      0.04357      0.04543      0.04505      0.04462      0.04348      0.04538      0.04507      0.04459      0.04349
      19      64      5      HE      -0.0214      -3.5731      -7.6394      -40.597      -0.034      -3.001      0.51108      -49.826      -0.0314      -2.6511      -1.5703      -27.659      -0.0179      -2.6335      -1.0622      -32.416      0.0438      0.04367      0.04404      0.0441      0.0438      0.04344      0.04375      0.04407      0.0437      0.04338      0.04377      0.04399      0.04357      0.04335      0.04374      0.0438
      19      64      6      HE      0.0156      -1.4457      -4.0437      -10.532      0.0339      -0.8946      -1.3738      -0.9647      0.08067      -0.7683      1.14824      36.8035      0.04973      -1.0693      -0.3019      13.9708      0.04391      0.04407      0.04299      0.04287      0.04384      0.04394      0.04281      0.04266      0.04379      0.04389      0.04281      0.04252      0.0437      0.0439      0.04262      0.04256
      21      63      2      HE      0.0638      -0.5914      1.45446      -32.323      0.03935      -0.5145      4.28508      -7.866      0.062      -0.5501      4.96051      -16.651      0.06272      -1.3966      2.46754      -24.087      0.04355      0.04373      0.04406      0.04352      0.04347      0.04371      0.04387      0.04349      0.04344      0.04368      0.04384      0.04344      0.04328      0.04371      0.04372      0.04333
      20      64      2      HE      0.02487      -2.7948      -0.6973      -27.805      0.02385      -2.3939      -0.9193      -39.246      0.03588      -2.4743      0.63577      -41.073      0.02824      -2.456      0.45928      -35.151      0.04413      0.0439      0.0438      0.04288      0.04412      0.04377      0.04369      0.04302      0.04409      0.04376      0.04373      0.04297      0.04404      0.04372      0.04355      0.04279
      21      63      4      HE      0.04093      -1.0269      -2.6828      5.85594      -0.0477      -0.3143      1.05623      3.28169      -0.0497      -1.1491      -1.3729      1.59153      0.05722      -1.154      -4.0262      -24.31      0.04409      0.04414      0.04416      0.04349      0.04409      0.04401      0.04415      0.0434      0.04395      0.0441      0.04412      0.0434      0.04393      0.04411      0.04411      0.04341
      20      64      4      HE      0.14038      -5.5013      -5.6861      -1.0587      0.07895      -5.0983      0.09342      24.2908      0.07817      -4.7213      -1.435      24.7685      -0.0028      -5.7042      -6.4045      29.7978      0.04391      0.04354      0.04301      0.04296      0.04377      0.04339      0.0427      0.0429      0.0437      0.04333      0.04268      0.04286      0.04361      0.04341      0.04283      0.04271
      19      64      1      HE      0.01021      2.25449      3.27354      6.46925      -0.0096      1.16842      5.86676      14.3949      -0.0385      2.0295      3.3093      15.9811      0.04068      1.88766      3.78599      0.76954      0.04469      0.04464      0.04411      0.04477      0.04416      0.04467      0.04388      0.04467      0.04456      0.0446      0.04395      0.04464      0.04406      0.0446      0.04381      0.04466
      20      64      1      HE      0.0527      0.85207      2.78413      25.3019      0.1036      0.45507      4.49807      -2.0393      0.03608      0.81554      5.87455      -15.702      0.00077      -0.1151      6.91298      -2.055      0.04474      0.04467      0.04447      0.04495      0.04424      0.04484      0.04427      0.04489      0.04468      0.0448      0.04427      0.04488      0.04405      0.04481      0.04424      0.04484
      21      63      1      HE      0.01329      0.90278      0.28707      -10.024      -0.0472      0.04215      5.94941      16.4673      0.04826      0.04506      6.11928      33.7402      -0.0541      0.67693      4.05915      -21.173      0.0444      0.04466      0.04438      0.04392      0.04394      0.04471      0.04408      0.04383      0.04444      0.04471      0.04409      0.04376      0.0438      0.0446      0.04408      0.04391
      23      63      1      HE      0.01821      0.6848      1.02163      13.1678      0.0204      0.56995      4.30379      3.35104      0.06304      1.07645      5.12542      5.66908      0.00756      0.6261      3.22371      8.78752      0.04446      0.04426      0.04427      0.04316      0.04403      0.04437      0.04418      0.04306      0.04438      0.04435      0.0441      0.04291      0.04395      0.04428      0.044      0.04303
      19      64      4      HE      -0.1235      1.47059      5.90174      1.30542      0.03263      0.75399      6.60498      -2.0165      0.03975      0.84908      5.39229      14.9006      0.03461      0.39418      4.98318      8.74629      0.04419      0.04411      0.04465      0.04487      0.04381      0.04428      0.04455      0.0447      0.04409      0.0443      0.04453      0.04461      0.04364      0.04423      0.04441      0.04453
      25      63      1      HE      0.06041      4.92169      0.81788      -2.321      -0.0069      4.6649      3.60148      20.2294      0.06438      4.89411      3.56251      -12.818      -0.0019      4.40626      2.43455      -9.5746      0.04434      0.0446      0.04412      0.04309      0.04391      0.04461      0.04397      0.04299      0.04427      0.04457      0.04388      0.04288      0.04371      0.04448      0.04387      0.04287
      23      63      6      HE      0.08062      -3.733      -3.1254      -42.547      0.00187      -3.6265      -1.4337      -45.076      0.07292      -3.3871      -1.1101      -41.418      0.05524      -2.9598      -3.1554      -45.873      0.04353      0.04425      0.04351      0.04413      0.04349      0.04436      0.04338      0.04426      0.0435      0.04433      0.04329      0.04427      0.04339      0.04427      0.04325      0.04419
      25      63      4      HE      -0.0154      -2.4108      -1.9251      5.33558      0.03591      -3.1622      -0.0018      5.64593      0.0189      -3.2027      2.71741      7.80556      -0.0196      -3.4735      0.28394      2.5703      0.04383      0.044      0.04346      0.04443      0.04375      0.04422      0.04336      0.04435      0.04378      0.04415      0.04327      0.04431      0.04363      0.04415      0.04326      0.0442
      20      64      5      HE      -0.1309      0.38897      0.06745      -36.188      -0.1231      0.50706      2.78573      -9.4823      -0.1865      -0.1326      0.57924      -31.682      -0.1617      -0.0294      3.53557      -6.9207      0.04361      0.04382      0.04369      0.04298      0.04355      0.04394      0.04352      0.04294      0.04359      0.0439      0.04354      0.04298      0.04341      0.04387      0.04345      0.04281
      21      63      6      HE      0.02026      -4.2776      -5.2165      -41.818      0.05496      -4.3967      -2.2756      4.74196      0.08684      -4.0269      -1.2044      -28.809      -0.0011      -4.5101      -2.4139      -16.261      0.04384      0.04357      0.04372      0.04282      0.04374      0.0437      0.04353      0.04266      0.04375      0.0436      0.04348      0.04268      0.04358      0.04359      0.04343      0.04267
      23      63      4      HE      0.00558      0.78873      -2.7937      -31.876      0.04138      0.18412      3.96585      -13.188      0.08464      0.42993      3.54497      1.67785      0.04859      0.15529      0.9086      -27.264      0.04368      0.04439      0.04475      0.04394      0.04367      0.04456      0.04456      0.0438      0.04371      0.04448      0.04442      0.04358      0.04349      0.04441      0.04441      0.04352
      20      64      6      HE      -0.0168      -1.6805      -0.3698      -23.906      -0.0083      -1.766      -1.5429      -15.807      0.0695      -1.3723      0.10731      -5.6819      0.05403      -1.7597      4.09413      -18.183      0.04357      0.04376      0.04328      0.04344      0.04346      0.04388      0.04315      0.04352      0.0435      0.04379      0.04307      0.04342      0.0433      0.04375      0.04303      0.0434
      21      63      5      HE      -0.0003      3.00391      -6.0642      -44.931      0.00695      3.02605      4.11765      -42.259      0.0107      3.35962      4.59563      -32.682      0.00788      3.21965      0.26094      -34.996      0.0434      0.04341      0.04378      0.04301      0.04345      0.04347      0.04345      0.04296      0.04347      0.0434      0.04341      0.04297      0.04343      0.04334      0.0434      0.04282
      23      63      5      HE      0.00094      -0.2284      -4.0727      19.6862      -0.0029      -0.5192      0.71902      4.03267      0.0243      -0.7943      1.34943      2.64028      0.00077      -0.6047      1.13977      4.28969      0.04396      0.04524      0.04381      0.04337      0.04391      0.04522      0.04362      0.04327      0.04398      0.04516      0.0436      0.04316      0.0439      0.04517      0.04354      0.04308
      25      63      6      HE      -0.015      -2.9994      -3.4719      -14.474      -0      -2.1547      -1.5285      -6.1668      -0.0543      -2.4549      3.26246      -18.241      -0.0077      -2.2603      -1.7934      -44.398      0.04391      0.04423      0.04285      0.04342      0.0439      0.04415      0.04264      0.04331      0.04389      0.04407      0.04255      0.04334      0.04379      0.04407      0.04263      0.04343
      25      63      5      HE      -0.0558      -5.6233      -7.7013      -35.851      -0.0477      -5.0933      -6.0831      -26.366      -0.0495      -4.9285      -6.2908      -15.526      -0.0372      -5.5511      -6.1393      -24.691      0.04403      0.04443      0.04433      0.04397      0.04415      0.04428      0.04404      0.04374      0.04412      0.04422      0.04404      0.04361      0.04407      0.04426      0.04403      0.04369
      19      64      3      HE      0.05488      -5.6106      -7.405      -18.082      0.04188      -5.6021      -3.5525      -11.501      0.00519      -5.6044      -5.3812      -10.538      -0.0033      -5.9578      -3.3995      7.13303      0.04361      0.04345      0.04302      0.04386      0.04365      0.04353      0.04274      0.04381      0.04366      0.0434      0.04273      0.04365      0.04356      0.04342      0.04267      0.04373
      25      63      3      HE      -0.048      -8.0391      -7.8595      6.48619      -0.0498      -7.0972      -3.2033      -2.6191      -0.0309      -7.6988      -6.8366      24.6091      -0.0542      -7.2363      -6.5857      -10.08      0.04377      0.04408      0.04429      0.04433      0.0438      0.04406      0.04412      0.04403      0.04385      0.04406      0.04417      0.04402      0.04376      0.04402      0.04407      0.04406
      19      64      2      HE      0.07583      -6.9968      -6.721      -55.231      0.07671      -7.3406      -2.6549      -12.746      0.04702      -7.554      0.58152      -35.397      0.07741      -7.4139      -0.6208      -18.893      0.04435      0.04527      0.04456      0.0456      0.04425      0.04537      0.04423      0.04537      0.04429      0.0453      0.04412      0.04538      0.04417      0.04528      0.0441      0.04537
      20      64      3      HE      0.00576      -8.3048      -7.4738      1.3104      0.00038      -8.2716      -5.4434      -37.187      0.01696      -8.4003      -5.2553      -34.669      -0.0026      -8.8502      -8.5711      -3.2334      0.04447      0.0453      0.04531      0.04423      0.0443      0.04526      0.04506      0.0444      0.0444      0.04521      0.04496      0.04432      0.04426      0.04521      0.04504      0.04425
      21      63      3      HE      -0.0092      -7.7771      -6.5804      -5.9638      -0.0062      -8.4598      -3.3978      1.63919      0.02172      -7.9995      -3.062      -0.6633      -0.0065      -8.6645      -1.3627      3.25326      0.04448      0.04513      0.04568      0.04592      0.04441      0.04524      0.04537      0.04602      0.04438      0.04516      0.04531      0.04588      0.04434      0.04518      0.0454      0.04583
      23      63      3      HE      -0.0098      -8.2411      -11.143      13.0399      -0.0229      -8.2575      -5.2236      -62.224      -0.019      -8.03      -9.2066      -27.98      0.00252      -8.4387      -9.4529      -35.497      0.04493      0.04498      0.04469      0.04551      0.0448      0.04503      0.04446      0.04573      0.0448      0.04504      0.04442      0.04564      0.04472      0.04502      0.04441      0.04565
      23      63      2      HE      0.12933      -8.0899      -7.3743      -54.612      0.12743      -7.7318      -3.5703      -10.436      0.04958      -8.1625      -3.7698      -1.9998      0.05175      -8.0066      -3.3684      -9.9138      0.04439      0.04474      0.04487      0.0441      0.04426      0.04482      0.04459      0.0439      0.04431      0.04474      0.0446      0.04381      0.04424      0.04479      0.04449      0.04379
      25      63      2      HE      0.01015      -8.1235      -7.0798      -5.8753      0.08574      -8.1713      -3.0606      7.81709      0.12015      -8.3599      -4.0028      18.8995      0.02682      -8.494      -5.4544      18.4143      0.04444      0.04504      0.04557      0.04457      0.04432      0.04504      0.04538      0.0445      0.0443      0.04502      0.04531      0.04423      0.04427      0.04507      0.04527      0.04421
      19      65      2      HE      -0.2154      -2.5694      -1.3631      -67.066      -0.1576      -2.2712      -1.2592      -74.589      -0.2041      -2.6282      0.37777      -81.491      -0.1108      -2.2071      0.80274      -97.075      0.04338      0.04349      0.04332      0.04323      0.0435      0.04371      0.04319      0.04353      0.04339      0.04374      0.043      0.04352      0.04335      0.04342      0.04305      0.04363
      20      65      3      HE      0.03964      -8.1031      -8.1808      -9.5596      0.06807      -7.5311      -0.6655      -10.91      0.0107      -7.8198      -0.8876      -0.7331      0.03769      -8.3763      -2.32      -36.916      0.04376      0.04418      0.04432      0.04352      0.04387      0.04404      0.04408      0.04361      0.04364      0.04397      0.04406      0.04365      0.04366      0.04415      0.04399      0.04359
      21      65      3      HE      0.02177      -7.0062      -9.1123      -67.686      -0.0118      -5.979      -7.6839      -95.205      -0.0145      -6.5384      -8.4149      -87.209      0.03721      -6.324      -7.9264      -101.9      0.04293      0.04374      0.04364      0.04369      0.04302      0.04364      0.04359      0.04394      0.04285      0.04366      0.04343      0.04398      0.0429      0.04363      0.04344      0.04393
      23      65      3      HE      -0.0215      -7.686      -5.5178      -33.385      0.04825      -7.6845      -3.7612      -70.902      -0.0015      -7.2457      -2.5905      -112.64      -0.0255      -7.8875      -1.804      -123.63      0.0435      0.04419      0.04412      0.04482      0.0437      0.0442      0.0439      0.04517      0.0435      0.04406      0.04387      0.04539      0.04361      0.04401      0.04386      0.04542
      23      65      2      HE      0.09763      -3.8035      -2.5247      -16.709      0.09058      -3.9803      -2.65      -58.612      0.07889      -3.331      -1.2549      -81.426      0.1136      -4.4399      -2.1195      -41.379      0.04322      0.04356      0.0432      0.04509      0.04324      0.04363      0.043      0.04518      0.04312      0.04332      0.04299      0.04524      0.04306      0.04361      0.04283      0.04506
      25      65      2      HE      0.10594      -2.9572      -1.7088      5.8042      0.06701      -2.0228      -0.1635      0.41279      0.02418      -2.9952      -1.3093      -12.767      0.05195      -3.3315      -2.2064      -22.354      0.04351      0.04454      0.0435      0.04385      0.04359      0.04437      0.04343      0.04401      0.04344      0.04451      0.04339      0.04402      0.04349      0.04458      0.0434      0.04386
      23      65      6      HE      0.12099      -0.1007      -2.9739      -31.343      0.11627      -0.3473      -0.4882      -14.499      0.0536      -0.3638      -0.1351      -26.295      0.10262      -0.2879      -1.555      1.68655      0.04408      0.04481      0.0436      0.04383      0.04421      0.04499      0.04342      0.04383      0.04389      0.04475      0.04336      0.04364      0.04396      0.0448      0.04328      0.04355
      23      65      5      HE      0.05702      -1.2365      4.62325      36.0702      0.08509      -0.8494      3.51658      21.9336      -0.0057      -1.1303      -0.8415      0.79052      0.0448      -1.1673      1.41879      27.8199      0.04558      0.04516      0.04355      0.04377      0.04576      0.0451      0.0435      0.04411      0.04541      0.04505      0.04348      0.04395      0.04543      0.045      0.04343      0.04386
      25      65      5      HE      0.03962      0.17257      1.50092      25.23      0.02433      0.97567      6.30092      -12.962      0.03711      0.29849      2.98384      2.53057      0.07368      0.96395      3.37894      -3.6846      0.04383      0.04399      0.04395      0.0432      0.04395      0.04373      0.04373      0.04331      0.04362      0.04379      0.04379      0.04325      0.04368      0.04366      0.04362      0.04311
      25      65      6      HE      -0.0147      -0.3447      -1.1698      6.24082      0.00294      -0.4404      -0.3312      -2.5052      -0.0174      -0.6922      1.27267      -32.296      0.00979      -0.1254      1.78294      -30.06      0.04469      0.04452      0.0443      0.04564      0.04492      0.04455      0.04409      0.04592      0.04452      0.04451      0.04405      0.04586      0.04456      0.04443      0.04399      0.04573
      19      65      3      HE      0.11853      -1.6037      -3.0666      -4.5565      0.10141      -1.1508      0.90582      -14.11      0.03059      -1.4092      0.33155      -40.87      -0.0796      -1.6981      -1.8356      -35.832      0.04448      0.04524      0.04414      0.0446      0.04464      0.04508      0.0441      0.04473      0.04416      0.0451      0.04404      0.04466      0.04425      0.04505      0.04391      0.04462
      25      65      3      HE      0.0897      -0.6678      2.09034      7.69805      0.06714      -0.2351      1.67336      8.57838      0.03727      -0.8273      1.07157      -24.551      0.04411      -0.8221      4.14715      -41.086      0.04409      0.04439      0.04486      0.04418      0.0443      0.04448      0.04474      0.04435      0.04383      0.04431      0.04466      0.04424      0.04395      0.04419      0.04463      0.04427
      19      65      5      HE      -0.1127      -1.6372      4.62389      -29.561      -0.1564      -1.5254      1.88019      -35.312      -0.1156      -1.5362      3.23798      -2.4988      -0.1301      -1.5967      0.04399      4.67493      0.04344      0.0432      0.04225      0.04237      0.04342      0.04316      0.04211      0.04252      0.04327      0.04311      0.04205      0.0424      0.04322      0.0431      0.04208      0.04228
      25      65      4      HE      -0.0086      -7.5006      -5.0816      12.4218      0.02788      -7.0034      -4.8227      42.0296      0.00704      -7.3756      -9.8285      63.5572      0.01091      -7.0938      -7.0993      -1.5605      0.04377      0.0438      0.04399      0.04365      0.0437      0.0436      0.04393      0.04345      0.04366      0.04351      0.04395      0.0433      0.04353      0.04346      0.04389      0.04358
      20      65      6      HE      0.04637      -5.3036      -4.6032      9.50639      0.00771      -5.6482      -1.7706      50.427      0.01598      -5.9337      -0.7209      24.4857      0.04536      -5.2363      0.07195      12.4059      0.04344      0.04349      0.04307      0.04301      0.04351      0.04339      0.0429      0.04284      0.04331      0.04342      0.04275      0.04277      0.04332      0.0433      0.04267      0.04282
      20      65      5      HE      0.03533      -6.6363      -6.3988      17.5993      0.02708      -6.0245      -3.6844      20.1167      0.02292      -7.0042      -1.2643      -12.747      0.00683      -6.3007      -1.8333      14.9676      0.04319      0.04314      0.04284      0.04404      0.04328      0.04305      0.04275      0.04406      0.0431      0.04312      0.0426      0.04414      0.04313      0.04302      0.04257      0.044
      21      65      5      HE      0.04284      -3.6472      -4.3796      -9.9374      0.06588      -3.3192      -1.6664      -50.105      0.06657      -3.7189      -2.6119      -49.33      0.06791      -3.3406      -4.176      -7.3689      0.04309      0.04399      0.04364      0.04306      0.04308      0.04392      0.04357      0.04319      0.04296      0.04397      0.04344      0.04315      0.0429      0.04389      0.04342      0.04312
      21      65      6      HE      0.05278      -3.674      -3.8572      -41.697      0.03209      -2.7193      -4.573      -16.897      0.11971      -3.014      -6.8391      -37.9      0.04767      -2.7921      -6.1918      -30.648      0.04357      0.04393      0.04363      0.04445      0.04359      0.04381      0.04347      0.0443      0.04347      0.04371      0.04354      0.04433      0.0434      0.04369      0.04352      0.04422
      19      65      1      HE      0.0885      -2.534      -3.7001      -33.224      0.10975      -2.2313      -0.8582      -55.92      0.05338      -1.7221      -1.8488      -23.49      0.08639      -2.2061      -3.0089      -36.872      0.04443      0.04498      0.04328      0.04506      0.04446      0.045      0.04313      0.04507      0.04442      0.04486      0.04314      0.04506      0.04434      0.04487      0.04312      0.045
      20      65      1      HE      -0.0024      -5.2316      -1.7375      -14.026      0.01373      -3.7775      -2.5917      -31.734      -0.0383      -4.5911      -1.2622      -51.513      0.00308      -4.8518      -1.3543      -29.286      0.04478      0.04503      0.04454      0.04483      0.04479      0.04478      0.0443      0.04501      0.04473      0.04487      0.04428      0.04503      0.04456      0.04482      0.04422      0.04507
      21      65      1      HE      0.00525      -4.0562      -1.6949      7.62805      0.04124      -3.7373      -1.1936      24.7315      0.05415      -4.0867      3.24215      11.7342      -0.0075      -3.585      2.62971      7.88697      0.04507      0.04521      0.04519      0.04589      0.04503      0.04523      0.04491      0.04578      0.04499      0.04519      0.0449      0.04581      0.04484      0.04519      0.04488      0.04578
      23      65      1      HE      -0.0156      -4.5337      -2.6033      -11.247      0.03951      -3.7865      -1.6069      -1.0577      -0.006      -3.7736      -0.3801      16.6961      -0.0579      -4.491      0.99857      31.6114      0.04511      0.0461      0.04467      0.04533      0.04519      0.04597      0.04436      0.04519      0.04507      0.04586      0.04429      0.04511      0.04493      0.0459      0.04435      0.04495
      19      65      4      HE      0.02327      -4.2614      -0.905      -6.1976      0.13298      -3.9044      1.22073      -5.3121      0.07919      -4.1125      -2.0549      -5.7088      -0.0215      -4.048      -0.6984      -6.265      0.04455      0.04548      0.04547      0.04484      0.04464      0.04548      0.04544      0.04472      0.04451      0.04546      0.04541      0.04465      0.04436      0.0454      0.0453      0.04462
      25      65      1      HE      0.03      -5.0393      -4.7208      -13.834      0.06095      -5.2557      -8.7497      -27.758      0.0074      -4.8071      -5.5273      -21.553      -0.0015      -4.7212      -4.8378      -26.006      0.04495      0.04612      0.0461      0.045      0.04502      0.04617      0.0461      0.04508      0.04491      0.04597      0.04606      0.04509      0.04476      0.04595      0.04606      0.04506
      19      65      6      HE      0.09476      -4.4813      -5.8084      -26.347      0.02411      -4.7593      -5.1646      -40.628      0.09773      -4.4603      -5.5947      -38.692      0.07144      -4.7389      -6.6311      -34.605      0.04514      0.04608      0.04608      0.04497      0.04524      0.04595      0.04591      0.04509      0.04493      0.04587      0.04592      0.04506      0.04493      0.0459      0.04588      0.04498
      23      65      4      HE      0.02643      -4.9389      -1.9346      -13.714      0.10061      -4.4866      -2.3598      41.6477      0.075      -6.0012      -2.2144      20.273      -0.0245      -5.1038      -0.1589      1.35049      0.04486      0.04484      0.04568      0.04466      0.0448      0.04481      0.04556      0.04436      0.04468      0.04493      0.04549      0.04446      0.04458      0.04482      0.04541      0.04447
      21      65      2      HE      0.04929      -4.5777      -3.9141      -16.709      -0.0431      -4.1043      -2.5287      32.8313      0.01168      -4.3596      -0.8578      5.03847      -0.0005      -4.4004      -1.3041      35.3812      0.04488      0.04488      0.04542      0.04473      0.04497      0.04478      0.04531      0.04455      0.04486      0.04472      0.04513      0.0446      0.04484      0.04471      0.04515      0.04445
      20      65      2      HE      0.09194      -2.5058      0.7666      -38.756      0.073      -2.4728      3.50032      -28.03      0.04414      -2.5257      2.92925      -58.34      0.06527      -3.043      3.63769      -23.141      0.04492      0.04474      0.04512      0.04388      0.04498      0.04467      0.04484      0.04408      0.04496      0.04464      0.04485      0.04387      0.04477      0.04454      0.04471      0.04378
      21      65      4      HE      0.12843      -5.8771      -5.7215      -14.494      0.08717      -4.5906      -5.2855      -51.254      0.16819      -5.0168      -4.836      -39.841      0.12351      -4.8975      -2.1083      -41.594      0.04509      0.04589      0.04516      0.0449      0.04504      0.0456      0.04486      0.04522      0.04491      0.04548      0.04477      0.04511      0.04483      0.04549      0.04466      0.04515
      20      65      4      HE      0.08198      -5.7995      -2.1747      -2.4564      -0.0249      -5.4827      0.56758      -5.3043      0.00145      -5.2646      0.46181      -8.4199      0.05019      -4.9824      -1.5539      10.1974      0.04495      0.04459      0.04547      0.04454      0.04489      0.04444      0.04528      0.04447      0.04495      0.04441      0.04528      0.04461      0.04462      0.04433      0.04515      0.04428
      19      66      5      HE      0.01172      0.67315      1.6954      -13.107      0.03965      0.9454      2.00236      -35.033      -0.0232      0.74757      3.38102      -19.489      -0.0105      0.61882      4.05294      -35.386      0.04446      0.04525      0.04492      0.04541      0.04437      0.04515      0.04476      0.04536      0.04439      0.0451      0.04463      0.04529      0.04437      0.0451      0.04463      0.04528
      19      66      6      HE      0.00195      2.4277      2.65055      -21.01      -0.0426      3.26411      4.63477      -17.164      0.00999      3.33041      6.83894      -10.721      0.00837      3.2345      5.04756      7.04074      0.04465      0.04503      0.04543      0.04494      0.04462      0.04486      0.04526      0.04482      0.04466      0.04483      0.04505      0.0448      0.0446      0.04476      0.045      0.04468
      22      65      2      HE      -0.0271      4.78787      8.17286      29.651      -0.011      4.69883      5.23985      36.8899      -0.0108      4.22444      8.43985      45.5839      -0.0187      4.18936      8.49292      30.9012      0.04455      0.04488      0.04493      0.04543      0.04455      0.04495      0.04484      0.04552      0.04455      0.04499      0.04467      0.0453      0.04458      0.04491      0.04465      0.04531
      20      66      2      HE      0.04647      -1.0916      0.00133      -43.183      0.01853      -1.0531      4.66934      75.694      0.05492      -0.6128      1.56502      28.5517      0.06367      -0.6176      0.8363      13.5899      0.04474      0.04583      0.04526      0.04533      0.04468      0.04566      0.04483      0.04474      0.04465      0.04557      0.04477      0.04483      0.04464      0.04549      0.04471      0.04475
      22      65      4      HE      0.07679      -2.738      -1.6669      -38.403      0.02242      -2.3429      0.81708      10.7576      -0.0069      -2.6101      1.16445      20.0093      0.07089      -1.9863      1.62927      -6.6283      0.04481      0.04489      0.0446      0.04386      0.04476      0.04488      0.04429      0.0435      0.04475      0.04481      0.04416      0.04321      0.04474      0.04478      0.04414      0.04328
      20      66      4      HE      -0.0587      2.03621      6.69984      44.0418      -0.0408      2.32675      4.25146      18.0782      -0.0199      2.2571      4.48294      33.931      -0.0342      2.54505      8.4397      8.74503      0.04462      0.04587      0.04476      0.04552      0.0445      0.04582      0.04466      0.0454      0.04453      0.04575      0.04464      0.0454      0.0445      0.04561      0.04456      0.04526
      19      66      1      HE      -0.0577      2.2891      3.6863      -13.989      -0.0263      2.19559      5.35411      -25.997      0.02091      2.24787      3.75844      -46.26      -0.0001      2.35941      4.0488      1.52204      0.04459      0.04491      0.04479      0.04575      0.0445      0.04501      0.04469      0.04595      0.04453      0.04487      0.04461      0.04586      0.04454      0.04462      0.0446      0.04583
      20      66      1      HE      -0.1262      -0.7377      1.23638      45.8352      -0.0723      -0.7583      5.60693      1.61874      -0.1514      -1.4985      3.46495      46.4059      -0.1094      -1.1827      3.64801      6.60574      0.04457      0.04513      0.04537      0.04499      0.0445      0.04516      0.0452      0.04517      0.04447      0.0452      0.04523      0.04501      0.04449      0.04509      0.04505      0.04503
      22      65      1      HE      0.06088      -1.5557      1.68277      -4.7622      0.04445      -0.9389      0.99468      4.72482      0.08413      -0.7426      0.7094      -14.401      0.06338      -1.2874      1.10633      -5.9151      0.04533      0.04573      0.04463      0.04622      0.04533      0.04554      0.04448      0.04611      0.04522      0.04539      0.04429      0.04606      0.04529      0.04544      0.04425      0.04606
      24      65      1      HE      0.06602      4.08003      4.01814      8.54705      0.05778      3.65415      5.07435      36.6567      0.0821      4.33619      7.16494      2.95461      0.05779      3.72961      9.10386      28.1655      0.04482      0.04503      0.0455      0.04426      0.04481      0.0451      0.04531      0.044      0.04477      0.04496      0.04539      0.04403      0.04472      0.04493      0.04513      0.04411
      19      66      4      HE      0.05055      5.951      9.17042      32.9656      0.03707      6.04866      11.8973      35.6176      0.03608      5.88337      10.5756      44.457      0.03208      5.80933      10.617      23.8592      0.04465      0.044      0.04391      0.04469      0.04467      0.04396      0.04379      0.04463      0.04459      0.04373      0.0437      0.04458      0.04463      0.04376      0.04374      0.04464
      26      65      1      HE      -0.0084      0.19136      3.36341      18.227      -0.0049      0.48242      4.00451      -2.0924      -0.0088      0.39045      4.22133      13.1317      -0.0105      0.74714      3.73862      15.1695      0.04511      0.04465      0.04474      0.0436      0.04505      0.04459      0.04459      0.04366      0.04501      0.04452      0.04452      0.04364      0.045      0.04454      0.04453      0.04346
      24      65      6      HE      0.11285      1.68905      -0.4569      -11.548      0.00071      2.23564      4.87719      -5.0259      0.0334      1.95028      4.62792      -4.9881      -0.0105      1.50954      4.62947      -5.9452      0.04386      0.04441      0.04298      0.04321      0.04386      0.04428      0.04258      0.04319      0.04378      0.04423      0.04257      0.0431      0.04378      0.04425      0.04257      0.04317
      26      65      4      HE      0.06394      -1.2271      -1.9963      11.3203      0.04222      -0.9598      4.338      51.1106      0.02675      -0.7655      1.34838      54.0322      0.05609      -0.8805      2.90825      57.8168      0.04374      0.04404      0.04374      0.04279      0.04372      0.04397      0.0435      0.04237      0.04357      0.04374      0.04351      0.0423      0.04366      0.04385      0.0435      0.0423
      20      66      5      HE      0.0679      1.67605      4.85128      15.1441      0.08309      1.95383      4.75772      3.06258      -0.0063      1.85746      4.00254      22.4363      0.02613      1.3619      3.78355      -46.826      0.04332      0.04396      0.04447      0.04432      0.04335      0.04401      0.04437      0.04444      0.04317      0.04398      0.04418      0.04427      0.04329      0.044      0.04417      0.04435
      22      65      6      HE      0.03319      -2.1273      -2.7077      -29.762      0.08395      -1.828      -2.6574      -10.081      0.02933      -1.668      -2.1713      -3.9794      0.0542      -2.4317      -3.528      -6.718      0.04403      0.04347      0.04404      0.04344      0.04403      0.04329      0.04388      0.04344      0.04392      0.04324      0.04381      0.04328      0.04399      0.0433      0.04383      0.04339
      24      65      4      HE      -0.0209      1.61241      3.66717      32.8791      0.06337      2.09928      7.18392      62.5032      -0.0515      2.16706      3.03431      17.2856      -0.0154      1.77449      5.05525      57.0117      0.04416      0.04452      0.04413      0.04375      0.04421      0.04439      0.04392      0.04359      0.04401      0.04431      0.04392      0.04351      0.0441      0.04431      0.04395      0.04353
      20      66      6      HE      -0.0159      -3.9967      -4.2735      26.4267      -0.0026      -3.8208      -2.9051      13.975      0.04551      -3.792      -2.1782      25.21      -0.0038      -3.8351      1.51894      18.6831      0.04404      0.04432      0.04418      0.04418      0.04394      0.04427      0.04395      0.04437      0.04375      0.04418      0.04395      0.04418      0.04387      0.04413      0.04393      0.04427
      22      65      5      HE      -0.0603      -7.5187      -10.764      -65.987      0.01222      -6.9129      -10.6      -50.541      0.02403      -7.969      -10.745      -49.929      0.067      -7.6583      -10.153      -46.203      0.04389      0.04466      0.04412      0.04407      0.04408      0.04452      0.04403      0.04421      0.04378      0.04457      0.044      0.04403      0.04402      0.04456      0.04393      0.04399
      24      65      5      HE      0.0446      -7.6911      -8.3752      -27.812      0.04005      -7.4219      -7.0535      -3.7281      0.03495      -7.483      -7.3438      -23.04      0.07154      -7.2358      -8.2689      5.84511      0.04423      0.04428      0.04397      0.0449      0.04433      0.04418      0.04392      0.04475      0.04413      0.04409      0.04392      0.0447      0.04427      0.0441      0.0437      0.04464
      26      65      6      HE      0.03142      -7.1737      -9.6371      -38.832      0.00735      -6.1656      -3.9716      -16.175      0.00873      -6.474      -4.2615      -10.851      0.04862      -6.3507      -6.3124      -12.209      0.04458      0.04508      0.04538      0.04387      0.04462      0.04498      0.04498      0.04367      0.04447      0.04502      0.04503      0.04366      0.0446      0.04498      0.04496      0.04343
      26      65      5      HE      0.10978      -8.1293      -10.349      -15.406      0.11874      -7.8618      -4.42      64.7497      0.09925      -8.0547      -2.884      17.5574      0.12109      -7.9172      -5.5808      59.8038      0.04439      0.04436      0.0448      0.04398      0.04451      0.04444      0.04442      0.04355      0.04432      0.0444      0.04435      0.0437      0.04446      0.04433      0.04441      0.04349
      19      66      3      HE      -0.0725      -7.6259      -6.158      -4.4553      -0.0316      -7.4141      -9.1984      10.9395      -0.0541      -7.8868      -5.1051      9.67076      -0.0237      -7.7446      -10.054      7.58768      0.04432      0.0447      0.04401      0.04458      0.04445      0.04473      0.04396      0.04445      0.04431      0.0447      0.04392      0.0445      0.04442      0.04463      0.04388      0.04433
      26      65      3      HE      0.05972      -6.6097      -8.5122      -17.842      0.05364      -6.2843      -6.7894      -2.457      0.03988      -6.1167      -8.0087      -14.664      0.08424      -6.1721      -7.7607      -12.672      0.0443      0.04451      0.04389      0.04352      0.04443      0.04443      0.04393      0.04338      0.04426      0.04427      0.04385      0.04331      0.04437      0.04424      0.04379      0.0431
      19      66      2      HE      -0.3071      -4.4354      -7.871      -56.334      0.06858      -2.7815      -4.9389      -46.996      -0.2736      -3.7209      -2.2216      -47.246      -0.1944      -3.6317      -4.5679      -38.612      0.04458      0.04488      0.0438      0.04585      0.04455      0.04487      0.04363      0.04588      0.04438      0.04473      0.04345      0.0457      0.04454      0.04477      0.04348      0.04563
      20      66      3      HE      -0.1578      0.01655      -3.227      -5.0868      -0.2262      -0.6051      -0.5825      -29.191      -0.1609      -0.1707      -0.3676      -2.2263      -0.1713      -0.2508      -0.7624      -6.3087      0.04415      0.04426      0.04494      0.04462      0.04408      0.0444      0.04478      0.04469      0.04401      0.04433      0.04473      0.04468      0.04405      0.04428      0.04458      0.04454
      22      65      3      HE      0.02875      -3.8135      -7.5659      -28.384      0.02393      -4.2925      -5.585      -40.564      0.02905      -4.0742      -7.6373      -44.642      0.01445      -3.9036      -4.5651      -50.247      0.04455      0.04424      0.04404      0.04438      0.04448      0.04441      0.04399      0.04437      0.04449      0.04436      0.04391      0.04434      0.04446      0.04431      0.04386      0.04424
      24      65      3      HE      -0.182      1.51823      3.12292      26.396      -0.2011      1.0127      4.51277      35.9202      -0.1865      1.62641      5.1611      5.91688      -0.2022      1.29626      6.65278      9.30704      0.0441      0.04508      0.04443      0.04374      0.04406      0.04523      0.04425      0.04364      0.04399      0.0451      0.04418      0.04371      0.04397      0.04514      0.0441      0.04364
      24      65      2      HE      0.09846      -0.6761      0.56792      5.69243      0.08897      -0.3101      3.9867      11.551      0.09824      -0.6978      0.95992      11.4593      0.08398      -0.5609      2.83364      18.1585      0.044      0.0449      0.04478      0.04284      0.04395      0.04494      0.04467      0.04289      0.04392      0.0449      0.0446      0.04278      0.04389      0.04486      0.04456      0.04276
      26      65      2      HE      0.07804      3.1821      3.32796      -12.417      0.08524      3.49901      6.63714      -14.039      0.05491      2.77595      2.88294      -18.84      0.08302      3.0036      6.76378      -6.402      0.04452      0.04429      0.04506      0.04359      0.04443      0.04437      0.04485      0.04353      0.04442      0.04428      0.04488      0.04338      0.04435      0.04418      0.04476      0.04337
