#Linking QIE11 condition constant table...
#Printing QIE11 condition constant table! ShuntMode : 9
      29      63      1      HE      0.04357      -0.0591      -1.0557      -35.882      -0.0312      -0.2063      -0.738      -7.3214      0.00697      0.02623      3.34125      -14.259      -0.0291      -0.1092      -0.3671      -0.0085      0.03449      0.03471      0.03471      0.03428      0.03432      0.03478      0.03453      0.03398      0.03444      0.03472      0.03443      0.03405      0.03427      0.03464      0.03434      0.03386
      28      63      1      HE      -0.0421      0.0951      -1.961      -5.1338      -0.13      0.09273      -0.2528      -1.2913      -0.1412      -0.0355      0.34648      3.31158      0.05354      0.24695      0.77178      3.0555      0.03463      0.03495      0.03464      0.03384      0.03453      0.035      0.03454      0.03379      0.03457      0.0349      0.03451      0.03374      0.03442      0.03487      0.03447      0.03371
      18      63      2      HE      -0.027      2.23218      2.06163      8.90249      -0.0579      2.14963      4.27052      3.42796      -0.0176      2.34087      4.81205      5.19526      0.00212      2.18874      4.11786      0.32463      0.03469      0.03424      0.03393      0.0336      0.0346      0.03424      0.03384      0.03348      0.03471      0.03418      0.03388      0.03346      0.03455      0.03418      0.03371      0.0335
      17      63      2      HE      0.05306      3.91975      2.63293      -16.724      0.05875      4.6265      5.41348      -19.878      0.05245      4.50246      7.37835      -28.033      0.08036      4.55367      5.41861      -20.686      0.03461      0.03463      0.03449      0.0337      0.0345      0.0346      0.03435      0.0339      0.03457      0.03461      0.0343      0.03385      0.03444      0.03456      0.03425      0.0337
      16      63      4      HE      0.02949      2.13054      1.62418      -4.4031      0.00606      1.80877      3.26847      -8.5493      0.03359      2.04691      1.54828      -21.203      -0.0087      2.04152      3.35341      -13.433      0.03444      0.03478      0.03384      0.03362      0.03439      0.03486      0.03378      0.03367      0.03443      0.03472      0.03378      0.03368      0.03433      0.03464      0.03368      0.03367
      29      63      2      HE      0.02765      -0.3845      -1.4412      -34.686      -0.0257      -0.0764      -1.7389      -30.649      -0.0078      0.00989      -2.2059      -36.599      -0.034      -0.3268      -0.7973      -54.803      0.03457      0.03493      0.03488      0.03461      0.03453      0.03493      0.0348      0.03461      0.03455      0.03491      0.03479      0.03454      0.0344      0.03484      0.0347      0.03452
      28      63      2      HE      -0.0248      0.84809      1.15283      -23.764      -0.0178      1.01501      4.54547      -14.55      -0.0642      1.1716      2.72664      -15.889      -0.0212      0.8136      1.27738      -11.323      0.03438      0.03475      0.03475      0.03506      0.03434      0.03482      0.03462      0.03493      0.03439      0.03484      0.03454      0.03494      0.03446      0.03474      0.03458      0.03501
      28      63      5      HE      -0.0642      -1.7895      -5.758      -38.438      -0.0753      -1.4304      -1.6447      -34.678      -0.0581      -2.0997      -1.3849      -11.819      -0.1053      -1.6862      -2.8872      -24.615      0.0345      0.03473      0.03408      0.03421      0.03451      0.03476      0.03392      0.03422      0.03451      0.03473      0.03387      0.03414      0.03459      0.03466      0.03384      0.03419
      28      63      3      HE      0.026      -1.8368      -1.1136      -7.9295      0.03955      -1.7507      2.58211      17.2005      0.03093      -1.5106      3.01554      15.8905      0.03446      -1.9026      3.60334      16.281      0.03452      0.0346      0.03459      0.03474      0.03458      0.0347      0.03434      0.03459      0.03449      0.03465      0.03427      0.03458      0.03462      0.03464      0.03418      0.03456
      28      63      7      HE      0.01461      1.91818      3.00127      5.96852      0.01967      1.98626      2.57526      10.4064      0.00447      1.43653      1.43282      4.00839      0.02614      1.52089      5.24968      2.18673      0.03471      0.03452      0.03458      0.03442      0.03473      0.03478      0.03441      0.03444      0.03464      0.03473      0.03443      0.03431      0.03479      0.0347      0.03435      0.03428
      26      63      7      HE      -0.0314      3.58119      0.03276      -31.743      0.02782      3.3796      0.50412      -46.014      0.00561      3.29581      0.57564      -23.601      0.02647      3.1832      3.40317      -39.64      0.03449      0.03413      0.03384      0.0338      0.03452      0.03434      0.03366      0.03381      0.03446      0.03426      0.03364      0.0337      0.03458      0.03422      0.0336      0.03373
      28      63      6      HE      -0.0452      -0.4623      -3.8852      -13.497      -0.019      -0.3951      -1.7225      -20.451      -0.038      -0.2028      -3.6982      -31.284      -0.0185      -0.3783      -0.5142      0.12918      0.03463      0.0344      0.03478      0.03461      0.03467      0.03447      0.03475      0.03464      0.03454      0.03442      0.03458      0.03458      0.03473      0.03442      0.03462      0.0345
      18      63      3      HE      -0.0243      -5.8812      -10.732      -57.559      0.05195      -6.0481      -8.0364      -23.248      0.06422      -5.9725      -9.1224      -44.042      0.0334      -5.6256      -10.594      -2.803      0.03511      0.03458      0.03385      0.03403      0.0351      0.03463      0.03367      0.03386      0.035      0.03452      0.03359      0.03391      0.03508      0.03452      0.0335      0.03367
      28      63      4      HE      0.03296      -6.602      -5.8131      -9.3293      0.03209      -6.2319      -5.047      -17.221      -0.1497      -6.5711      -3.4338      -19.237      0.03381      -6.202      -3.3504      -17.53      0.03462      0.03424      0.0344      0.03369      0.03457      0.03424      0.03427      0.03364      0.03457      0.03412      0.03418      0.03361      0.0345      0.03412      0.03418      0.03359
      17      63      3      HE      0.03667      -5.7795      -9.2305      -21.821      0.00976      -5.2703      -2.6547      -21.119      0.06773      -5.1279      -9.4351      -22.04      0.03446      -5.2265      -6.631      -22.213      0.03471      0.03459      0.03451      0.03429      0.03461      0.0344      0.03427      0.03404      0.0347      0.03437      0.03433      0.03412      0.03462      0.03435      0.03428      0.03409
      18      63      5      HE      0.06018      -5.8689      -6.7772      -22.136      0.0117      -5.8457      -3.5      -3.4495      0.02705      -5.8877      -3.3378      -5.0314      0.00171      -5.6427      -3.7578      -4.4586      0.03463      0.03436      0.03507      0.03498      0.0346      0.03435      0.03485      0.03475      0.03468      0.03431      0.03479      0.03483      0.03457      0.03419      0.03474      0.03473
      18      63      1      HE      -0.0185      -6.1675      -11.244      4.53895      -0.0025      -6.1701      -6.8454      23.3164      0.0049      -5.7684      -8.708      23.0714      0.00591      -5.7254      -8.2617      37.3121      0.03437      0.03536      0.03476      0.03437      0.03438      0.03536      0.0345      0.03423      0.03446      0.03531      0.03455      0.03414      0.03431      0.03517      0.03448      0.03409
      18      63      4      HE      0.07186      -5.1531      -4.5984      4.15271      0.04718      -5.0203      -1.8471      8.21174      0.04959      -4.601      -1.9068      13.4687      0.03159      -4.9053      -4.1913      -23.323      0.03486      0.03493      0.0348      0.03526      0.03479      0.03483      0.03472      0.03526      0.03484      0.03477      0.03464      0.03519      0.03475      0.03471      0.0346      0.03525
      18      64      1      HE      0.03153      1.2922      3.32274      -14.37      -0.0256      1.05383      4.12615      -0.1007      0.03663      1.04218      4.08493      14.2246      -0.0079      0.82104      3.59595      7.02485      0.03433      0.03453      0.035      0.03487      0.03419      0.03462      0.03474      0.03479      0.03414      0.03458      0.03468      0.03451      0.03417      0.03462      0.03466      0.03473
      18      64      4      HE      0.06534      1.56174      3.21259      -24.874      0.01843      1.52406      6.18586      3.17036      0.0527      1.74464      6.1651      0.45326      0.06361      1.21026      6.86017      -6.7283      0.03413      0.03427      0.03459      0.03449      0.03394      0.03427      0.03439      0.03452      0.03401      0.03425      0.03433      0.03445      0.03395      0.03429      0.03429      0.03439
      18      64      5      HE      0.05118      -0.8218      2.59433      16.085      0.00921      -0.9301      3.67277      16.2611      0.04821      -0.733      0.43584      14.5033      0.02689      -1.1288      2.27908      25.7885      0.03406      0.03467      0.03486      0.03473      0.03389      0.03475      0.0347      0.03459      0.03396      0.03471      0.03475      0.03452      0.03395      0.0347      0.03468      0.03446
      17      64      3      HE      0.05812      -0.7282      2.63849      22.5731      0.04581      -0.6438      1.01312      41.342      0.09696      -0.8048      1.84142      29.2081      0.07013      -0.7161      4.85761      0.02286      0.03433      0.03446      0.03425      0.03395      0.03418      0.03449      0.03407      0.03387      0.03428      0.03449      0.03407      0.03388      0.03421      0.03446      0.03405      0.03386
      27      63      4      HE      -0.1096      3.19228      4.30589      21.397      0.04375      3.57529      7.04405      39.3865      -0.1111      3.19326      6.72527      36.2333      0.04301      3.07142      6.79451      38.2227      0.03417      0.03471      0.03444      0.03421      0.0341      0.03482      0.03427      0.03402      0.03412      0.03476      0.0342      0.03398      0.03409      0.0347      0.03417      0.03404
      18      64      3      HE      0.06292      0.53308      0.92144      14.0894      0.06578      0.65084      3.99708      6.29156      0.07442      0.41889      2.96008      15.8475      0.07989      1.05553      3.75649      11.7741      0.0345      0.035      0.03427      0.03444      0.0344      0.035      0.0341      0.0346      0.03441      0.03497      0.03407      0.03444      0.0344      0.03491      0.03402      0.03449
      27      63      7      HE      0.02081      -8.5368      -13.214      -41.022      0.05244      -8.2037      -10.06      -28.145      0.06541      -8.1302      -9.6597      -27.949      0.04073      -8.0634      -9.5116      -41.708      0.0351      0.03607      0.03484      0.03424      0.03509      0.03597      0.03454      0.03403      0.03495      0.03588      0.03447      0.03402      0.03505      0.03591      0.03449      0.03404
      27      63      3      HE      -0.0057      -4.132      -6.9916      -11.051      0.04903      -4.0946      -5.3045      18.0738      -0.0017      -4.1252      -4.8218      -12.32      0.01302      -4.384      -2.3239      -16.683      0.03413      0.03406      0.03406      0.03428      0.03411      0.03414      0.03388      0.03413      0.03412      0.03409      0.03383      0.03426      0.03408      0.03415      0.0338      0.03427
      27      63      5      HE      0.03392      -1.8237      -4.0251      -19.367      0.01357      -2.3045      -1.7847      21.5403      0.03955      -1.9551      -1.4071      -9.8419      0.00905      -2.3831      -1.7596      -2.8581      0.03435      0.03474      0.03479      0.03446      0.03431      0.03486      0.03447      0.03424      0.0343      0.03479      0.03435      0.03429      0.03425      0.03474      0.03437      0.03423
      27      63      6      HE      0.01411      -2.6263      -1.9247      -24.784      -0.0146      -2.5475      -0.6901      -27.388      -0.0084      -2.2875      -3.6027      -17.054      0.00088      -2.9707      -1.4539      -39.037      0.03466      0.03506      0.03454      0.0336      0.03466      0.03515      0.03439      0.0336      0.03469      0.03511      0.03436      0.03355      0.03459      0.03507      0.03436      0.03354
      29      63      3      HE      0.02082      -1.8788      -3.8235      -10.951      0.01593      -1.3679      1.07745      33.5141      0.03398      -1.262      2.02987      -3.7232      0.0217      -1.6852      -0.9166      6.35587      0.03395      0.0343      0.0338      0.03319      0.0339      0.03409      0.03355      0.03304      0.03395      0.03406      0.03352      0.03314      0.03389      0.03407      0.03353      0.03308
      27      63      1      HE      0.08158      -5.6976      -3.7986      18.5024      0.03188      -6.231      -1.1191      10.3275      0.06782      -6.359      -3.2167      19.6497      0.07131      -6.0798      -2.6536      29.8691      0.03455      0.03437      0.0344      0.03487      0.03446      0.03455      0.03426      0.03495      0.03435      0.03444      0.03422      0.03472      0.03445      0.03444      0.03417      0.03469
      18      64      2      HE      0.01837      -5.7319      -4.7448      -1.6892      -0.0424      -6.0846      -3.717      -14.581      0.00729      -6.0549      -4.4855      -22.002      0.01137      -6.5123      -4.0363      1.37373      0.03445      0.03456      0.03393      0.03412      0.03436      0.03463      0.03383      0.03416      0.03433      0.03454      0.0338      0.03412      0.03427      0.03452      0.03378      0.03398
      17      64      2      HE      0.06531      -6.8052      -9.3074      -33.066      0.04009      -6.9733      -6.2777      -40.977      0.04491      -7.2426      -6.4454      -36.836      0.00254      -7.5258      -7.0427      -33.368      0.03416      0.03404      0.03449      0.03475      0.03402      0.03417      0.03438      0.03467      0.03394      0.0341      0.03434      0.03453      0.03401      0.03414      0.0343      0.03462
      16      64      4      HE      0.07245      -5.6829      -6.6327      -8.7887      -0.0166      -6.2418      -4.0708      -9.3318      0.05268      -6.2872      -4.8917      -9.7977      -0.0001      -6.2028      -3.2104      -2.1067      0.03427      0.03451      0.03403      0.03377      0.0341      0.03472      0.03391      0.03361      0.03411      0.03462      0.0338      0.03356      0.03408      0.03458      0.03385      0.03359
      27      63      2      HE      -0.0208      -5.564      -0.8951      5.25354      -0.0121      -6.0723      1.11437      24.2985      -0.0067      -6.2222      -0.8703      7.51737      0.04607      -5.7458      -1.4729      19.7477      0.03413      0.03434      0.034      0.03295      0.03401      0.03444      0.03395      0.033      0.03401      0.03443      0.03388      0.03293      0.03397      0.03438      0.03385      0.0328
      27      65      1      HE      0.07762      -7.4433      -6.8423      -25.824      0.08768      -7.7763      -6.4826      -20.558      0.07201      -7.9644      -9.1081      -14.74      0.0248      -7.8197      -7.769      -15.259      0.03458      0.03535      0.03418      0.03502      0.03458      0.03534      0.03407      0.03494      0.03447      0.03526      0.03398      0.03488      0.0345      0.03518      0.03395      0.03479
      18      65      2      HE      0.08987      -3.6702      0.51923      -6.9383      0.08177      -2.8736      -2.154      -16.084      -0.0791      -3.2316      -0.4684      -22.469      -0.1357      -3.5136      -4.4995      -17.595      0.03436      0.0345      0.03435      0.03413      0.03429      0.03428      0.03429      0.03417      0.03423      0.03422      0.0342      0.03418      0.03413      0.03414      0.03424      0.03415
      17      65      2      HE      0.07817      -3.5825      -4.4024      -15.022      0.04589      -3.5627      -2.8969      -13.714      0.06165      -3.7594      -2.156      -23.18      0.0008      -3.8227      -2.9569      -14.5      0.03408      0.03369      0.03458      0.03361      0.03403      0.03359      0.03443      0.03366      0.03404      0.0336      0.03429      0.0336      0.03392      0.03362      0.03431      0.03354
      16      65      4      HE      0.05616      -6.0919      -6.7305      -42.531      0.07711      -6.3949      -4.5591      -32.724      0.07103      -6.4376      -4.7992      -30.365      0.05712      -6.9847      -4.8094      -62.917      0.03439      0.03446      0.03398      0.03443      0.03431      0.03457      0.03385      0.03448      0.03433      0.03451      0.03381      0.03443      0.03425      0.03454      0.0338      0.03443
      27      65      2      HE      0.08178      -7.2858      -5.8953      -32.288      0.08673      -6.9124      -3.1785      -31.729      0.06719      -6.7629      -4.5818      -50.556      0.08835      -7.4818      -2.6787      -56.282      0.03408      0.0343      0.0345      0.03365      0.03402      0.03427      0.03432      0.03371      0.03404      0.0342      0.03428      0.03373      0.03386      0.03432      0.03422      0.03375
      27      65      5      HE      0.08612      -0.9172      0.84301      11.51      0.12699      -0.3369      2.85009      -2.2416      0.00887      -0.263      3.21568      -0.1155      0.0387      -0.8575      3.05223      20.9319      0.03465      0.03491      0.03521      0.03497      0.03482      0.03483      0.035      0.03494      0.03448      0.03463      0.03488      0.03487      0.03444      0.03469      0.03486      0.03482
      27      65      3      HE      -0.1111      0.17313      -0.4183      24.1977      -0.1033      0.24162      3.42144      17.7463      -0.0874      0.3705      1.69507      9.99672      -0.0892      0.44222      1.9968      -0.763      0.03469      0.03489      0.03521      0.03435      0.03479      0.0348      0.03506      0.03447      0.03443      0.03469      0.035      0.03436      0.03438      0.03458      0.03499      0.03443
      27      65      7      HE      0.01665      -0.7725      -1.5696      -10.384      -0.0519      -0.4752      0.38436      -13.954      -0.0616      -1.0753      -2.5506      -7.8926      0.00265      -0.5673      0.60482      -9.6042      0.03509      0.03573      0.03521      0.03488      0.03526      0.03567      0.03507      0.03483      0.03509      0.03562      0.03511      0.03483      0.03503      0.03563      0.03497      0.03481
      29      65      3      HE      0.11015      -0.7458      -1.1158      24.8119      0.09025      -0.2498      -1.717      12.4736      0.08033      -0.4005      1.05137      -2.8112      0.07286      -0.2695      1.06766      1.32664      0.03496      0.03493      0.03524      0.03428      0.03512      0.0347      0.03513      0.03445      0.03487      0.03465      0.03508      0.03435      0.03482      0.03461      0.03505      0.03432
      27      65      6      HE      0.09722      -1.4819      -2.6985      -22.606      0.10368      -1.1397      -3.1675      -25.177      0.07879      -1.1224      -0.9487      -21.2      0.09046      -1.1815      0.44735      -14.096      0.03523      0.03488      0.03511      0.03418      0.03533      0.03474      0.03502      0.03412      0.03503      0.03466      0.03488      0.03407      0.03506      0.03457      0.03486      0.03403
      18      65      3      HE      0.03773      -7.344      -7.204      15.3786      0.08286      -7.2211      -5.3627      -0.1854      0.02172      -7.0722      -4.5551      13.3009      0.02867      -7.3642      -4.8052      -28.11      0.03467      0.03488      0.03524      0.03428      0.03479      0.03482      0.03507      0.03442      0.03464      0.03472      0.03504      0.03431      0.03466      0.03473      0.03505      0.03442
      27      65      4      HE      0.03188      -3.0299      -3.5412      -9.7709      0.04388      -2.2429      1.24627      6.92217      0.02364      -2.724      -0.2471      9.93456      0.03481      -2.5742      -0.2446      19.3976      0.03389      0.03448      0.03397      0.03359      0.03402      0.03445      0.0338      0.03345      0.03393      0.03443      0.03371      0.03337      0.03375      0.03439      0.03376      0.03314
      17      65      3      HE      0.06741      -3.7031      -1.6495      -22.724      0.07363      -2.0237      -2.9518      -17.637      0.06211      -3.0499      -0.6563      -17.583      -0.1159      -3.6823      -3.353      -8.564      0.03443      0.0349      0.03454      0.03499      0.0345      0.0345      0.03438      0.03494      0.03437      0.03467      0.0343      0.03491      0.03425      0.03471      0.03435      0.03475
      18      65      5      HE      0.03249      -3.9353      -7.1971      -24.116      0.03234      -4.0038      -2.7676      -11.653      0.01284      -4.0904      -5.016      -18.985      0.0156      -3.9804      -2.1471      -14.629      0.03473      0.03444      0.03466      0.03507      0.03489      0.0345      0.0345      0.03508      0.0348      0.03442      0.03451      0.03487      0.03467      0.03434      0.03443      0.03495
      18      65      1      HE      0.03809      -6.3357      -5.5053      2.45677      0.08298      -5.8634      -4.9138      10.6411      0.06526      -6.2925      -5.5023      2.73474      0.03883      -6.1836      -6.6034      -3.8516      0.03456      0.03512      0.03431      0.03476      0.03462      0.03498      0.03426      0.03472      0.03454      0.03501      0.03409      0.03467      0.03441      0.03498      0.03402      0.03463
      18      65      4      HE      0.02531      -6.581      -4.5562      31.8279      0.0256      -6.5569      -1.3193      9.72904      0.06273      -6.1915      -3.6955      5.87676      0.0544      -6.5775      -4.2891      9.56227      0.03433      0.03423      0.03486      0.03385      0.03437      0.03419      0.03475      0.0337      0.03432      0.03411      0.03472      0.03374      0.03418      0.03412      0.0347      0.03376
      18      66      1      HE      -0.2527      -2.4968      -5.3216      -6.1165      0.15934      -1.6378      -0.9648      -10.327      -0.1674      -2.4013      -1.2525      7.27068      -0.1054      -2.21      -0.1931      19.7959      0.0347      0.03487      0.03464      0.03356      0.03468      0.03483      0.03427      0.03352      0.03441      0.03473      0.03427      0.03342      0.03461      0.03473      0.03424      0.0334
      18      66      4      HE      0.01821      0.45998      2.10503      40.9105      0.02882      0.42464      4.09444      40.6805      -0.1199      0.12577      2.69793      41.7996      -0.1519      0.36312      4.87933      47.3053      0.03483      0.03526      0.03582      0.03394      0.03484      0.03544      0.03572      0.03397      0.03466      0.03533      0.03567      0.03387      0.0347      0.03533      0.03565      0.03387
      18      66      5      HE      0.08394      -2.2403      -6.9954      -67.507      0.09423      -2.6805      -3.891      -10.386      -0.0152      -2.6522      -4.109      -23.68      0.07072      -2.8018      -1.0753      -45.893      0.03471      0.03531      0.03473      0.03507      0.03469      0.03544      0.03455      0.0349      0.03456      0.03531      0.0344      0.03484      0.03456      0.03531      0.03437      0.03487
      17      66      3      HE      -0.0833      1.36582      4.99044      -9.097      0.04201      1.78727      4.50204      8.96726      -0.157      1.16347      5.75245      22.6227      0.06736      1.81218      2.90679      7.91667      0.03476      0.03516      0.03499      0.03508      0.03476      0.03518      0.03479      0.03503      0.03453      0.03508      0.03474      0.03494      0.03455      0.03506      0.03471      0.03499
      28      65      4      HE      0.1003      -0.7442      -0.4522      19.7534      0.11422      -0.8553      -1.916      17.1964      0.03845      -1.2374      0.48293      -23.087      0.08478      -1.1821      -0.8519      -18.549      0.03448      0.03484      0.03486      0.03408      0.03449      0.03504      0.03481      0.03418      0.03425      0.03489      0.03467      0.03412      0.03431      0.0349      0.03469      0.03418
      18      66      3      HE      0.08307      2.11098      -0.0108      -27.946      0.0424      1.45538      0.63898      -23.06      0.03003      1.43934      -1.9341      -7.8628      0.06793      1.60838      -1.1387      -13.822      0.03431      0.03431      0.03473      0.03408      0.03431      0.03448      0.03454      0.03399      0.03415      0.03444      0.03456      0.03395      0.03419      0.03443      0.03456      0.03387
      28      65      7      HE      0.00949      -6.4492      -5.351      6.99065      0.00626      -6.522      -6.3269      3.21692      0.05332      -6.5644      -6.0698      12.9597      0.01542      -6.7571      -3.7774      16.7685      0.0338      0.03376      0.03298      0.03435      0.03379      0.03384      0.03292      0.03434      0.03374      0.0338      0.0329      0.03433      0.03377      0.03377      0.03283      0.03422
      28      65      3      HE      0.0352      -6.6635      -8.5458      -34.63      -0.0076      -7.162      -6.3249      -30.007      0.03803      -7.1269      -6.0398      -33.022      -0.0144      -6.9985      -5.8505      -25.151      0.03488      0.03554      0.03534      0.03543      0.03489      0.03572      0.03508      0.03527      0.03484      0.03563      0.03505      0.03523      0.03486      0.03559      0.0351      0.03525
      28      65      5      HE      0.0596      -5.2556      -7.3134      -7.4144      0.02825      -5.2154      -3.4032      -49.116      0.04732      -5.5277      -4.9231      -18.876      0.02401      -5.2632      -3.0951      -60.147      0.03437      0.03484      0.03524      0.03479      0.03442      0.03486      0.03514      0.03491      0.0343      0.03485      0.035      0.03486      0.03434      0.03481      0.03496      0.03496
      28      65      6      HE      -0.0394      -5.4154      -6.4819      -53.577      -0.0039      -4.9408      -7.3594      -44.445      -0.0174      -5.0931      -6.4885      -39.77      -0.0108      -5.0794      -5.6103      -53.124      0.03494      0.03546      0.03532      0.03469      0.03493      0.03539      0.03516      0.03467      0.03488      0.03536      0.03514      0.03461      0.03493      0.03536      0.03513      0.03462
      26      65      7      HE      0.07169      -5.5091      -5.6261      -19.428      0.09946      -5.861      -0.3432      -1.3035      0.07607      -5.7659      -1.6758      -6.3639      0.09068      -6.0525      0.34276      0.03738      0.03491      0.03551      0.03529      0.03485      0.03491      0.03561      0.03502      0.03472      0.03483      0.03553      0.03491      0.0347      0.03487      0.03553      0.03491      0.03468
      28      65      2      HE      0.01278      -6.0875      -6.8407      -4.0477      0.02205      -6.4975      -7.0598      -15.466      0.05413      -6.2969      -6.3405      -0.9365      0.05818      -5.9774      -6.1044      -6.7816      0.03465      0.03535      0.03482      0.03464      0.03469      0.03543      0.03479      0.03478      0.0346      0.03536      0.03474      0.03471      0.03462      0.03536      0.03469      0.03462
      29      65      1      HE      0.01475      1.37298      4.09463      -18.853      0.08378      2.34983      4.18289      7.82433      0.07448      1.45619      6.39037      -11.116      0.07264      1.4375      6.39648      5.63788      0.03395      0.03445      0.03482      0.03361      0.03392      0.03416      0.03463      0.03344      0.03388      0.03427      0.03464      0.03347      0.03384      0.03427      0.03459      0.03338
      28      65      1      HE      0.00729      -1.3627      -3.6856      -33.086      0.03915      -1.1161      -4.5513      -49.341      0.03036      -0.9156      -2.3579      -44.373      0.00829      -0.6792      -3.1776      -44.13      0.03361      0.03417      0.03435      0.03431      0.03355      0.03409      0.03416      0.03426      0.03352      0.03397      0.03411      0.03417      0.0335      0.03395      0.03408      0.03416
      18      66      2      HE      0.02431      0.79992      1.72273      -12.157      0.08099      1.12915      1.53897      -11.908      0.08671      1.03818      2.02239      -4.6277      0.02887      1.07022      -0.0898      -10.234      0.0341      0.03442      0.03428      0.03416      0.03406      0.0344      0.0341      0.03407      0.03395      0.03437      0.03401      0.03396      0.03398      0.03435      0.03405      0.03399
      17      66      2      HE      -0.0102      -1.3665      -3.2055      -36.589      0.01245      -1.0845      -0.2047      -36.664      -0.0254      -0.9999      -0.1227      -43.664      -0.0018      -1.1565      0.59595      -29.68      0.03456      0.03464      0.03489      0.03417      0.03451      0.0345      0.03462      0.03412      0.03445      0.03445      0.03463      0.03414      0.03446      0.03444      0.03457      0.03406
      16      66      4      HE      0.01807      1.00022      -1.9555      -25.394      0.02619      1.57321      2.11214      -40.087      0.03745      1.3372      3.15713      -32.507      -0.0175      0.94749      2.61921      -32.084      0.03394      0.03424      0.03479      0.0335      0.03389      0.03405      0.03457      0.03348      0.03388      0.03403      0.03445      0.03341      0.03381      0.03407      0.03447      0.03327
      29      65      2      HE      0.05187      -3.0908      -2.086      16.5106      0.02029      -2.4703      1.11051      -2.6671      0.014      -2.6518      -0.6815      -8.4271      -0.0088      -2.774      1.05287      -1.7472      0.0343      0.03429      0.03533      0.03373      0.03426      0.03411      0.03511      0.03376      0.03421      0.03408      0.03506      0.03375      0.03416      0.03408      0.035      0.03371
      19      63      2      HE      -0.0037      0.1333      -2.4444      -58.197      -0.012      0.33521      1.01147      -52.15      0.00067      0.42992      -0.6613      -55.882      -0.0117      -0.1508      0.4501      -64.592      0.03395      0.03379      0.03319      0.03371      0.03396      0.03383      0.03303      0.03372      0.03378      0.0338      0.03296      0.03365      0.03383      0.03381      0.03294      0.03363
      20      63      3      HE      0.01551      -0.3969      -0.8535      -13.065      0.04669      -0.2848      4.6013      3.26523      0.04465      -0.3406      0.87386      1.13058      0.05232      -0.1874      4.03145      13.5923      0.03309      0.03394      0.03373      0.03387      0.03309      0.03412      0.03354      0.03367      0.03299      0.034      0.03349      0.0337      0.03303      0.03401      0.03343      0.03365
      22      63      3      HE      -0.0072      -1.8435      -2.8053      -13.764      -0.0118      -2.3134      -2.0327      -17.36      -0.0179      -2.0333      -0.563      -57.574      0.01367      -2.3828      -2.7465      -17.282      0.034      0.03394      0.03378      0.03358      0.03403      0.03411      0.03358      0.03358      0.03392      0.03397      0.03353      0.03365      0.03394      0.03395      0.0336      0.03359
      24      63      3      HE      0.01653      -4.4793      -8.4328      -43.549      0.02197      -4.4459      -6.0328      -65.427      0.00506      -4.883      -7.6757      -54.08      0.03308      -4.4211      -6.292      -53.137      0.03351      0.03345      0.03299      0.03222      0.03358      0.03364      0.03285      0.03231      0.03345      0.03357      0.03271      0.03216      0.03352      0.03357      0.03274      0.03221
      24      63      2      HE      0.06915      -1.0902      2.36319      14.8677      -0.0049      -1.3085      3.25481      -11.734      0.01921      -1.0645      2.78041      18.4673      0.07471      -0.7199      4.16849      -10.721      0.03363      0.03383      0.03327      0.03324      0.03374      0.03396      0.03313      0.03321      0.03357      0.03391      0.03307      0.03308      0.0336      0.03385      0.03304      0.03315
      26      63      2      HE      0.04578      -0.27      0.51497      23.1227      0.04171      0.31146      2.78459      -4.5436      0.01651      -0.123      0.33082      -9.4171      0.04626      -0.19      2.7177      -7.0564      0.03365      0.03366      0.03341      0.03312      0.03365      0.03362      0.03325      0.03316      0.03352      0.03362      0.03329      0.03317      0.03353      0.0336      0.0332      0.03312
      24      63      6      HE      0.03024      0.39595      -0.4905      4.24745      0.02475      0.12966      4.01014      1.20898      0.04327      0.31928      2.2642      25.1247      0.04254      -0.0041      2.00917      28.7319      0.03422      0.03442      0.03382      0.03412      0.03423      0.03452      0.03353      0.03411      0.0342      0.03447      0.0335      0.03399      0.03405      0.03448      0.03347      0.03397
      24      63      5      HE      0.02546      2.28248      1.89024      0.26211      -0.0301      2.20312      3.14952      0.31184      0.00821      2.14029      5.86514      17.1658      0.01155      1.79555      2.46852      4.7782      0.03388      0.03421      0.03366      0.03281      0.03385      0.03425      0.0334      0.0326      0.03381      0.03425      0.03337      0.03255      0.03371      0.0342      0.0333      0.03256
      26      63      5      HE      0.01706      3.38622      0.61027      8.2405      0.01756      3.68938      6.7193      3.54759      0.01482      3.07602      3.40663      -13.928      0.00173      3.27827      1.87942      1.51174      0.03409      0.03434      0.03412      0.03407      0.0341      0.03444      0.03393      0.03404      0.034      0.03441      0.03385      0.03393      0.03396      0.03438      0.03381      0.03391
      26      63      6      HE      0.05048      -1.2438      -2.5624      -19.221      0.03819      -1.2929      0.43496      -11.679      0.0361      -1.2117      -0.5324      -3.1094      0.04318      -1.3036      2.79209      -7.7283      0.03431      0.03446      0.03393      0.03321      0.03426      0.03449      0.0338      0.03313      0.03422      0.03443      0.03376      0.03304      0.03414      0.03439      0.03368      0.03306
      19      63      3      HE      0.02587      -1.7551      -1.6648      19.5825      0.05606      -1.9709      1.0511      25.981      -0.0433      -2.1683      1.16079      1.27694      0.03513      -1.7141      -1.1449      33.2873      0.03435      0.0345      0.03406      0.03367      0.03438      0.03457      0.03401      0.03354      0.03424      0.03442      0.03388      0.03351      0.03414      0.03437      0.03391      0.03351
      26      63      3      HE      0.0203      1.23374      1.08444      -3.0037      0.0168      1.16872      0.57656      7.78799      0.014      1.37776      3.422      19.6489      0.00689      1.05575      4.28357      21.5212      0.03416      0.03424      0.03434      0.03288      0.03413      0.03419      0.0342      0.03277      0.03404      0.03414      0.0341      0.03271      0.03394      0.03413      0.03408      0.03267
      19      63      5      HE      0.00378      -6.2324      -8.3977      -16.853      0.02324      -6.5425      -8.2505      -21.963      0.04934      -6.3894      -4.8993      -25.007      0.0327      -6.5194      -6.6219      -27.435      0.03443      0.03445      0.03418      0.03292      0.03446      0.03454      0.03415      0.03291      0.03446      0.03446      0.03402      0.03276      0.03441      0.03446      0.03405      0.03287
      26      63      4      HE      0.06415      -6.5381      -7.1444      -23.295      0.0796      -6.3718      -2.6482      -13.319      0.04037      -6.3684      -4.4859      -10.769      0.01512      -6.7505      -1.459      -9.6531      0.03393      0.03442      0.03354      0.0353      0.03396      0.03439      0.03331      0.03518      0.03399      0.03438      0.03321      0.03513      0.03388      0.03437      0.03319      0.03514
      20      63      6      HE      -0.1095      -4.4359      -2.0174      7.70183      -0.0906      -4.7495      0.20329      31.6527      -0.1233      -4.8039      0.96435      24.0699      -0.0322      -4.9602      -0.4107      23.708      0.03401      0.03482      0.0345      0.03474      0.03409      0.03503      0.03438      0.03462      0.03406      0.03497      0.0343      0.03462      0.03398      0.03493      0.03433      0.03464
      20      63      5      HE      0.04536      -4.9951      -7.9225      -24.077      0.01122      -5.2728      -7.3535      -22.152      -0.0053      -5.1875      -7.0664      -22.759      0.06589      -4.9484      -6.589      -25.524      0.03387      0.03444      0.03428      0.03449      0.03389      0.03455      0.0342      0.03443      0.03396      0.0345      0.03418      0.03434      0.03388      0.03445      0.03412      0.0343
      22      63      5      HE      -0.0092      -5.7794      -9.9385      -44.124      0.04825      -5.4141      -3.9493      -34.291      -0.0188      -5.9178      -5.6352      -26.402      -0.0064      -6.083      -3.8944      -6.893      0.03349      0.03469      0.03396      0.03432      0.03353      0.03477      0.03373      0.03429      0.03357      0.03481      0.03375      0.03421      0.03353      0.03474      0.03369      0.03408
      22      63      6      HE      -0.0174      -6.0094      -2.6553      -3.2793      -0.0184      -5.8727      -4.8667      25.3829      -0.0135      -5.7884      -2.7995      17.4654      0.04223      -6.0693      -3.0263      38.5019      0.03389      0.03422      0.03393      0.03454      0.03391      0.03429      0.03382      0.03434      0.03394      0.03422      0.03376      0.03426      0.0339      0.03426      0.03376      0.03399
      19      63      1      HE      0.05097      -1.9539      -0.2035      -25.473      0.066      -2.3009      1.85172      -12.11      0.03227      -2.1417      5.64019      -8.2482      0.04743      -2.316      4.70051      -4.6687      0.03432      0.03426      0.03455      0.03324      0.03422      0.03442      0.03434      0.0331      0.03425      0.03437      0.03422      0.03316      0.03414      0.03435      0.03422      0.03313
      20      63      1      HE      0.01198      -2.274      0.59945      10.9576      0.03338      -2.3612      -0.0089      16.005      0.02696      -2.2425      3.74655      -9.2852      0.02949      -2.2453      1.83426      -9.4654      0.03415      0.03405      0.03454      0.03429      0.03406      0.03425      0.03438      0.03426      0.03413      0.03419      0.0343      0.03423      0.03395      0.0342      0.03431      0.03422
      22      63      1      HE      -0.0806      0.42387      3.15656      10.801      -0.0607      0.23881      3.64362      33.41      -0.0988      0.01586      1.91156      16.1631      -0.1381      -0.5074      3.36474      32.9753      0.03457      0.03499      0.03389      0.03394      0.03449      0.03521      0.03379      0.0339      0.03451      0.0352      0.03367      0.03391      0.03435      0.03514      0.0337      0.03384
      24      63      1      HE      0.04873      -2.9499      -4.7978      -9.6779      0.0079      -2.91      -2.6633      -34.537      -0.0001      -2.5559      -3.8305      -3.4629      0.01289      -3.3335      -4.518      -25.569      0.03413      0.0347      0.03409      0.03473      0.03403      0.03478      0.03397      0.03481      0.03411      0.03471      0.03395      0.03471      0.03392      0.0347      0.03388      0.03476
      19      63      4      HE      -0.0506      0.28961      1.65083      -0.4732      0.05047      0.22408      2.18936      20.8985      0.05006      -0.0212      4.20573      48.8202      -0.0794      -0.1011      0.92526      16.5159      0.03396      0.03436      0.03357      0.03394      0.03385      0.03443      0.03348      0.03392      0.03389      0.03438      0.03342      0.03377      0.03374      0.03435      0.03337      0.03384
      26      63      1      HE      0.08075      -1.0522      0.71727      34.2517      0.04682      -1.343      -0.0763      23.0546      0.065      -1.6906      3.48763      22.3715      0.06029      -1.3109      0.04046      61.2471      0.03452      0.03442      0.03405      0.03383      0.03443      0.03457      0.03393      0.03373      0.03447      0.0345      0.03386      0.03376      0.03428      0.03445      0.03382      0.03354
      19      63      6      HE      0.08017      1.36915      2.34673      13.6796      0.06387      1.17718      4.19922      7.64672      -0.0143      0.41202      4.26581      -0.3781      -0.0628      0.37015      2.93413      8.78272      0.03522      0.03547      0.03568      0.03441      0.03489      0.03559      0.03554      0.03453      0.03495      0.03555      0.03551      0.03439      0.035      0.03558      0.03547      0.03452
      24      63      4      HE      0.05744      1.16623      1.34962      20.3388      0.0483      0.94388      3.80495      25.2969      0.1011      0.78563      3.75931      20.5476      0.06444      0.83536      4.77041      -1.9098      0.03509      0.03492      0.03545      0.03423      0.03476      0.03497      0.03539      0.03419      0.03491      0.03493      0.03532      0.0343      0.03485      0.03495      0.03521      0.03421
      22      63      2      HE      0.03173      -0.5954      0.19921      9.91231      0.02812      -0.7546      1.75175      5.85339      0.08535      -0.324      3.03146      5.81669      0.02178      -0.7414      2.41538      14.9603      0.03506      0.03546      0.03477      0.03496      0.03466      0.0355      0.03461      0.03485      0.03486      0.03549      0.03459      0.03483      0.03481      0.03545      0.03458      0.03475
      20      63      2      HE      0.07029      -0.2534      0.79279      -7.8588      0.03154      -0.6495      0.25062      -8.531      0.08248      -0.6898      2.32015      -1.1462      0.04861      -0.6288      1.69037      -0.8034      0.0349      0.03483      0.03411      0.03479      0.03458      0.03493      0.03408      0.03476      0.03484      0.03486      0.03407      0.03468      0.03479      0.03489      0.03392      0.03472
      22      63      4      HE      -0.0814      2.56916      2.49698      -6.2686      -0.1027      1.98512      7.35032      -5.5133      -0.0875      2.10409      7.79728      -12.018      -0.0519      1.95895      5.07493      -9.9861      0.03518      0.03501      0.03403      0.034      0.03493      0.03517      0.03391      0.03386      0.03508      0.03515      0.03383      0.03383      0.03501      0.03513      0.03381      0.03379
      20      63      4      HE      0.06866      -0.0858      0.81154      -32.263      0.02806      -0.1982      0.09686      -44.615      0.05153      -0.2434      0.15803      -38.5      0.09124      -0.4183      0.67899      -56.357      0.03554      0.03505      0.03496      0.03387      0.03519      0.03505      0.0348      0.03389      0.03533      0.03504      0.03471      0.03382      0.0353      0.03505      0.03468      0.03383
      19      64      5      HE      -0.0167      -2.7791      -5.9418      -31.575      -0.0264      -2.3341      0.39751      -38.754      -0.0244      -2.062      -1.2214      -21.513      -0.0139      -2.0483      -0.8261      -25.212      0.03407      0.03397      0.03425      0.0343      0.03407      0.03379      0.03402      0.03427      0.03399      0.03374      0.03405      0.03422      0.03389      0.03372      0.03402      0.03407
      19      64      6      HE      0.01213      -1.1244      -3.1451      -8.1918      0.02636      -0.6958      -1.0685      -0.7503      0.06274      -0.5976      0.89308      28.6249      0.03868      -0.8317      -0.2348      10.8662      0.03415      0.03427      0.03344      0.03334      0.0341      0.03417      0.0333      0.03318      0.03406      0.03414      0.0333      0.03307      0.03399      0.03415      0.03315      0.0331
      21      63      2      HE      0.04962      -0.46      1.13124      -25.14      0.03061      -0.4002      3.33284      -6.118      0.04823      -0.4278      3.85818      -12.95      0.04879      -1.0863      1.9192      -18.734      0.03387      0.03401      0.03427      0.03385      0.03381      0.034      0.03412      0.03382      0.03379      0.03397      0.0341      0.03378      0.03366      0.034      0.03401      0.0337
      20      64      2      HE      0.01935      -2.1738      -0.5423      -21.626      0.01855      -1.8619      -0.715      -30.524      0.0279      -1.9244      0.49449      -31.945      0.02197      -1.9102      0.35722      -27.339      0.03432      0.03415      0.03407      0.03335      0.03431      0.03404      0.03398      0.03346      0.03429      0.03404      0.03401      0.03342      0.03426      0.03401      0.03388      0.03328
      21      63      4      HE      0.03183      -0.7987      -2.0866      4.55462      -0.0371      -0.2444      0.82152      2.55242      -0.0386      -0.8937      -1.0678      1.23785      0.0445      -0.8975      -3.1315      -18.908      0.03429      0.03433      0.03434      0.03382      0.03429      0.03423      0.03434      0.03376      0.03418      0.0343      0.03431      0.03375      0.03417      0.03431      0.03431      0.03377
      20      64      4      HE      0.10918      -4.2787      -4.4225      -0.8234      0.0614      -3.9654      0.07266      18.8928      0.0608      -3.6721      -1.1161      19.2644      -0.0022      -4.4366      -4.9813      23.176      0.03415      0.03387      0.03345      0.03341      0.03404      0.03375      0.03321      0.03337      0.03399      0.0337      0.0332      0.03334      0.03392      0.03376      0.03331      0.03322
      19      64      1      HE      0.00794      1.75349      2.54609      5.03164      -0.0074      0.90877      4.56304      11.1961      -0.0299      1.5785      2.5739      12.4297      0.03164      1.46818      2.94466      0.59853      0.03476      0.03472      0.03431      0.03482      0.03435      0.03474      0.03413      0.03475      0.03466      0.03469      0.03418      0.03472      0.03427      0.03469      0.03408      0.03473
      20      64      1      HE      0.04099      0.66272      2.16543      19.6792      0.08058      0.35395      3.4985      -1.5861      0.02807      0.63431      4.5691      -12.213      0.0006      -0.0895      5.37676      -1.5983      0.0348      0.03475      0.03458      0.03496      0.03441      0.03487      0.03443      0.03491      0.03475      0.03485      0.03443      0.03491      0.03426      0.03485      0.03441      0.03488
      21      63      1      HE      0.01034      0.70216      0.22327      -7.7966      -0.0367      0.03278      4.62732      12.8079      0.03753      0.03504      4.75944      26.2423      -0.042      0.5265      3.15711      -16.467      0.03453      0.03474      0.03452      0.03416      0.03418      0.03477      0.03429      0.03409      0.03456      0.03477      0.03429      0.03403      0.03407      0.03469      0.03428      0.03415
      23      63      1      HE      0.01416      0.53262      0.7946      10.2416      0.01586      0.4433      3.34739      2.60636      0.04903      0.83724      3.98644      4.40929      0.00588      0.48696      2.50733      6.83473      0.03458      0.03442      0.03444      0.03357      0.03425      0.03451      0.03436      0.03349      0.03452      0.03449      0.0343      0.03338      0.03418      0.03444      0.03423      0.03347
      19      64      4      HE      -0.096      1.14379      4.59024      1.01533      0.02538      0.58643      5.13721      -1.5684      0.03092      0.6604      4.194      11.5893      0.02692      0.30658      3.87581      6.80267      0.03437      0.03431      0.03473      0.0349      0.03408      0.03444      0.03465      0.03477      0.03429      0.03446      0.03464      0.03469      0.03394      0.0344      0.03454      0.03464
      25      63      1      HE      0.04698      3.82798      0.63613      -1.8052      -0.0053      3.62826      2.80115      15.7339      0.05008      3.80653      2.77084      -9.9695      -0.0015      3.42709      1.89354      -7.4469      0.03448      0.03469      0.03432      0.03351      0.03415      0.03469      0.0342      0.03343      0.03443      0.03466      0.03413      0.03335      0.034      0.0346      0.03412      0.03335
      23      63      6      HE      0.0627      -2.9034      -2.4309      -33.092      0.00145      -2.8206      -1.1151      -35.059      0.05672      -2.6344      -0.8634      -32.214      0.04296      -2.302      -2.4542      -35.679      0.03386      0.03442      0.03384      0.03433      0.03382      0.0345      0.03374      0.03442      0.03383      0.03448      0.03367      0.03443      0.03375      0.03443      0.03364      0.03437
      25      63      4      HE      -0.012      -1.8751      -1.4973      4.1499      0.02793      -2.4595      -0.0014      4.39128      0.0147      -2.491      2.11354      6.07099      -0.0152      -2.7016      0.22084      1.99913      0.03409      0.03422      0.0338      0.03455      0.03403      0.03439      0.03372      0.03449      0.03405      0.03434      0.03365      0.03446      0.03394      0.03434      0.03365      0.03438
      20      64      5      HE      -0.1018      0.30253      0.05246      -28.146      -0.0957      0.39438      2.16668      -7.3751      -0.145      -0.1031      0.45052      -24.642      -0.1258      -0.0229      2.74989      -5.3827      0.03392      0.03408      0.03398      0.03343      0.03387      0.03418      0.03385      0.0334      0.0339      0.03415      0.03387      0.03343      0.03376      0.03412      0.0338      0.0333
      21      63      6      HE      0.01576      -3.327      -4.0573      -32.525      0.04275      -3.4197      -1.7699      3.68819      0.06754      -3.132      -0.9367      -22.407      -0.0009      -3.5078      -1.8775      -12.648      0.0341      0.03389      0.034      0.0333      0.03402      0.03399      0.03386      0.03318      0.03403      0.03391      0.03382      0.0332      0.03389      0.03391      0.03378      0.03319
      23      63      4      HE      0.00434      0.61346      -2.1728      -24.792      0.03219      0.14321      3.08455      -10.257      0.06583      0.33439      2.7572      1.30499      0.03779      0.12078      0.70669      -21.205      0.03397      0.03453      0.0348      0.03418      0.03397      0.03466      0.03466      0.03406      0.034      0.03459      0.03455      0.03389      0.03383      0.03454      0.03454      0.03385
      20      64      6      HE      -0.0131      -1.307      -0.2876      -18.594      -0.0065      -1.3735      -1.2      -12.294      0.05406      -1.0673      0.08346      -4.4193      0.04202      -1.3686      3.18433      -14.142      0.03389      0.03404      0.03366      0.03379      0.0338      0.03413      0.03356      0.03385      0.03383      0.03406      0.0335      0.03377      0.03367      0.03403      0.03346      0.03375
      21      63      5      HE      -0.0002      2.33638      -4.7166      -34.946      0.0054      2.35359      3.20261      -32.868      0.00833      2.61304      3.57438      -25.419      0.00613      2.50418      0.20296      -27.219      0.03375      0.03376      0.03405      0.03345      0.0338      0.03381      0.03379      0.03341      0.03381      0.03376      0.03376      0.03342      0.03378      0.03371      0.03376      0.0333
      23      63      5      HE      0.00073      -0.1776      -3.1677      15.3115      -0.0022      -0.4038      0.55924      3.13652      0.0189      -0.6178      1.04956      2.05355      0.0006      -0.4703      0.88649      3.33642      0.03419      0.03518      0.03407      0.03373      0.03416      0.03517      0.03393      0.03366      0.03421      0.03513      0.03391      0.03357      0.03414      0.03513      0.03386      0.03351
      25      63      6      HE      -0.0117      -2.3328      -2.7003      -11.258      -0      -1.6759      -1.1888      -4.7964      -0.0422      -1.9093      2.53747      -14.188      -0.006      -1.758      -1.3949      -34.531      0.03415      0.0344      0.03333      0.03377      0.03414      0.03434      0.03316      0.03369      0.03414      0.03428      0.0331      0.03371      0.03406      0.03427      0.03316      0.03378
      25      63      5      HE      -0.0434      -4.3736      -5.9899      -27.884      -0.0371      -3.9614      -4.7313      -20.507      -0.0385      -3.8332      -4.8929      -12.076      -0.0289      -4.3176      -4.775      -19.204      0.03425      0.03455      0.03448      0.0342      0.03434      0.03444      0.03425      0.03402      0.03432      0.03439      0.03425      0.03392      0.03427      0.03443      0.03424      0.03398
      19      64      3      HE      0.04268      -4.3638      -5.7594      -14.063      0.03257      -4.3572      -2.763      -8.9457      0.00404      -4.3589      -4.1854      -8.1966      -0.0026      -4.6338      -2.6441      5.54791      0.03392      0.0338      0.03346      0.03412      0.03395      0.03385      0.03324      0.03408      0.03396      0.03375      0.03324      0.03395      0.03388      0.03377      0.03319      0.03401
      25      63      3      HE      -0.0373      -6.2526      -6.1129      5.04482      -0.0387      -5.5201      -2.4915      -2.0371      -0.024      -5.988      -5.3174      19.1404      -0.0422      -5.6282      -5.1222      -7.8405      0.03404      0.03429      0.03445      0.03448      0.03407      0.03427      0.03432      0.03425      0.03411      0.03427      0.03435      0.03424      0.03403      0.03423      0.03428      0.03427
      19      64      2      HE      0.05898      -5.442      -5.2275      -42.957      0.05967      -5.7094      -2.0649      -9.9141      0.03657      -5.8753      0.45229      -27.531      0.0602      -5.7664      -0.4828      -14.695      0.0345      0.03521      0.03465      0.03546      0.03442      0.03529      0.0344      0.03529      0.03445      0.03523      0.03432      0.0353      0.03435      0.03522      0.0343      0.03529
      20      64      3      HE      0.00448      -6.4593      -5.8129      1.0192      0.00029      -6.4335      -4.2337      -28.923      0.01319      -6.5336      -4.0875      -26.965      -0.002      -6.8835      -6.6664      -2.5149      0.03458      0.03523      0.03524      0.0344      0.03445      0.0352      0.03505      0.03453      0.03453      0.03516      0.03497      0.03447      0.03442      0.03516      0.03503      0.03442
      21      63      3      HE      -0.0071      -6.0488      -5.1181      -4.6385      -0.0048      -6.5798      -2.6427      1.27493      0.0169      -6.2218      -2.3815      -0.5159      -0.005      -6.7391      -1.0599      2.53031      0.0346      0.0351      0.03553      0.03572      0.03454      0.03518      0.03529      0.03579      0.03452      0.03513      0.03524      0.03569      0.03449      0.03514      0.03531      0.03564
      23      63      3      HE      -0.0076      -6.4097      -8.6667      10.1421      -0.0178      -6.4225      -4.0628      -48.396      -0.0147      -6.2455      -7.1607      -21.762      0.00196      -6.5634      -7.3522      -27.608      0.03494      0.03499      0.03476      0.0354      0.03484      0.03502      0.03458      0.03557      0.03485      0.03503      0.03455      0.0355      0.03478      0.03501      0.03454      0.0355
      23      63      2      HE      0.10059      -6.2921      -5.7356      -42.476      0.09911      -6.0136      -2.7769      -8.1172      0.03856      -6.3486      -2.9321      -1.5554      0.04025      -6.2273      -2.6198      -7.7107      0.03453      0.0348      0.0349      0.0343      0.03443      0.03486      0.03468      0.03415      0.03446      0.0348      0.03469      0.03408      0.03441      0.03483      0.0346      0.03406
      25      63      2      HE      0.00789      -6.3183      -5.5065      -4.5696      0.06669      -6.3554      -2.3804      6.07996      0.09345      -6.5021      -3.1133      14.6996      0.02086      -6.6064      -4.2423      14.3222      0.03456      0.03503      0.03545      0.03466      0.03447      0.03503      0.0353      0.03461      0.03446      0.03502      0.03524      0.0344      0.03443      0.03505      0.03521      0.03439
      19      65      2      HE      -0.1676      -1.9984      -1.0602      -52.162      -0.1226      -1.7665      -0.9794      -58.014      -0.1587      -2.0441      0.29382      -63.382      -0.0861      -1.7167      0.62436      -75.502      0.03374      0.03383      0.03369      0.03362      0.03383      0.03399      0.0336      0.03385      0.03375      0.03402      0.03344      0.03385      0.03372      0.03377      0.03348      0.03393
      20      65      3      HE      0.03083      -6.3024      -6.3628      -7.4352      0.05295      -5.8575      -0.5176      -8.4856      0.00832      -6.082      -0.6903      -0.5702      0.02931      -6.5149      -1.8045      -28.712      0.03403      0.03436      0.03447      0.03385      0.03412      0.03425      0.03429      0.03392      0.03394      0.0342      0.03427      0.03395      0.03396      0.03434      0.03421      0.0339
      21      65      3      HE      0.01693      -5.4493      -7.0874      -52.645      -0.0092      -4.6503      -5.9764      -74.048      -0.0112      -5.0854      -6.5449      -67.829      0.02894      -4.9186      -6.165      -79.26      0.03339      0.03402      0.03394      0.03398      0.03346      0.03394      0.0339      0.03418      0.03333      0.03396      0.03378      0.03421      0.03337      0.03393      0.03379      0.03417
      23      65      3      HE      -0.0167      -5.978      -4.2916      -25.966      0.03753      -5.9768      -2.9254      -55.146      -0.0012      -5.6356      -2.0148      -87.609      -0.0198      -6.1347      -1.4031      -96.163      0.03383      0.03437      0.03431      0.03486      0.03399      0.03438      0.03414      0.03513      0.03383      0.03427      0.03412      0.03531      0.03392      0.03423      0.03411      0.03533
      23      65      2      HE      0.07594      -2.9583      -1.9636      -12.996      0.07045      -3.0958      -2.0611      -45.587      0.06136      -2.5908      -0.976      -63.332      0.08835      -3.4533      -1.6485      -32.183      0.03361      0.03388      0.0336      0.03507      0.03363      0.03393      0.03345      0.03514      0.03354      0.0337      0.03344      0.03519      0.03349      0.03392      0.03331      0.03504
      25      65      2      HE      0.0824      -2.3001      -1.3291      4.51438      0.05212      -1.5733      -0.1272      0.32106      0.0188      -2.3296      -1.0183      -9.9302      0.04041      -2.5911      -1.7161      -17.386      0.03384      0.03464      0.03384      0.03411      0.0339      0.03451      0.03378      0.03423      0.03378      0.03462      0.03375      0.03424      0.03383      0.03467      0.03375      0.03411
      23      65      6      HE      0.0941      -0.0783      -2.3131      -24.378      0.09043      -0.2701      -0.3797      -11.277      0.04169      -0.2829      -0.1051      -20.451      0.07982      -0.2239      -1.2095      1.31176      0.03428      0.03485      0.03391      0.03409      0.03439      0.03499      0.03377      0.03409      0.03414      0.03481      0.03372      0.03394      0.03419      0.03484      0.03366      0.03387
      23      65      5      HE      0.04435      -0.9617      3.59586      28.0546      0.06618      -0.6607      2.73512      17.0594      -0.0044      -0.8791      -0.6545      0.61485      0.03484      -0.9079      1.1035      21.6377      0.03545      0.03512      0.03387      0.03405      0.03559      0.03508      0.03384      0.03431      0.03532      0.03504      0.03382      0.03419      0.03534      0.035      0.03378      0.03411
      25      65      5      HE      0.03082      0.13422      1.16738      19.6233      0.01893      0.75885      4.90071      -10.081      0.02887      0.23216      2.32077      1.96822      0.05731      0.74974      2.62807      -2.8658      0.03409      0.03422      0.03418      0.0336      0.03418      0.03401      0.03401      0.03368      0.03393      0.03406      0.03406      0.03364      0.03397      0.03396      0.03393      0.03353
      25      65      6      HE      -0.0114      -0.2681      -0.9098      4.85397      0.00228      -0.3425      -0.2576      -1.9485      -0.0135      -0.5384      0.98986      -25.119      0.00761      -0.0975      1.38673      -23.38      0.03476      0.03463      0.03445      0.0355      0.03494      0.03465      0.0343      0.03571      0.03462      0.03462      0.03426      0.03567      0.03466      0.03456      0.03422      0.03556
      19      65      3      HE      0.09219      -1.2473      -2.3851      -3.5439      0.07887      -0.895      0.70452      -10.974      0.02379      -1.096      0.25787      -31.787      -0.0619      -1.3208      -1.4277      -27.869      0.03459      0.03518      0.03433      0.03469      0.03472      0.03506      0.0343      0.03479      0.03435      0.03507      0.03425      0.03474      0.03441      0.03504      0.03416      0.0347
      25      65      3      HE      0.06977      -0.5194      1.62582      5.98737      0.05222      -0.1829      1.30151      6.67207      0.02899      -0.6434      0.83344      -19.095      0.03431      -0.6394      3.22556      -31.956      0.03429      0.03453      0.03489      0.03436      0.03446      0.0346      0.0348      0.0345      0.03409      0.03447      0.03473      0.03441      0.03418      0.03437      0.03471      0.03444
      19      65      5      HE      -0.0877      -1.2734      3.59636      -22.992      -0.1216      -1.1864      1.46237      -27.465      -0.0899      -1.1948      2.51843      -1.9435      -0.1012      -1.2419      0.03421      3.63605      0.03379      0.0336      0.03286      0.03295      0.03377      0.03357      0.03275      0.03307      0.03365      0.03353      0.0327      0.03298      0.03362      0.03352      0.03273      0.03288
      25      65      4      HE      -0.0067      -5.8338      -3.9524      9.6614      0.02169      -5.4471      -3.751      32.6897      0.00547      -5.7366      -7.6444      49.4334      0.00848      -5.5174      -5.5217      -1.2137      0.03404      0.03407      0.03421      0.03395      0.03399      0.03391      0.03416      0.03379      0.03396      0.03384      0.03418      0.03367      0.03386      0.0338      0.03414      0.03389
      20      65      6      HE      0.03607      -4.125      -3.5802      7.39386      0.00599      -4.393      -1.3771      39.221      0.01243      -4.6151      -0.5607      19.0445      0.03528      -4.0727      0.05596      9.64903      0.03379      0.03382      0.0335      0.03345      0.03384      0.03375      0.03337      0.03332      0.03369      0.03377      0.03325      0.03326      0.03369      0.03368      0.03319      0.03331
      20      65      5      HE      0.02748      -5.1616      -4.9769      13.6884      0.02106      -4.6857      -2.8656      15.6463      0.01783      -5.4477      -0.9834      -9.9147      0.00531      -4.9005      -1.4259      11.6414      0.03359      0.03355      0.03332      0.03425      0.03366      0.03349      0.03325      0.03427      0.03352      0.03354      0.03313      0.03433      0.03354      0.03346      0.03311      0.03422
      21      65      5      HE      0.03332      -2.8367      -3.4064      -7.7291      0.05124      -2.5816      -1.2961      -38.971      0.05177      -2.8925      -2.0314      -38.367      0.05282      -2.5982      -3.248      -5.7313      0.03351      0.03421      0.03394      0.03349      0.03351      0.03416      0.03389      0.03359      0.03342      0.0342      0.03379      0.03356      0.03336      0.03414      0.03377      0.03354
      21      65      6      HE      0.04105      -2.8575      -3      -32.431      0.02496      -2.115      -3.5567      -13.142      0.09311      -2.3442      -5.3193      -29.477      0.03707      -2.1716      -4.8158      -23.837      0.03389      0.03417      0.03393      0.03457      0.03391      0.03407      0.03381      0.03445      0.03381      0.034      0.03387      0.03448      0.03376      0.03398      0.03385      0.03439
      19      65      1      HE      0.06883      -1.9709      -2.8778      -25.84      0.08536      -1.7355      -0.6675      -43.493      0.04151      -1.3394      -1.4379      -18.27      0.0672      -1.7158      -2.3402      -28.678      0.03456      0.03498      0.03366      0.03505      0.03458      0.035      0.03355      0.03505      0.03455      0.03489      0.03355      0.03505      0.03448      0.0349      0.03354      0.035
      20      65      1      HE      -0.0018      -4.069      -1.3514      -10.909      0.01068      -2.938      -2.0157      -24.682      -0.0298      -3.5708      -0.9817      -40.065      0.00239      -3.7736      -1.0533      -22.778      0.03483      0.03502      0.03464      0.03487      0.03483      0.03483      0.03446      0.03501      0.03479      0.0349      0.03444      0.03502      0.03466      0.03486      0.03439      0.03506
      21      65      1      HE      0.00409      -3.1548      -1.3183      5.93293      0.03208      -2.9068      -0.9283      19.2356      0.04212      -3.1786      2.52167      9.12664      -0.0058      -2.7883      2.04533      6.13431      0.03505      0.03516      0.03515      0.03569      0.03502      0.03518      0.03493      0.03561      0.03499      0.03515      0.03492      0.03563      0.03488      0.03514      0.03491      0.03561
      23      65      1      HE      -0.0122      -3.5262      -2.0248      -8.7477      0.03073      -2.9451      -1.2498      -0.8226      -0.0047      -2.935      -0.2956      12.9858      -0.045      -3.493      0.77666      24.5866      0.03508      0.03586      0.03474      0.03526      0.03515      0.03575      0.0345      0.03515      0.03506      0.03567      0.03445      0.03509      0.03494      0.0357      0.0345      0.03496
      19      65      4      HE      0.0181      -3.3144      -0.7039      -4.8204      0.10343      -3.0367      0.94946      -4.1316      0.06159      -3.1986      -1.5982      -4.4402      -0.0167      -3.1484      -0.5432      -4.8728      0.03465      0.03538      0.03536      0.03487      0.03472      0.03537      0.03534      0.03478      0.03462      0.03536      0.03532      0.03472      0.0345      0.03531      0.03524      0.03471
      25      65      1      HE      0.02334      -3.9194      -3.6717      -10.759      0.04741      -4.0878      -6.8053      -21.59      0.00576      -3.7388      -4.299      -16.764      -0.0012      -3.672      -3.7627      -20.227      0.03496      0.03587      0.03586      0.035      0.03501      0.03591      0.03586      0.03506      0.03493      0.03575      0.03582      0.03507      0.03481      0.03574      0.03582      0.03504
      19      65      6      HE      0.0737      -3.4854      -4.5176      -20.492      0.01875      -3.7016      -4.0169      -31.599      0.07601      -3.4691      -4.3515      -30.093      0.05556      -3.6858      -5.1575      -26.915      0.03511      0.03584      0.03584      0.03498      0.03518      0.03574      0.03571      0.03507      0.03495      0.03568      0.03572      0.03505      0.03494      0.0357      0.03569      0.03498
      23      65      4      HE      0.02055      -3.8413      -1.5047      -10.667      0.07825      -3.4895      -1.8354      32.3926      0.05833      -4.6676      -1.7223      15.7678      -0.019      -3.9696      -0.1236      1.05038      0.03489      0.03487      0.03553      0.03474      0.03485      0.03485      0.03544      0.0345      0.03475      0.03494      0.03538      0.03458      0.03467      0.03486      0.03532      0.03459
      21      65      2      HE      0.03833      -3.5604      -3.0443      -12.995      -0.0335      -3.1922      -1.9667      25.5355      0.00909      -3.3908      -0.6671      3.91881      -0.0004      -3.4226      -1.0143      27.5187      0.03491      0.0349      0.03533      0.03479      0.03498      0.03483      0.03524      0.03465      0.03489      0.03478      0.0351      0.03469      0.03488      0.03477      0.03511      0.03457
      20      65      2      HE      0.07151      -1.949      0.59625      -30.143      0.05678      -1.9233      2.72247      -21.801      0.03433      -1.9644      2.27831      -45.376      0.05077      -2.3668      2.82932      -17.999      0.03494      0.03479      0.03509      0.03413      0.03498      0.03474      0.03488      0.03429      0.03497      0.03472      0.03488      0.03412      0.03482      0.03464      0.03477      0.03405
      21      65      4      HE      0.09989      -4.571      -4.45      -11.273      0.0678      -3.5705      -4.111      -39.864      0.13081      -3.902      -3.7613      -30.987      0.09606      -3.8091      -1.6398      -32.351      0.03507      0.03569      0.03513      0.03492      0.03503      0.03547      0.03489      0.03517      0.03493      0.03537      0.03482      0.03509      0.03486      0.03538      0.03473      0.03512
      20      65      4      HE      0.06376      -4.5107      -1.6914      -1.9105      -0.0194      -4.2643      0.44145      -4.1255      0.00113      -4.0947      0.35918      -6.5488      0.03904      -3.8752      -1.2086      7.93131      0.03496      0.03468      0.03537      0.03464      0.03492      0.03456      0.03522      0.03459      0.03496      0.03454      0.03522      0.0347      0.0347      0.03448      0.03511      0.03444
      19      66      5      HE      0.00912      0.52356      1.31865      -10.194      0.03084      0.73531      1.55739      -27.248      -0.0181      0.58144      2.62968      -15.158      -0.0081      0.48131      3.15229      -27.522      0.03458      0.03519      0.03494      0.03532      0.03451      0.03512      0.03481      0.03528      0.03452      0.03507      0.03471      0.03522      0.03451      0.03508      0.03471      0.03522
      19      66      6      HE      0.00151      1.88821      2.06154      -16.341      -0.0331      2.53875      3.60482      -13.349      0.00777      2.59032      5.31918      -8.3389      0.00651      2.51572      3.92588      5.47613      0.03473      0.03503      0.03533      0.03496      0.0347      0.03489      0.0352      0.03486      0.03473      0.03487      0.03504      0.03484      0.03469      0.03482      0.035      0.03475
      22      65      2      HE      -0.021      3.7239      6.35667      23.0619      -0.0086      3.65464      4.07544      28.6922      -0.0084      3.28567      6.56432      35.4541      -0.0145      3.25839      6.6056      24.0342      0.03465      0.03491      0.03495      0.03533      0.03465      0.03496      0.03487      0.0354      0.03465      0.03499      0.03474      0.03524      0.03468      0.03493      0.03473      0.03524
      20      66      2      HE      0.03614      -0.849      0.00104      -33.587      0.01441      -0.819      3.63171      58.8731      0.04272      -0.4766      1.21724      22.2068      0.04952      -0.4803      0.65046      10.5699      0.0348      0.03565      0.0352      0.03525      0.03475      0.03552      0.03487      0.0348      0.03473      0.03544      0.03482      0.03487      0.03472      0.03538      0.03477      0.03481
      22      65      4      HE      0.05973      -2.1296      -1.2964      -29.869      0.01744      -1.8222      0.63551      8.36704      -0.0053      -2.0301      0.90568      15.5628      0.05514      -1.5449      1.26721      -5.1554      0.03485      0.03491      0.03469      0.03411      0.03481      0.03491      0.03445      0.03383      0.03481      0.03485      0.03434      0.03361      0.03479      0.03483      0.03433      0.03366
      20      66      4      HE      -0.0457      1.58372      5.21099      34.2547      -0.0317      1.80969      3.30669      14.0608      -0.0154      1.75552      3.48673      26.3908      -0.0266      1.97948      6.56421      6.80169      0.0347      0.03568      0.03481      0.0354      0.03461      0.03564      0.03473      0.03531      0.03464      0.03559      0.03472      0.03531      0.03461      0.03548      0.03465      0.0352
      19      66      1      HE      -0.0448      1.78041      2.86712      -10.88      -0.0205      1.70768      4.16431      -20.22      0.01627      1.74834      2.92323      -35.98      -0      1.8351      3.14907      1.18381      0.03468      0.03493      0.03483      0.03559      0.03461      0.03501      0.03476      0.03574      0.03463      0.0349      0.0347      0.03567      0.03464      0.0347      0.03469      0.03564
      20      66      1      HE      -0.0981      -0.5738      0.96163      35.6496      -0.0563      -0.5897      4.36095      1.25902      -0.1177      -1.1655      2.69496      36.0935      -0.0851      -0.9199      2.83734      5.1378      0.03466      0.0351      0.03529      0.035      0.03461      0.03512      0.03516      0.03513      0.03459      0.03516      0.03518      0.03501      0.0346      0.03507      0.03504      0.03502
      22      65      1      HE      0.04735      -1.21      1.30882      -3.7039      0.03457      -0.7302      0.77364      3.67486      0.06544      -0.5776      0.55176      -11.201      0.0493      -1.0013      0.86048      -4.6006      0.03526      0.03557      0.03471      0.03595      0.03525      0.03542      0.0346      0.03586      0.03517      0.0353      0.03445      0.03583      0.03522      0.03534      0.03442      0.03583
      24      65      1      HE      0.05135      3.17336      3.12522      6.6477      0.04494      2.84211      3.94672      28.5108      0.06386      3.37259      5.57273      2.29803      0.04495      2.90081      7.08078      21.9065      0.03486      0.03503      0.03539      0.03443      0.03485      0.03507      0.03524      0.03422      0.03482      0.03497      0.0353      0.03425      0.03479      0.03495      0.0351      0.03431
      19      66      4      HE      0.03931      4.62856      7.13255      25.6399      0.02883      4.70451      9.2535      27.7025      0.02806      4.57595      8.22553      34.5777      0.02495      4.51837      8.25772      18.5571      0.03473      0.03422      0.03415      0.03476      0.03474      0.03419      0.03406      0.03471      0.03468      0.03401      0.03399      0.03467      0.03471      0.03404      0.03402      0.03472
      26      65      1      HE      -0.0065      0.14883      2.61598      14.1766      -0.0038      0.37521      3.11462      -1.6274      -0.0068      0.30368      3.28325      10.2135      -0.0082      0.58111      2.90781      11.7985      0.03509      0.03473      0.0348      0.03391      0.03504      0.03468      0.03468      0.03395      0.03501      0.03463      0.03462      0.03394      0.035      0.03464      0.03463      0.0338
      24      65      6      HE      0.08777      1.31371      -0.3554      -8.9818      0.00055      1.73883      3.79337      -3.909      0.02598      1.51688      3.5995      -3.8796      -0.0082      1.17408      3.6007      -4.624      0.03411      0.03454      0.03343      0.03361      0.03411      0.03444      0.03312      0.0336      0.03405      0.0344      0.03311      0.03352      0.03405      0.03442      0.03311      0.03357
      26      65      4      HE      0.04973      -0.9544      -1.5527      8.8047      0.03283      -0.7465      3.374      39.7527      0.0208      -0.5954      1.04874      42.0251      0.04363      -0.6848      2.26197      44.9686      0.03402      0.03425      0.03402      0.03328      0.034      0.0342      0.03383      0.03295      0.03388      0.03402      0.03384      0.0329      0.03396      0.0341      0.03383      0.0329
      20      66      5      HE      0.05281      1.3036      3.77322      11.7787      0.06463      1.51964      3.70045      2.38201      -0.0049      1.44469      3.11309      17.4504      0.02032      1.05926      2.94276      -36.42      0.03369      0.03419      0.03459      0.03447      0.03372      0.03423      0.03451      0.03456      0.03358      0.03421      0.03436      0.03444      0.03367      0.03422      0.03436      0.0345
      22      65      6      HE      0.02581      -1.6546      -2.106      -23.148      0.0653      -1.4218      -2.0668      -7.8411      0.02281      -1.2973      -1.6888      -3.0951      0.04215      -1.8913      -2.744      -5.2251      0.03425      0.03381      0.03425      0.03379      0.03424      0.03367      0.03413      0.03379      0.03416      0.03363      0.03408      0.03366      0.03421      0.03368      0.03409      0.03374
      24      65      4      HE      -0.0162      1.2541      2.85224      25.5726      0.04929      1.63277      5.58749      48.6136      -0.04      1.68549      2.36002      13.4443      -0.012      1.38016      3.93186      44.3424      0.03435      0.03463      0.03432      0.03403      0.03439      0.03452      0.03416      0.0339      0.03423      0.03447      0.03416      0.03384      0.0343      0.03447      0.03418      0.03386
      20      66      6      HE      -0.0124      -3.1085      -3.3238      20.5541      -0.002      -2.9717      -2.2595      10.8694      0.0354      -2.9493      -1.6942      19.6077      -0.0029      -2.9828      1.1814      14.5313      0.03425      0.03447      0.03436      0.03437      0.03418      0.03443      0.03418      0.03451      0.03403      0.03436      0.03419      0.03436      0.03412      0.03432      0.03417      0.03443
      22      65      5      HE      -0.0469      -5.8478      -8.3725      -51.323      0.0095      -5.3767      -8.2448      -39.31      0.01869      -6.1981      -8.3579      -38.834      0.05211      -5.9564      -7.8975      -35.936      0.03413      0.03474      0.03432      0.03428      0.03429      0.03462      0.03425      0.03438      0.03405      0.03466      0.03422      0.03425      0.03424      0.03465      0.03417      0.03422
      24      65      5      HE      0.03469      -5.9819      -6.5141      -21.632      0.03115      -5.7726      -5.486      -2.8996      0.02718      -5.8201      -5.7118      -17.92      0.05564      -5.6278      -6.4313      4.5462      0.0344      0.03444      0.0342      0.03492      0.03448      0.03436      0.03416      0.0348      0.03432      0.03429      0.03416      0.03477      0.03443      0.0343      0.03399      0.03472
      26      65      6      HE      0.02443      -5.5795      -7.4955      -30.203      0.00571      -4.7954      -3.089      -12.58      0.00679      -5.0353      -3.3145      -8.4397      0.03781      -4.9394      -4.9096      -9.4962      0.03467      0.03507      0.0353      0.03412      0.0347      0.03498      0.03498      0.03396      0.03458      0.03501      0.03502      0.03396      0.03469      0.03498      0.03497      0.03378
      26      65      5      HE      0.08538      -6.3228      -8.0497      -11.982      0.09235      -6.1147      -3.4378      50.3609      0.0772      -6.2647      -2.2431      13.6557      0.09418      -6.1578      -4.3406      46.5141      0.03453      0.0345      0.03484      0.03421      0.03462      0.03457      0.03455      0.03387      0.03447      0.03454      0.0345      0.03399      0.03458      0.03448      0.03454      0.03382
      19      66      3      HE      -0.0564      -5.9312      -4.7895      -3.4652      -0.0245      -5.7665      -7.1543      8.50856      -0.0421      -6.1341      -3.9706      7.5217      -0.0184      -6.0236      -7.8198      5.90153      0.03447      0.03477      0.03423      0.03468      0.03457      0.03479      0.03419      0.03457      0.03447      0.03476      0.03416      0.03461      0.03455      0.03472      0.03413      0.03448
      26      65      3      HE      0.04645      -5.1409      -6.6206      -13.877      0.04172      -4.8878      -5.2806      -1.911      0.03102      -4.7574      -6.229      -11.405      0.06552      -4.8005      -6.0361      -9.8565      0.03446      0.03462      0.03413      0.03385      0.03455      0.03456      0.03417      0.03374      0.03443      0.03443      0.03411      0.03368      0.03451      0.03441      0.03406      0.03352
      19      66      2      HE      -0.2389      -3.4497      -6.1218      -43.815      0.05334      -2.1634      -3.8413      -36.552      -0.2128      -2.894      -1.7279      -36.747      -0.1512      -2.8246      -3.5528      -30.032      0.03468      0.03491      0.03407      0.03566      0.03465      0.0349      0.03393      0.03568      0.03452      0.03479      0.03379      0.03555      0.03464      0.03482      0.03382      0.03549
      20      66      3      HE      -0.1227      0.01287      -2.5099      -3.9564      -0.1759      -0.4706      -0.453      -22.704      -0.1252      -0.1327      -0.2859      -1.7316      -0.1333      -0.1951      -0.5929      -4.9068      0.03434      0.03442      0.03495      0.0347      0.03429      0.03454      0.03483      0.03476      0.03423      0.03448      0.03479      0.03475      0.03426      0.03444      0.03468      0.03464
      22      65      3      HE      0.02236      -2.966      -5.8845      -22.076      0.01861      -3.3386      -4.3439      -31.549      0.0226      -3.1688      -5.9401      -34.721      0.01124      -3.0361      -3.5506      -39.081      0.03465      0.03441      0.03425      0.03452      0.0346      0.03454      0.03422      0.03451      0.0346      0.0345      0.03415      0.03449      0.03458      0.03447      0.03412      0.03441
      24      65      3      HE      -0.1416      1.18084      2.42894      20.5302      -0.1564      0.78765      3.50993      27.938      -0.1451      1.26499      4.01419      4.60202      -0.1572      1.0082      5.17438      7.23881      0.0343      0.03506      0.03455      0.03402      0.03427      0.03518      0.03442      0.03394      0.03422      0.03508      0.03437      0.034      0.0342      0.03511      0.0343      0.03394
      24      65      2      HE      0.07658      -0.5259      0.44171      4.42744      0.0692      -0.2412      3.10077      8.98417      0.07641      -0.5428      0.7466      8.91284      0.06532      -0.4363      2.20394      14.1233      0.03422      0.03493      0.03483      0.03332      0.03418      0.03495      0.03474      0.03336      0.03416      0.03492      0.03469      0.03328      0.03414      0.03489      0.03466      0.03326
      26      65      2      HE      0.0607      2.47497      2.58841      -9.6578      0.0663      2.72145      5.16222      -10.919      0.04271      2.15907      2.24229      -14.653      0.06457      2.33613      5.26072      -4.9793      0.03463      0.03445      0.03504      0.0339      0.03455      0.03451      0.03488      0.03386      0.03455      0.03444      0.03491      0.03374      0.03449      0.03437      0.03481      0.03373
