#Linking QIE11 condition constant table...
#Printing QIE11 condition constant table! ShuntMode : 3
      29      63      1      HE      0.1307      -0.1775      -3.1672      -107.64      -0.0938      -0.6189      -2.2142      -21.964      0.02092      0.07868      10.0237      -42.777      -0.0874      -0.3276      -1.1015      -0.0257      0.10347      0.10412      0.10412      0.10285      0.10295      0.10435      0.10359      0.10193      0.10332      0.10416      0.10328      0.10216      0.10282      0.10393      0.10302      0.10159
      28      63      1      HE      -0.1264      0.2853      -5.8832      -15.401      -0.3902      0.2782      -0.7586      -3.8739      -0.4236      -0.1067      1.03945      9.93474      0.16061      0.74085      2.31533      9.1665      0.1039      0.10485      0.10392      0.10151      0.1036      0.10501      0.10362      0.10136      0.10371      0.10471      0.10354      0.10122      0.10327      0.10462      0.1034      0.10112
      18      63      2      HE      -0.0812      6.69654      6.18488      26.7074      -0.1738      6.4489      12.8115      10.2838      -0.0528      7.0226      14.4361      15.5857      0.00635      6.56621      12.3535      0.9739      0.10407      0.10273      0.10179      0.10081      0.10381      0.10273      0.10153      0.10045      0.10412      0.10253      0.10164      0.10037      0.10366      0.10253      0.10113      0.1005
      17      63      2      HE      0.15917      11.7592      7.8988      -50.174      0.17626      13.8794      16.2404      -59.636      0.15734      13.5073      22.135      -84.101      0.24107      13.661      16.2558      -62.06      0.10382      0.1039      0.10346      0.1011      0.10351      0.10381      0.10305      0.10171      0.10372      0.10383      0.10291      0.10156      0.10332      0.10368      0.10275      0.10111
      16      63      4      HE      0.08846      6.39163      4.87253      -13.209      0.01818      5.42631      9.8054      -25.648      0.10078      6.14074      4.64483      -63.611      -0.0263      6.12455      10.0602      -40.301      0.10332      0.10435      0.10151      0.10087      0.10317      0.10458      0.10133      0.10101      0.1033      0.10417      0.10135      0.10104      0.10299      0.10393      0.10103      0.101
      29      63      2      HE      0.08296      -1.1537      -4.3236      -104.06      -0.077      -0.2292      -5.2168      -91.948      -0.0236      0.02967      -6.6177      -109.79      -0.1019      -0.9804      -2.3919      -164.41      0.10372      0.10479      0.10465      0.10384      0.10359      0.10478      0.10439      0.10382      0.10364      0.10472      0.10437      0.10363      0.1032      0.10452      0.10411      0.10356
      28      63      2      HE      -0.0746      2.54426      3.45848      -71.294      -0.0536      3.04503      13.6364      -43.652      -0.1926      3.51481      8.17991      -47.667      -0.0638      2.4408      3.83213      -33.97      0.10315      0.10425      0.10424      0.10517      0.10301      0.10445      0.10386      0.10478      0.10318      0.10451      0.10363      0.10483      0.10339      0.10421      0.10373      0.10503
      28      63      5      HE      -0.1926      -5.3685      -17.274      -115.31      -0.2259      -4.2912      -4.9341      -104.03      -0.1743      -6.2991      -4.1548      -35.457      -0.3159      -5.0586      -8.6616      -73.845      0.10349      0.10419      0.10225      0.10264      0.10353      0.10429      0.10175      0.10267      0.10352      0.1042      0.1016      0.10242      0.10376      0.10399      0.10151      0.10256
      28      63      3      HE      0.07801      -5.5105      -3.3408      -23.788      0.11864      -5.2523      7.74634      51.6016      0.0928      -4.532      9.04662      47.6717      0.10338      -5.7077      10.81      48.8431      0.10357      0.10379      0.10377      0.10423      0.10373      0.1041      0.10303      0.10376      0.10348      0.10396      0.1028      0.10373      0.10387      0.10393      0.10253      0.10368
      28      63      7      HE      0.04382      5.75454      9.00382      17.9055      0.059      5.95877      7.72577      31.2193      0.01342      4.30959      4.29846      12.0251      0.07842      4.56268      15.749      6.56019      0.10412      0.10355      0.10375      0.10327      0.10418      0.10434      0.10322      0.10331      0.10393      0.10418      0.1033      0.10294      0.10436      0.10411      0.10306      0.10285
      26      63      7      HE      -0.0943      10.7435      0.09828      -95.23      0.08345      10.1388      1.51235      -138.04      0.01682      9.88743      1.72692      -70.803      0.07942      9.5496      10.2095      -118.92      0.10346      0.10238      0.10152      0.10141      0.10357      0.10301      0.10098      0.10142      0.10337      0.10279      0.10092      0.10111      0.10373      0.10266      0.10081      0.10119
      28      63      6      HE      -0.1356      -1.387      -11.655      -40.493      -0.057      -1.1854      -5.1676      -61.353      -0.1142      -0.6084      -11.094      -93.853      -0.0557      -1.135      -1.5428      0.38754      0.1039      0.10321      0.10435      0.10382      0.10402      0.1034      0.10426      0.10393      0.10362      0.10327      0.10373      0.10373      0.10419      0.10326      0.10387      0.1035
      18      63      3      HE      -0.0731      -17.643      -32.197      -172.67      0.15586      -18.144      -24.109      -69.745      0.19266      -17.917      -27.367      -132.12      0.10019      -16.876      -31.784      -8.4092      0.10532      0.10375      0.10156      0.1021      0.1053      0.10389      0.10101      0.10157      0.10501      0.10355      0.10077      0.10174      0.10525      0.10357      0.10049      0.10101
      28      63      4      HE      0.09889      -19.806      -17.439      -27.988      0.09627      -18.695      -15.141      -51.663      -0.4492      -19.713      -10.301      -57.712      0.10142      -18.606      -10.051      -52.592      0.10386      0.10271      0.10319      0.10107      0.10371      0.10272      0.10282      0.10091      0.10371      0.10235      0.10253      0.10083      0.10351      0.10236      0.10255      0.10078
      17      63      3      HE      0.11002      -17.338      -27.691      -65.465      0.02928      -15.811      -7.9642      -63.357      0.2032      -15.383      -28.305      -66.119      0.10338      -15.679      -19.893      -66.641      0.10412      0.10376      0.10354      0.10288      0.10384      0.10321      0.1028      0.10211      0.10411      0.10312      0.103      0.10235      0.10385      0.10306      0.10283      0.10227
      18      63      5      HE      0.18054      -17.606      -20.331      -66.408      0.03511      -17.537      -10.5      -10.348      0.08114      -17.663      -10.013      -15.094      0.00512      -16.928      -11.273      -13.375      0.10388      0.10309      0.1052      0.10494      0.1038      0.10305      0.10455      0.10425      0.10403      0.10293      0.10436      0.10448      0.1037      0.10258      0.10423      0.1042
      18      63      1      HE      -0.0556      -18.502      -33.733      13.6168      -0.0077      -18.51      -20.536      69.9493      0.0147      -17.305      -26.124      69.2142      0.01772      -17.176      -24.785      111.936      0.1031      0.10608      0.10428      0.1031      0.10315      0.10607      0.10351      0.10268      0.10337      0.10593      0.10364      0.10243      0.10294      0.1055      0.10345      0.10227
      18      63      4      HE      0.21558      -15.459      -13.795      12.4581      0.14154      -15.061      -5.5414      24.6352      0.14876      -13.803      -5.7204      40.4062      0.09477      -14.716      -12.573      -69.971      0.10459      0.10479      0.1044      0.10578      0.10437      0.10448      0.10416      0.10579      0.10453      0.10432      0.10393      0.10557      0.10424      0.10414      0.10381      0.10574
      18      64      1      HE      0.09459      3.87661      9.96821      -43.11      -0.077      3.1615      12.3784      -0.3023      0.10988      3.12655      12.2547      42.6738      -0.0238      2.46313      10.7878      21.0745      0.10298      0.10359      0.105      0.1046      0.10258      0.10387      0.10422      0.10436      0.10242      0.10374      0.10403      0.10353      0.10252      0.10385      0.10398      0.1042
      18      64      4      HE      0.19601      4.68521      9.63776      -74.622      0.05528      4.57219      18.5575      9.51108      0.15809      5.23391      18.4952      1.35978      0.19082      3.63079      20.5805      -20.185      0.10239      0.10282      0.10377      0.10346      0.10183      0.10281      0.10316      0.10355      0.10202      0.10275      0.10299      0.10334      0.10185      0.10287      0.10288      0.10318
      18      64      5      HE      0.15354      -2.4655      7.78299      48.2552      0.02764      -2.7904      11.0183      48.7834      0.14464      -2.1989      1.30753      43.51      0.08068      -3.3865      6.83723      77.3655      0.10219      0.10401      0.10458      0.10418      0.10168      0.10426      0.1041      0.10376      0.10188      0.10413      0.10426      0.10355      0.10184      0.10409      0.10405      0.10338
      17      64      3      HE      0.17435      -2.1846      7.91548      67.7194      0.13744      -1.9316      3.03936      124.026      0.29088      -2.4144      5.52426      87.6243      0.2104      -2.1484      14.5728      0.06858      0.10299      0.10339      0.10276      0.10184      0.10255      0.10348      0.10222      0.10162      0.10285      0.10346      0.10221      0.10165      0.10264      0.10339      0.10215      0.10157
      27      63      4      HE      -0.3288      9.57685      12.9176      64.191      0.13126      10.7258      21.1321      118.159      -0.3335      9.57977      20.1758      108.699      0.12903      9.21425      20.3835      114.668      0.10252      0.10414      0.10331      0.10263      0.10229      0.10446      0.10282      0.10206      0.10237      0.10428      0.10261      0.10193      0.10227      0.10409      0.1025      0.10213
      18      64      3      HE      0.18877      1.59923      2.76432      42.2682      0.19734      1.95253      11.9912      18.8746      0.22327      1.25666      8.88025      47.5425      0.23966      3.16658      11.2694      35.3223      0.10349      0.10501      0.1028      0.10333      0.10321      0.10501      0.10231      0.10379      0.10322      0.10492      0.10221      0.10332      0.10321      0.10474      0.10205      0.10348
      27      63      7      HE      0.06243      -25.61      -39.644      -123.06      0.15731      -24.611      -30.18      -84.436      0.19624      -24.39      -28.979      -83.847      0.12219      -24.19      -28.534      -125.12      0.10529      0.10822      0.10451      0.10271      0.10527      0.10791      0.10361      0.1021      0.10485      0.10764      0.10342      0.10205      0.10515      0.10772      0.10348      0.10213
      27      63      3      HE      -0.0171      -12.396      -20.974      -33.154      0.1471      -12.283      -15.913      54.2216      -0.0052      -12.375      -14.465      -36.961      0.03906      -13.151      -6.9717      -50.049      0.10239      0.10219      0.10218      0.10283      0.10234      0.10242      0.10163      0.1024      0.10237      0.10228      0.10148      0.10278      0.10225      0.10244      0.10141      0.10282
      27      63      5      HE      0.10177      -5.4712      -12.075      -58.102      0.04071      -6.9137      -5.3543      64.6211      0.11866      -5.8654      -4.2215      -29.525      0.02714      -7.1493      -5.2789      -8.5743      0.10304      0.10423      0.10438      0.10337      0.10294      0.10459      0.10341      0.10272      0.1029      0.10436      0.10306      0.10287      0.10276      0.10422      0.10312      0.10269
      27      63      6      HE      0.04233      -7.8789      -5.7743      -74.354      -0.044      -7.6425      -2.0705      -82.166      -0.0253      -6.8626      -10.808      -51.163      0.00263      -8.9123      -4.3619      -117.11      0.10399      0.10519      0.10363      0.10081      0.10398      0.10546      0.10316      0.10079      0.10407      0.10532      0.10308      0.10064      0.10378      0.10521      0.10307      0.10063
      29      63      3      HE      0.06247      -5.6366      -11.47      -32.855      0.04779      -4.1039      3.23235      100.542      0.10193      -3.7862      6.08962      -11.169      0.06511      -5.0557      -2.7498      19.0676      0.10184      0.10291      0.10139      0.09956      0.1017      0.10228      0.10066      0.09912      0.10186      0.10219      0.10056      0.09943      0.10168      0.10222      0.10059      0.09924
      27      63      1      HE      0.24473      -17.092      -11.395      55.5074      0.09565      -18.693      -3.3574      30.9826      0.20347      -19.077      -9.6503      58.9492      0.21394      -18.239      -7.961      89.6074      0.10364      0.1031      0.10321      0.10461      0.10338      0.10366      0.10279      0.10484      0.10305      0.10332      0.10266      0.10416      0.10334      0.10333      0.1025      0.10406
      18      64      2      HE      0.0551      -17.195      -14.234      -5.0676      -0.1271      -18.253      -11.151      -43.745      0.02187      -18.164      -13.456      -66.006      0.03412      -19.537      -12.108      4.1212      0.10334      0.10367      0.10179      0.10236      0.10307      0.10388      0.10148      0.10248      0.10299      0.10363      0.10141      0.10237      0.10282      0.10357      0.10135      0.10195
      17      64      2      HE      0.19592      -20.415      -27.922      -99.2      0.12027      -20.919      -18.833      -122.93      0.13473      -21.728      -19.336      -110.51      0.00763      -22.577      -21.128      -100.1      0.10247      0.10213      0.10346      0.10424      0.10206      0.1025      0.10313      0.10402      0.10181      0.10231      0.10301      0.1036      0.10204      0.10241      0.10289      0.10387
      16      64      4      HE      0.21735      -17.048      -19.898      -26.366      -0.0499      -18.725      -12.212      -27.995      0.15805      -18.861      -14.675      -29.393      -0.0005      -18.608      -9.6313      -6.3201      0.10281      0.10353      0.10208      0.10132      0.1023      0.10415      0.10173      0.10083      0.10232      0.10385      0.1014      0.10069      0.10224      0.10375      0.10156      0.10076
      27      63      2      HE      -0.0625      -16.692      -2.6855      15.7606      -0.0365      -18.217      3.3431      72.8954      -0.0201      -18.666      -2.6111      22.5521      0.13822      -17.237      -4.4189      59.2431      0.1024      0.10301      0.10201      0.09886      0.10203      0.10332      0.10185      0.099      0.10204      0.10328      0.10165      0.0988      0.1019      0.10313      0.10154      0.0984
      27      65      1      HE      0.23287      -22.33      -20.527      -77.474      0.26305      -23.328      -19.448      -61.674      0.21602      -23.893      -27.324      -44.22      0.07439      -23.459      -23.307      -45.778      0.10374      0.10604      0.10254      0.10505      0.10373      0.10602      0.10222      0.10481      0.10342      0.10577      0.10195      0.10465      0.10349      0.10555      0.10184      0.10436
      18      65      2      HE      0.2696      -11.01      1.5577      -20.814      0.24531      -8.6208      -6.462      -48.252      -0.2375      -9.695      -1.4052      -67.407      -0.407      -10.54      -13.498      -52.787      0.10309      0.10351      0.10306      0.10238      0.10288      0.10285      0.10286      0.10251      0.1027      0.10267      0.1026      0.10255      0.10238      0.10243      0.10273      0.10245
      17      65      2      HE      0.23452      -10.747      -13.207      -45.067      0.13766      -10.688      -8.6909      -41.142      0.18495      -11.278      -6.4682      -69.54      0.0024      -11.468      -8.8708      -43.501      0.10224      0.10106      0.10373      0.10083      0.10208      0.10076      0.1033      0.10099      0.10211      0.10079      0.10287      0.10079      0.10175      0.10087      0.10292      0.10062
      16      65      4      HE      0.16848      -18.275      -20.191      -127.59      0.23134      -19.184      -13.677      -98.173      0.21309      -19.313      -14.397      -91.097      0.17136      -20.954      -14.428      -188.75      0.10316      0.10337      0.10195      0.1033      0.10292      0.10371      0.10154      0.10344      0.103      0.10354      0.10144      0.10328      0.10274      0.10362      0.1014      0.10329
      27      65      2      HE      0.24534      -21.857      -17.685      -96.866      0.2602      -20.737      -9.5355      -95.189      0.20157      -20.288      -13.745      -151.66      0.26504      -22.445      -8.0363      -168.84      0.10224      0.10291      0.10351      0.10095      0.10207      0.1028      0.10296      0.10112      0.10211      0.10261      0.10283      0.1012      0.10158      0.10296      0.10266      0.10124
      27      65      5      HE      0.25837      -2.7516      2.52904      34.5302      0.38097      -1.0106      8.55026      -6.7248      0.02661      -0.789      9.64705      -0.3465      0.11609      -2.5725      9.1567      62.7959      0.10396      0.10472      0.10562      0.10491      0.10447      0.10449      0.10499      0.10482      0.10344      0.1039      0.10465      0.1046      0.10332      0.10407      0.10459      0.10445
      27      65      3      HE      -0.3335      0.51938      -1.2551      72.5933      -0.3101      0.72485      10.2643      53.2391      -0.2623      1.11151      5.08521      29.9901      -0.2678      1.32667      5.99041      -2.2892      0.10408      0.10467      0.10563      0.10305      0.10438      0.10439      0.10518      0.10342      0.10328      0.10408      0.105      0.10307      0.10313      0.10374      0.10498      0.10328
      27      65      7      HE      0.04996      -2.3175      -4.7089      -31.153      -0.1559      -1.4257      1.15309      -41.863      -0.1848      -3.226      -7.652      -23.677      0.00796      -1.7019      1.81445      -28.812      0.10528      0.10718      0.10563      0.10463      0.10577      0.107      0.10522      0.1045      0.10526      0.10685      0.10532      0.10449      0.10509      0.10688      0.1049      0.10444
      29      65      3      HE      0.33046      -2.2375      -3.3476      74.4356      0.27076      -0.7496      -5.151      37.4207      0.241      -1.2017      3.15412      -8.4336      0.21858      -0.8085      3.20299      3.97993      0.10489      0.1048      0.10572      0.10284      0.10536      0.1041      0.10538      0.10334      0.10461      0.10395      0.10523      0.10304      0.10446      0.10384      0.10515      0.10295
      27      65      6      HE      0.29166      -4.4457      -8.0954      -67.819      0.31103      -3.4191      -9.5025      -75.532      0.23637      -3.3672      -2.8463      -63.601      0.27138      -3.5447      1.34204      -42.29      0.10568      0.10464      0.10534      0.10255      0.10598      0.10422      0.10505      0.10237      0.1051      0.10398      0.10464      0.10221      0.10517      0.1037      0.10457      0.10208
      18      65      3      HE      0.1132      -22.032      -21.612      46.1358      0.24858      -21.663      -16.088      -0.5562      0.06517      -21.216      -13.665      39.9028      0.08601      -22.092      -14.415      -84.331      0.10401      0.10464      0.10572      0.10285      0.10436      0.10447      0.10521      0.10327      0.10393      0.10415      0.10511      0.10292      0.10397      0.1042      0.10514      0.10327
      27      65      4      HE      0.09565      -9.0897      -10.623      -29.312      0.13163      -6.7289      3.7388      20.7665      0.07092      -8.172      -0.7413      29.8036      0.10442      -7.7227      -0.734      58.1929      0.10166      0.10344      0.10191      0.10077      0.10206      0.10335      0.10139      0.10034      0.10179      0.10328      0.10113      0.10011      0.10125      0.10316      0.10129      0.09943
      17      65      3      HE      0.20223      -11.109      -4.9485      -68.174      0.2209      -6.0713      -8.8554      -52.913      0.18633      -9.1497      -1.969      -52.75      -0.3477      -11.047      -10.059      -25.692      0.10328      0.10469      0.10362      0.10496      0.10349      0.1035      0.10315      0.10481      0.10311      0.10401      0.1029      0.10474      0.10276      0.10414      0.10306      0.10426
      18      65      5      HE      0.09746      -11.805      -21.591      -72.35      0.09703      -12.011      -8.3029      -34.961      0.03851      -12.271      -15.048      -56.957      0.0468      -11.941      -6.4414      -43.888      0.10419      0.10333      0.10399      0.1052      0.10468      0.10351      0.1035      0.10523      0.1044      0.10326      0.10353      0.10462      0.10401      0.10303      0.10328      0.10486
      18      65      1      HE      0.11427      -19.007      -16.515      7.3703      0.24894      -17.59      -14.741      31.9234      0.19577      -18.877      -16.507      8.20421      0.11648      -18.55      -19.81      -11.554      0.10368      0.10535      0.10293      0.10429      0.10386      0.10495      0.10278      0.10417      0.10361      0.10503      0.10228      0.10401      0.10324      0.10493      0.10206      0.10389
      18      65      4      HE      0.07593      -19.743      -13.668      95.4839      0.07679      -19.67      -3.9579      29.1871      0.1882      -18.574      -11.086      17.6302      0.16321      -19.732      -12.867      28.6868      0.10299      0.10268      0.10459      0.10154      0.1031      0.10256      0.10425      0.10109      0.10297      0.10232      0.10416      0.10121      0.10254      0.10237      0.10411      0.10127
      18      66      1      HE      -0.7583      -7.4906      -15.964      -18.349      0.47803      -4.9135      -2.8946      -30.981      -0.5022      -7.2041      -3.7576      21.812      -0.3162      -6.6301      -0.5795      59.3878      0.10409      0.1046      0.10392      0.10068      0.10405      0.1045      0.10282      0.10056      0.10324      0.10418      0.10281      0.10026      0.10382      0.10418      0.10273      0.1002
      18      66      4      HE      0.05463      1.37993      6.3151      122.731      0.08647      1.27393      12.2833      122.041      -0.3599      0.3773      8.09379      125.399      -0.4558      1.08936      14.6379      141.915      0.10448      0.10578      0.10747      0.10183      0.10452      0.10631      0.10717      0.10191      0.10399      0.10599      0.107      0.1016      0.10411      0.10599      0.10695      0.10161
      18      66      5      HE      0.25183      -6.7211      -20.986      -202.52      0.28268      -8.0417      -11.673      -31.16      -0.0458      -7.9568      -12.327      -71.04      0.21216      -8.4054      -3.226      -137.68      0.10413      0.10593      0.10419      0.1052      0.10407      0.10632      0.10365      0.1047      0.10367      0.10594      0.1032      0.10452      0.10369      0.10594      0.10311      0.10461
      17      66      3      HE      -0.2499      4.09745      14.9713      -27.291      0.12604      5.3618      13.5061      26.9017      -0.4712      3.49041      17.2573      67.8681      0.20207      5.43655      8.72037      23.75      0.10427      0.10548      0.10497      0.10524      0.10427      0.10553      0.10438      0.10509      0.10358      0.10525      0.10423      0.10483      0.10364      0.10519      0.10412      0.10498
      28      65      4      HE      0.30091      -2.2327      -1.3568      59.2602      0.34266      -2.566      -5.748      51.5891      0.11536      -3.7123      1.4488      -69.261      0.25433      -3.5463      -2.5559      -55.648      0.10344      0.10451      0.10459      0.10225      0.10347      0.10513      0.10444      0.10254      0.10276      0.10468      0.10402      0.10236      0.10293      0.10471      0.10406      0.10255
      18      66      3      HE      0.2492      6.33294      -0.0324      -83.839      0.12719      4.36615      1.91693      -69.182      0.09009      4.31801      -5.8023      -23.588      0.2038      4.82515      -3.4163      -41.466      0.10292      0.10294      0.1042      0.10224      0.10294      0.10343      0.10361      0.10196      0.10246      0.10331      0.10368      0.10184      0.10256      0.10328      0.10367      0.10161
      28      65      7      HE      0.02847      -19.347      -16.053      20.9719      0.01877      -19.566      -18.98      9.65076      0.15997      -19.693      -18.209      38.8793      0.04626      -20.271      -11.332      50.3057      0.1014      0.10128      0.09894      0.10305      0.10137      0.10151      0.09877      0.10303      0.10121      0.10139      0.0987      0.103      0.10132      0.10131      0.0985      0.10267
      28      65      3      HE      0.10561      -19.99      -25.637      -103.89      -0.0229      -21.486      -18.974      -90.023      0.1141      -21.38      -18.119      -99.066      -0.0432      -20.995      -17.551      -75.455      0.10463      0.10663      0.10602      0.1063      0.10466      0.10715      0.10525      0.10581      0.10452      0.1069      0.10515      0.1057      0.10459      0.10678      0.1053      0.10576
      28      65      5      HE      0.17879      -15.766      -21.94      -22.243      0.08476      -15.646      -10.209      -147.35      0.14197      -16.583      -14.769      -56.629      0.07202      -15.789      -9.2854      -180.44      0.10312      0.10451      0.10572      0.10437      0.10325      0.10459      0.10542      0.10474      0.1029      0.10454      0.105      0.10457      0.10303      0.10442      0.10488      0.10487
      28      65      6      HE      -0.1181      -16.246      -19.445      -160.73      -0.0119      -14.822      -22.078      -133.33      -0.0524      -15.279      -19.465      -119.31      -0.0324      -15.238      -16.831      -159.37      0.10481      0.10638      0.10596      0.10407      0.10479      0.10616      0.10548      0.104      0.10464      0.10609      0.10541      0.10383      0.10478      0.10608      0.10539      0.10387
      26      65      7      HE      0.21508      -16.527      -16.878      -58.285      0.29839      -17.583      -1.0296      -3.9105      0.2282      -17.297      -5.0274      -19.091      0.27204      -18.157      1.02829      0.11213      0.10473      0.10653      0.10588      0.10454      0.10474      0.10684      0.10506      0.10415      0.1045      0.1066      0.10474      0.1041      0.10461      0.10659      0.10472      0.10405
      28      65      2      HE      0.03834      -18.262      -20.522      -12.143      0.06615      -19.492      -21.179      -46.4      0.16239      -18.89      -19.021      -2.8096      0.17455      -17.932      -18.313      -20.344      0.10396      0.10604      0.10446      0.10391      0.10408      0.10629      0.10436      0.10433      0.10381      0.10609      0.10422      0.10414      0.10385      0.10609      0.10408      0.10386
      29      65      1      HE      0.04424      4.11895      12.2838      -56.561      0.25134      7.04948      12.5486      23.4729      0.22345      4.36856      19.1711      -33.347      0.21793      4.3125      19.1894      16.9136      0.10186      0.10336      0.10446      0.10084      0.10176      0.10247      0.1039      0.10031      0.10164      0.10281      0.10393      0.1004      0.10153      0.1028      0.10377      0.10014
      28      65      1      HE      0.02188      -4.088      -11.057      -99.259      0.11746      -3.3485      -13.653      -148.02      0.09107      -2.7469      -7.0737      -133.12      0.02486      -2.0375      -9.533      -132.38      0.10083      0.10251      0.10306      0.10292      0.10066      0.10228      0.10248      0.10279      0.10056      0.10191      0.10234      0.1025      0.1005      0.10184      0.10223      0.10247
      18      66      2      HE      0.07293      2.39975      5.16818      -36.473      0.24298      3.38745      4.61692      -35.724      0.26014      3.11455      6.06718      -13.883      0.08661      3.21065      -0.2695      -30.704      0.1023      0.10327      0.10283      0.10248      0.10219      0.10321      0.1023      0.1022      0.10186      0.10311      0.10203      0.10188      0.10194      0.10304      0.10215      0.10196
      17      66      2      HE      -0.0306      -4.0995      -9.6165      -109.76      0.03735      -3.2535      -0.6143      -109.99      -0.0763      -2.9998      -0.3682      -130.99      -0.0056      -3.4697      1.78785      -89.04      0.10368      0.10393      0.10466      0.10252      0.10352      0.1035      0.10385      0.10235      0.10336      0.10335      0.1039      0.10242      0.10339      0.10333      0.10371      0.10218
      16      66      4      HE      0.0542      3.00066      -5.8665      -76.184      0.07856      4.71962      6.33643      -120.26      0.11234      4.01161      9.4714      -97.521      -0.0526      2.84246      7.85764      -96.254      0.10182      0.10271      0.10436      0.1005      0.10167      0.10216      0.1037      0.10044      0.10163      0.10208      0.10335      0.10024      0.10144      0.10221      0.10342      0.09981
      29      65      2      HE      0.15562      -9.2725      -6.2582      49.5318      0.06086      -7.4109      3.33154      -8.0015      0.04199      -7.9555      -2.0447      -25.281      -0.0265      -8.3222      3.15861      -5.2417      0.10289      0.10287      0.10598      0.1012      0.10278      0.10232      0.10532      0.10127      0.10262      0.10225      0.10519      0.10125      0.10247      0.10225      0.10499      0.10114
      19      63      2      HE      -0.0113      0.39991      -7.3333      -174.59      -0.0362      1.00562      3.03442      -156.45      0.00202      1.28975      -1.9841      -167.64      -0.0352      -0.4526      1.35029      -193.77      0.10186      0.10136      0.09957      0.10114      0.10187      0.1015      0.0991      0.10117      0.10133      0.1014      0.09889      0.10095      0.10149      0.10144      0.09883      0.1009
      20      63      3      HE      0.04653      -1.1908      -2.5607      -39.196      0.14007      -0.8546      13.8038      9.79568      0.13396      -1.0218      2.62158      3.39175      0.15697      -0.5622      12.0943      40.7769      0.09927      0.10183      0.10119      0.1016      0.09926      0.10236      0.10061      0.10102      0.09898      0.10201      0.10048      0.10109      0.09908      0.10203      0.10029      0.10095
      22      63      3      HE      -0.0218      -5.5305      -8.416      -41.294      -0.0356      -6.9404      -6.0982      -52.081      -0.0539      -6.0999      -1.689      -172.72      0.04101      -7.1486      -8.2397      -51.847      0.10201      0.10182      0.10135      0.10074      0.10208      0.10234      0.10074      0.10075      0.10176      0.10191      0.1006      0.10095      0.10181      0.10184      0.1008      0.10076
      24      63      3      HE      0.04958      -13.438      -25.298      -130.64      0.06592      -13.337      -18.098      -196.28      0.01518      -14.649      -23.027      -162.24      0.09925      -13.263      -18.876      -159.41      0.10053      0.10035      0.09898      0.09665      0.10075      0.10093      0.09854      0.09694      0.10034      0.10071      0.09812      0.09649      0.10057      0.10072      0.09821      0.09663
      24      63      2      HE      0.20744      -3.2706      7.08958      44.6032      -0.0147      -3.9255      9.76442      -35.204      0.05762      -3.1936      8.34122      55.4019      0.22414      -2.1599      12.5054      -32.164      0.1009      0.10149      0.0998      0.09971      0.10122      0.10189      0.09938      0.09962      0.10071      0.10173      0.09921      0.09925      0.1008      0.10156      0.09913      0.09946
      26      63      2      HE      0.13735      -0.8102      1.54491      69.3682      0.12513      0.93437      8.35377      -13.631      0.04953      -0.3692      0.99246      -28.251      0.13877      -0.5701      8.15309      -21.169      0.10094      0.10099      0.10023      0.09936      0.10094      0.10086      0.09975      0.09949      0.10056      0.10087      0.09987      0.0995      0.1006      0.1008      0.0996      0.09936
      24      63      6      HE      0.09072      1.18784      -1.4716      12.7423      0.07424      0.38898      12.0304      3.62693      0.12981      0.95783      6.79259      75.3742      0.12761      -0.0125      6.02751      86.1959      0.10267      0.10326      0.10146      0.10237      0.10268      0.10356      0.10059      0.10234      0.10259      0.10342      0.10049      0.10197      0.10215      0.10343      0.10042      0.10192
      24      63      5      HE      0.07639      6.84745      5.67073      0.78632      -0.0905      6.60936      9.44856      0.93551      0.02463      6.42088      17.5954      51.4975      0.03465      5.38665      7.40557      14.3345      0.10164      0.10262      0.10097      0.09844      0.10154      0.10275      0.10021      0.0978      0.10143      0.10274      0.1001      0.09766      0.10112      0.10259      0.0999      0.09768
      26      63      5      HE      0.05119      10.1586      1.83082      24.7215      0.05268      11.0681      20.1579      10.6427      0.04447      9.22807      10.2198      -41.784      0.00519      9.83482      5.63826      4.53521      0.10227      0.10301      0.10235      0.10221      0.10231      0.10333      0.1018      0.10213      0.102      0.10323      0.10156      0.10179      0.10187      0.10314      0.10143      0.10174
      26      63      6      HE      0.15144      -3.7315      -7.6874      -57.665      0.11458      -3.8787      1.30489      -35.039      0.1083      -3.6352      -1.5973      -9.3282      0.12953      -3.911      8.37626      -23.184      0.10292      0.10337      0.1018      0.09962      0.10279      0.10347      0.10141      0.09938      0.10267      0.1033      0.10127      0.09911      0.10243      0.10317      0.10103      0.09919
      19      63      3      HE      0.07761      -5.2653      -4.9946      58.7477      0.16818      -5.9127      3.15331      77.9431      -0.13      -6.505      3.48237      3.83081      0.1054      -5.1424      -3.4348      99.8621      0.10306      0.1035      0.10218      0.10101      0.10314      0.1037      0.10202      0.10061      0.10273      0.10325      0.10163      0.10052      0.10242      0.1031      0.10173      0.10054
      26      63      3      HE      0.06091      3.70122      3.25331      -9.0112      0.05041      3.50617      1.72967      23.3639      0.04199      4.13328      10.2659      58.9467      0.02067      3.16725      12.8507      64.5637      0.10249      0.10273      0.10303      0.09864      0.1024      0.10258      0.10259      0.09831      0.10213      0.10242      0.1023      0.09813      0.10183      0.1024      0.10223      0.09801
      19      63      5      HE      0.01134      -18.697      -25.193      -50.561      0.06972      -19.627      -24.751      -65.891      0.14802      -19.168      -14.698      -75.021      0.09809      -19.558      -19.865      -82.307      0.10328      0.10334      0.10255      0.09876      0.10337      0.10363      0.10244      0.09873      0.10339      0.10337      0.10206      0.09829      0.10324      0.10338      0.10216      0.0986
      26      63      4      HE      0.19244      -19.614      -21.433      -69.885      0.2388      -19.115      -7.9446      -39.957      0.12111      -19.105      -13.457      -32.309      0.04535      -20.251      -4.377      -28.959      0.10179      0.10327      0.10063      0.10589      0.10187      0.10318      0.09994      0.10554      0.10197      0.10313      0.09964      0.10538      0.10163      0.10312      0.09958      0.10541
      20      63      6      HE      -0.3287      -13.307      -6.0523      23.1055      -0.2718      -14.248      0.60988      94.9582      -0.3699      -14.411      2.89306      72.2099      -0.0968      -14.88      -1.2322      71.1241      0.10204      0.10447      0.10349      0.10421      0.10228      0.10509      0.10314      0.10387      0.10218      0.1049      0.10291      0.10387      0.10193      0.10478      0.10299      0.10392
      20      63      5      HE      0.13607      -14.985      -23.767      -72.232      0.03366      -15.818      -22.06      -66.457      -0.0159      -15.562      -21.199      -68.279      0.19767      -14.845      -19.767      -76.574      0.10162      0.10333      0.10283      0.10346      0.10167      0.10365      0.10259      0.1033      0.10189      0.1035      0.10254      0.10303      0.10163      0.10336      0.10235      0.10291
      22      63      5      HE      -0.0276      -17.338      -29.815      -132.37      0.14474      -16.242      -11.848      -102.87      -0.0564      -17.753      -16.905      -79.207      -0.0193      -18.249      -11.683      -20.679      0.10046      0.10408      0.10189      0.10295      0.1006      0.10431      0.1012      0.10288      0.10072      0.10443      0.10126      0.10264      0.10058      0.10421      0.10108      0.10225
      22      63      6      HE      -0.0521      -18.028      -7.966      -9.8378      -0.0553      -17.618      -14.6      76.1489      -0.0406      -17.365      -8.3985      52.3963      0.12669      -18.207      -9.0791      115.505      0.10166      0.10265      0.10179      0.10361      0.10172      0.10286      0.10145      0.10301      0.10181      0.10265      0.10127      0.10279      0.10171      0.10278      0.10128      0.10196
      19      63      1      HE      0.15291      -5.8617      -0.6106      -76.419      0.198      -6.9027      5.55516      -36.33      0.0968      -6.4253      16.9205      -24.744      0.1423      -6.9482      14.1015      -14.006      0.10295      0.10278      0.10366      0.09973      0.10266      0.10325      0.10302      0.09931      0.10275      0.1031      0.10267      0.09949      0.10241      0.10306      0.10267      0.09938
      20      63      1      HE      0.03593      -6.822      1.79834      32.8727      0.10013      -7.0838      -0.0269      48.0151      0.08088      -6.7276      11.2396      -27.855      0.08848      -6.736      5.50277      -28.396      0.10244      0.10216      0.10361      0.10288      0.10218      0.10274      0.10315      0.10279      0.1024      0.10257      0.10291      0.1027      0.10185      0.10261      0.10292      0.10265
      22      63      1      HE      -0.2417      1.27162      9.46967      32.4032      -0.1822      0.71642      10.9308      100.23      -0.2965      0.04758      5.73469      48.4895      -0.4143      -1.5222      10.0942      98.926      0.1037      0.10496      0.10166      0.10183      0.10347      0.10563      0.10138      0.10169      0.10354      0.10561      0.101      0.10174      0.10304      0.10543      0.10109      0.10152
      24      63      1      HE      0.1462      -8.8497      -14.393      -29.033      0.02369      -8.7301      -7.99      -103.61      -0.0003      -7.6679      -11.491      -10.388      0.03866      -10      -13.554      -76.708      0.10239      0.1041      0.10226      0.1042      0.10209      0.10434      0.1019      0.10444      0.10234      0.10414      0.10184      0.10414      0.10176      0.10411      0.10163      0.10429
      19      63      4      HE      -0.1518      0.86884      4.95248      -1.4198      0.1514      0.67224      6.56808      62.6956      0.15018      -0.0636      12.6171      146.46      -0.2382      -0.3033      2.77579      49.5477      0.10187      0.10307      0.10072      0.10181      0.10156      0.10329      0.10044      0.10176      0.10167      0.10313      0.10025      0.1013      0.10123      0.10306      0.1001      0.10151
      26      63      1      HE      0.24225      -3.1566      2.15182      102.755      0.14046      -4.029      -0.2291      69.1639      0.19501      -5.072      10.4628      67.1147      0.18088      -3.9329      0.12139      183.741      0.10357      0.10325      0.10216      0.10148      0.10329      0.10371      0.10179      0.1012      0.10341      0.10351      0.10158      0.10128      0.10284      0.10336      0.10146      0.10062
      19      63      6      HE      0.24052      4.10746      7.04018      41.0388      0.19161      3.53155      12.5976      22.9401      -0.0429      1.23606      12.7974      -1.1343      -0.1886      1.11045      8.80238      26.3481      0.10566      0.1064      0.10705      0.10324      0.10467      0.10678      0.10661      0.1036      0.10485      0.10666      0.10652      0.10318      0.10501      0.10675      0.10642      0.10357
      24      63      4      HE      0.17232      3.49868      4.04885      61.0164      0.1449      2.83165      11.4148      75.8907      0.30329      2.35688      11.2779      61.643      0.19332      2.50607      14.3112      -5.7296      0.10526      0.10477      0.10636      0.1027      0.10427      0.10491      0.10616      0.10257      0.10472      0.1048      0.10596      0.10289      0.10455      0.10484      0.10563      0.10262
      22      63      2      HE      0.0952      -1.7862      0.59764      29.7369      0.08436      -2.2639      5.25526      17.5601      0.25606      -0.9722      9.09439      17.45      0.06534      -2.2242      7.24614      44.8809      0.10518      0.10638      0.10431      0.10489      0.10399      0.10649      0.10383      0.10456      0.10459      0.10646      0.10377      0.10449      0.10442      0.10634      0.10374      0.10426
      20      63      2      HE      0.21088      -0.7604      2.37838      -23.576      0.09462      -1.9484      0.75185      -25.593      0.24744      -2.0695      6.96044      -3.4388      0.14582      -1.8864      5.0711      -2.4102      0.10469      0.10449      0.10232      0.10437      0.10375      0.10478      0.10225      0.10427      0.10451      0.10457      0.10221      0.10405      0.10436      0.10468      0.10177      0.10416
      22      63      4      HE      -0.2443      7.70748      7.49095      -18.806      -0.3082      5.95537      22.0509      -16.54      -0.2625      6.31228      23.3918      -36.055      -0.1557      5.87686      15.2248      -29.958      0.10555      0.10503      0.10208      0.10199      0.10478      0.1055      0.10172      0.10157      0.10524      0.10544      0.1015      0.1015      0.10504      0.10538      0.10142      0.10137
      20      63      4      HE      0.20598      -0.2576      2.43463      -96.791      0.08419      -0.5946      0.29059      -133.84      0.15459      -0.7304      0.4741      -115.5      0.27372      -1.2549      2.03698      -169.07      0.10661      0.10516      0.10487      0.1016      0.10556      0.10516      0.10439      0.10167      0.106      0.10512      0.10412      0.10146      0.1059      0.10516      0.10404      0.10149
      19      64      5      HE      -0.05      -8.3373      -17.825      -94.727      -0.0793      -7.0025      1.19252      -116.26      -0.0733      -6.1861      -3.6642      -64.539      -0.0418      -6.1449      -2.4785      -75.638      0.1022      0.1019      0.10276      0.1029      0.10221      0.10137      0.10207      0.10282      0.10196      0.10122      0.10214      0.10265      0.10167      0.10115      0.10205      0.1022
      19      64      6      HE      0.0364      -3.3734      -9.4354      -24.575      0.07909      -2.0875      -3.2055      -2.2511      0.18822      -1.7928      2.67923      85.8749      0.11603      -2.4951      -0.7044      32.5987      0.10245      0.10282      0.10031      0.10002      0.10229      0.10252      0.0999      0.09954      0.10218      0.10241      0.0999      0.09921      0.10197      0.10244      0.09945      0.09931
      21      63      2      HE      0.14886      -1.38      3.39373      -75.422      0.09182      -1.2006      9.99853      -18.354      0.14468      -1.2835      11.5745      -38.852      0.14636      -3.2589      5.75759      -56.204      0.10162      0.10203      0.10281      0.10154      0.10142      0.10199      0.10236      0.10147      0.10137      0.10192      0.1023      0.10135      0.10098      0.10199      0.10202      0.1011
      20      64      2      HE      0.05804      -6.5213      -1.6271      -64.878      0.05564      -5.5858      -2.1451      -91.574      0.08371      -5.7734      1.48346      -95.837      0.0659      -5.7306      1.07166      -82.019      0.10296      0.10244      0.10221      0.10005      0.10294      0.10213      0.10194      0.10037      0.10287      0.10211      0.10203      0.10026      0.10277      0.10202      0.10163      0.09984
      21      63      4      HE      0.0955      -2.3962      -6.2598      13.6638      -0.1114      -0.7333      2.46455      7.65727      -0.116      -2.6813      -3.2035      3.71356      0.13351      -2.6926      -9.3946      -56.725      0.10288      0.10299      0.10303      0.10147      0.10288      0.10269      0.10302      0.10127      0.10255      0.10291      0.10294      0.10126      0.10251      0.10293      0.10292      0.1013
      20      64      4      HE      0.32755      -12.836      -13.267      -2.4703      0.18421      -11.896      0.21799      56.6786      0.18239      -11.016      -3.3485      57.7933      -0.0065      -13.309      -14.943      69.5282      0.10246      0.1016      0.10036      0.10023      0.10213      0.10124      0.09963      0.10011      0.10196      0.10109      0.09959      0.10001      0.10175      0.10128      0.09994      0.09965
      19      64      1      HE      0.02382      5.26047      7.63826      15.0949      -0.0224      2.7263      13.6891      33.5883      -0.0898      4.73551      7.72169      37.2892      0.09491      4.40455      8.83397      1.79559      0.10429      0.10416      0.10293      0.10445      0.10304      0.10423      0.10238      0.10424      0.10397      0.10407      0.10254      0.10416      0.1028      0.10408      0.10223      0.1042
      20      64      1      HE      0.12296      1.98817      6.4963      59.0378      0.24174      1.06184      10.4955      -4.7585      0.0842      1.90292      13.7072      -36.639      0.00181      -0.2686      16.1302      -4.795      0.1044      0.10424      0.10375      0.10488      0.10323      0.10462      0.10329      0.10474      0.10425      0.10454      0.1033      0.10472      0.10279      0.10455      0.10322      0.10463
      21      63      1      HE      0.03101      2.10649      0.66982      -23.39      -0.1102      0.09834      13.8819      38.4238      0.1126      0.10513      14.2783      78.7271      -0.1262      1.57949      9.47134      -49.403      0.1036      0.10421      0.10355      0.10249      0.10253      0.10431      0.10286      0.10226      0.10369      0.10432      0.10288      0.1021      0.10221      0.10407      0.10285      0.10246
      23      63      1      HE      0.04249      1.59787      2.38381      30.7249      0.04759      1.32989      10.0421      7.81909      0.14708      2.51173      11.9593      13.2278      0.01763      1.46089      7.522      20.5042      0.10375      0.10327      0.10331      0.1007      0.10274      0.10353      0.10308      0.10047      0.10356      0.10348      0.10291      0.10013      0.10254      0.10331      0.10268      0.10041
      19      64      4      HE      -0.2882      3.43137      13.7707      3.04598      0.07614      1.7593      15.4116      -4.7052      0.09275      1.98119      12.582      34.7681      0.08075      0.91975      11.6274      20.408      0.10311      0.10292      0.10418      0.1047      0.10223      0.10333      0.10395      0.1043      0.10287      0.10338      0.10391      0.10408      0.10183      0.1032      0.10363      0.10391
      25      63      1      HE      0.14095      11.4839      1.90839      -5.4157      -0.0161      10.8847      8.40346      47.2019      0.15023      11.4195      8.31252      -29.908      -0.0045      10.2812      5.68062      -22.34      0.10345      0.10406      0.10295      0.10053      0.10245      0.10408      0.10259      0.1003      0.1033      0.10399      0.10238      0.10006      0.102      0.10379      0.10235      0.10004
      23      63      6      HE      0.18811      -8.7103      -7.2928      -99.278      0.00436      -8.4619      -3.3453      -105.17      0.17015      -7.9032      -2.5902      -96.643      0.12889      -6.9062      -7.3626      -107.03      0.10158      0.10326      0.10152      0.10298      0.10147      0.10351      0.10121      0.10327      0.1015      0.10344      0.101      0.10329      0.10125      0.10329      0.10092      0.10312
      25      63      4      HE      -0.036      -5.6253      -4.492      12.4496      0.08378      -7.3785      -0.0042      13.1738      0.04409      -7.473      6.34063      18.2129      -0.0457      -8.1048      0.66252      5.99738      0.10226      0.10266      0.10141      0.10366      0.10208      0.10318      0.10117      0.10347      0.10215      0.10302      0.10095      0.10339      0.10181      0.10303      0.10094      0.10314
      20      64      5      HE      -0.3054      0.9076      0.15739      -84.439      -0.2872      1.18314      6.50003      -22.125      -0.4352      -0.3095      1.35157      -73.926      -0.3774      -0.0687      8.24967      -16.148      0.10177      0.10224      0.10195      0.10028      0.10161      0.10254      0.10154      0.10019      0.1017      0.10244      0.1016      0.10028      0.10129      0.10236      0.10139      0.09989
      21      63      6      HE      0.04728      -9.981      -12.172      -97.576      0.12825      -10.259      -5.3099      11.0645      0.20263      -9.3962      -2.8103      -67.221      -0.0026      -10.523      -5.6325      -37.944      0.10229      0.10167      0.10201      0.09991      0.10207      0.10198      0.10157      0.09953      0.10209      0.10174      0.10146      0.09959      0.10168      0.10172      0.10135      0.09956
      23      63      4      HE      0.01302      1.84038      -6.5186      -74.378      0.09656      0.42962      9.25366      -30.773      0.19749      1.00318      8.2716      3.91498      0.11338      0.36235      2.12007      -63.616      0.10192      0.10359      0.10441      0.10254      0.1019      0.10398      0.10397      0.10219      0.102      0.10378      0.10366      0.10168      0.10148      0.10362      0.10362      0.10154
      20      64      6      HE      -0.0393      -3.9212      -0.863      -55.782      -0.0194      -4.1207      -3.6001      -36.883      0.16217      -3.2021      0.25039      -13.257      0.12607      -4.1059      9.55298      -42.427      0.10167      0.10212      0.10098      0.10136      0.10141      0.10239      0.10067      0.10155      0.10149      0.10219      0.1005      0.1013      0.10102      0.10209      0.10039      0.10126
      21      63      5      HE      -0.0008      7.00913      -14.149      -104.84      0.01621      7.06078      9.60784      -98.605      0.02498      7.83911      10.7231      -76.259      0.01839      7.51253      0.60887      -81.659      0.10126      0.10129      0.10215      0.10035      0.10139      0.10144      0.10138      0.10024      0.10142      0.10127      0.10128      0.10027      0.10134      0.10113      0.10128      0.09991
      23      63      5      HE      0.00219      -0.533      -9.5031      45.9346      -0.0068      -1.2116      1.67771      9.40957      0.05669      -1.8534      3.14868      6.16065      0.00179      -1.4111      2.65947      10.0092      0.10257      0.10555      0.10221      0.1012      0.10247      0.10551      0.10178      0.10097      0.10262      0.10538      0.10173      0.1007      0.10243      0.10539      0.10159      0.10053
      25      63      6      HE      -0.0351      -6.9986      -8.1011      -33.774      -0.0001      -5.0277      -3.5666      -14.389      -0.1267      -5.7281      7.61241      -42.564      -0.0181      -5.2741      -4.1848      -103.59      0.10246      0.1032      0.09999      0.10131      0.10243      0.10301      0.09949      0.10106      0.10241      0.10283      0.09929      0.10112      0.10218      0.10282      0.09947      0.10134
      25      63      5      HE      -0.1304      -13.121      -17.969      -83.654      -0.1113      -11.884      -14.194      -61.522      -0.1156      -11.499      -14.678      -36.229      -0.0868      -12.952      -14.325      -57.614      0.10274      0.10366      0.10343      0.10259      0.10302      0.10333      0.10275      0.10207      0.10295      0.10318      0.10275      0.10176      0.10282      0.10328      0.10273      0.10193
      19      64      3      HE      0.12805      -13.091      -17.278      -42.191      0.09771      -13.071      -8.2892      -26.837      0.01211      -13.076      -12.556      -24.589      -0.0078      -13.901      -7.9322      16.6437      0.10175      0.10139      0.10039      0.10235      0.10185      0.10156      0.09972      0.10223      0.10187      0.10126      0.09971      0.10186      0.10164      0.10131      0.09956      0.10204
      25      63      3      HE      -0.112      -18.758      -18.338      15.1344      -0.1163      -16.56      -7.4745      -6.1112      -0.0722      -17.964      -15.952      57.4214      -0.1266      -16.884      -15.366      -23.521      0.10212      0.10286      0.10335      0.10343      0.1022      0.10281      0.10295      0.10274      0.10232      0.10281      0.10306      0.10272      0.1021      0.1027      0.10284      0.1028
      19      64      2      HE      0.17694      -16.325      -15.682      -128.87      0.179      -17.128      -6.1948      -29.742      0.10972      -17.626      1.35688      -82.593      0.18061      -17.299      -1.4486      -44.085      0.10349      0.10563      0.10396      0.10639      0.10325      0.10586      0.10321      0.10587      0.10334      0.1057      0.10295      0.10589      0.10306      0.10566      0.10289      0.10587
      20      64      3      HE      0.01345      -19.377      -17.438      3.05761      0.00088      -19.3      -12.701      -86.769      0.03957      -19.6      -12.262      -80.896      -0.006      -20.65      -19.999      -7.5447      0.10375      0.10569      0.10573      0.10319      0.10336      0.1056      0.10514      0.10359      0.1036      0.10548      0.10491      0.10341      0.10327      0.10548      0.10509      0.10325
      21      63      3      HE      -0.0215      -18.146      -15.354      -13.915      -0.0145      -19.739      -7.9282      3.82478      0.05069      -18.665      -7.1446      -1.5477      -0.0151      -20.217      -3.1797      7.59094      0.10379      0.10529      0.1066      0.10715      0.10362      0.10555      0.10586      0.10738      0.10355      0.10538      0.10573      0.10706      0.10346      0.10543      0.10594      0.10693
      23      63      3      HE      -0.0229      -19.229      -26      30.4265      -0.0534      -19.267      -12.188      -145.19      -0.0443      -18.736      -21.482      -65.287      0.00587      -19.69      -22.056      -82.826      0.10483      0.10496      0.10429      0.1062      0.10452      0.10507      0.10374      0.10671      0.10454      0.1051      0.10364      0.10649      0.10434      0.10504      0.10362      0.10651
      23      63      2      HE      0.30177      -18.876      -17.206      -127.43      0.29734      -18.041      -8.3306      -24.351      0.11569      -19.046      -8.7963      -4.6663      0.12075      -18.682      -7.8596      -23.132      0.10359      0.1044      0.10469      0.1029      0.10328      0.10459      0.10405      0.10244      0.10339      0.1044      0.10406      0.10223      0.10324      0.1045      0.10381      0.10219
      25      63      2      HE      0.02367      -18.954      -16.519      -13.709      0.20006      -19.066      -7.1414      18.2398      0.28035      -19.506      -9.34      44.0989      0.06258      -19.819      -12.726      42.9668      0.10368      0.1051      0.10634      0.10399      0.10342      0.1051      0.10589      0.10383      0.10337      0.10505      0.10573      0.10321      0.1033      0.10515      0.10564      0.10316
      19      65      2      HE      -0.5028      -5.9953      -3.1806      -156.48      -0.3678      -5.2994      -2.9383      -174.04      -0.4763      -6.1324      0.88147      -190.14      -0.2585      -5.1501      1.87307      -226.5      0.10122      0.10148      0.10108      0.10086      0.1015      0.10198      0.10079      0.10156      0.10125      0.10206      0.10032      0.10156      0.10115      0.10132      0.10044      0.1018
      20      65      3      HE      0.09249      -18.907      -19.088      -22.305      0.15884      -17.572      -1.5529      -25.456      0.02497      -18.246      -2.0711      -1.7106      0.08794      -19.544      -5.4135      -86.137      0.1021      0.10308      0.10341      0.10155      0.10235      0.10276      0.10286      0.10175      0.10183      0.1026      0.10282      0.10186      0.10187      0.10302      0.10264      0.10171
      21      65      3      HE      0.05079      -16.347      -21.262      -157.93      -0.0276      -13.951      -17.929      -222.14      -0.0338      -15.256      -19.634      -203.48      0.08682      -14.756      -18.495      -237.78      0.10016      0.10206      0.10183      0.10195      0.10039      0.10183      0.10171      0.10253      0.09998      0.10187      0.10135      0.10262      0.1001      0.1018      0.10136      0.1025
      23      65      3      HE      -0.0502      -17.934      -12.874      -77.899      0.11258      -17.93      -8.7761      -165.43      -0.0036      -16.906      -6.0446      -262.82      -0.0595      -18.404      -4.2093      -288.49      0.10149      0.10311      0.10294      0.10458      0.10197      0.10314      0.10243      0.1054      0.10149      0.10281      0.10235      0.10592      0.10177      0.10269      0.10234      0.10598
      23      65      2      HE      0.22781      -8.875      -5.891      -38.988      0.21135      -9.2874      -6.1833      -136.76      0.18408      -7.7724      -2.9282      -189.99      0.26506      -10.359      -4.9455      -96.551      0.10084      0.10163      0.1008      0.1052      0.10089      0.1018      0.10034      0.10542      0.10061      0.10109      0.10031      0.10557      0.10048      0.10175      0.09993      0.10513
      25      65      2      HE      0.2472      -6.9003      -3.9873      13.5431      0.15636      -4.72      -0.3816      0.96317      0.05641      -6.9888      -3.055      -29.79      0.12123      -7.7735      -5.1482      -52.16      0.10153      0.10392      0.10151      0.10232      0.10171      0.10354      0.10134      0.10269      0.10135      0.10386      0.10124      0.10272      0.10148      0.10402      0.10126      0.10233
      23      65      6      HE      0.2823      -0.235      -6.9393      -73.135      0.27129      -0.8104      -1.1391      -33.831      0.12507      -0.8488      -0.3153      -61.355      0.23946      -0.6719      -3.6285      3.93528      0.10285      0.10456      0.10173      0.10227      0.10316      0.10497      0.10132      0.10228      0.10241      0.10442      0.10117      0.10183      0.10258      0.10453      0.10099      0.10162
      23      65      5      HE      0.13306      -2.8853      10.7875      84.1638      0.19854      -1.9821      8.20536      51.1784      -0.0134      -2.6374      -1.9635      1.84454      0.10453      -2.7238      3.3105      64.9132      0.10635      0.10537      0.10162      0.10214      0.10677      0.10523      0.10151      0.10293      0.10596      0.10512      0.10145      0.10256      0.10601      0.10501      0.10133      0.10234
      25      65      5      HE      0.09245      0.40265      3.50214      58.87      0.05678      2.27655      14.7021      -30.245      0.0866      0.69647      6.9623      5.90467      0.17193      2.24921      7.8842      -8.5975      0.10227      0.10265      0.10255      0.10081      0.10254      0.10204      0.10204      0.10105      0.10178      0.10217      0.10218      0.10092      0.10192      0.10187      0.10179      0.10058
      25      65      6      HE      -0.0343      -0.8044      -2.7295      14.5619      0.00685      -1.0277      -0.7729      -5.8456      -0.0407      -1.6153      2.96957      -75.358      0.02284      -0.2926      4.1602      -70.14      0.10428      0.10389      0.10336      0.10649      0.10482      0.10396      0.10289      0.10714      0.10387      0.10385      0.10279      0.10701      0.10398      0.10367      0.10265      0.10669
      19      65      3      HE      0.27657      -3.7421      -7.1554      -10.631      0.23661      -2.6852      2.11357      -32.923      0.07137      -3.2881      0.77362      -95.363      -0.1857      -3.9624      -4.2832      -83.608      0.10378      0.10555      0.10299      0.10407      0.10417      0.10519      0.10291      0.10437      0.10304      0.10522      0.10276      0.10422      0.10324      0.10511      0.10247      0.10411
      25      65      3      HE      0.20931      -1.5584      4.87746      17.9621      0.15667      -0.5487      3.90452      20.0162      0.08697      -1.9304      2.50033      -57.285      0.10293      -1.9184      9.67668      -95.869      0.10288      0.10358      0.10466      0.10308      0.10337      0.10379      0.10439      0.10349      0.10226      0.1034      0.1042      0.10323      0.10255      0.1031      0.10413      0.10331
      19      65      5      HE      -0.263      -3.8202      10.789      -68.977      -0.3649      -3.5594      4.38712      -82.396      -0.2698      -3.5845      7.55528      -5.8305      -0.3036      -3.7257      0.10264      10.9081      0.10136      0.1008      0.09858      0.09886      0.10132      0.10071      0.09825      0.09921      0.10096      0.1006      0.09811      0.09894      0.10085      0.10057      0.09818      0.09865
      25      65      4      HE      -0.0201      -17.501      -11.857      28.9842      0.06506      -16.341      -11.252      98.0692      0.01642      -17.209      -22.933      148.3      0.02545      -16.552      -16.565      -3.6413      0.10213      0.1022      0.10264      0.10185      0.10197      0.10173      0.10249      0.10138      0.10188      0.10152      0.10255      0.10102      0.10158      0.10141      0.10242      0.10168
      20      65      6      HE      0.1082      -12.375      -10.74      22.1815      0.01798      -13.179      -4.1315      117.663      0.03728      -13.845      -1.6821      57.1335      0.10583      -12.218      0.16788      28.9471      0.10137      0.10147      0.1005      0.10036      0.10152      0.10124      0.1001      0.09997      0.10106      0.10131      0.09976      0.09979      0.10108      0.10103      0.09956      0.09992
      20      65      5      HE      0.08245      -15.484      -14.93      41.0652      0.06319      -14.057      -8.597      46.939      0.05348      -16.343      -2.9501      -29.744      0.01593      -14.701      -4.2777      34.9244      0.10077      0.10066      0.09996      0.10276      0.10098      0.10046      0.09974      0.10282      0.10056      0.10062      0.0994      0.10298      0.10063      0.10037      0.09934      0.10267
      21      65      5      HE      0.09996      -8.5102      -10.219      -23.187      0.15371      -7.7447      -3.8882      -116.91      0.15532      -8.6776      -6.0944      -115.1      0.15846      -7.7948      -9.7441      -17.194      0.10054      0.10264      0.10183      0.10047      0.10052      0.10249      0.10167      0.10077      0.10025      0.1026      0.10137      0.10068      0.10009      0.10242      0.10132      0.10062
      21      65      6      HE      0.12315      -8.5727      -9.0002      -97.294      0.07487      -6.3452      -10.67      -39.427      0.27932      -7.0327      -15.957      -88.433      0.11122      -6.5149      -14.447      -71.512      0.10166      0.10251      0.1018      0.10372      0.10172      0.10222      0.10144      0.10336      0.10144      0.10199      0.1016      0.10344      0.10127      0.10193      0.10154      0.10317
      19      65      1      HE      0.2065      -5.9128      -8.6335      -77.522      0.25608      -5.2065      -2.0025      -130.48      0.12454      -4.0182      -4.3139      -54.81      0.20159      -5.1476      -7.0208      -86.035      0.10368      0.10495      0.10099      0.10514      0.10375      0.10499      0.10064      0.10516      0.10364      0.10468      0.10065      0.10515      0.10345      0.10469      0.10062      0.10499
      20      65      1      HE      -0.0056      -12.207      -4.0543      -32.727      0.03203      -8.8142      -6.0473      -74.047      -0.0894      -10.712      -2.9452      -120.19      0.00718      -11.32      -3.1601      -68.336      0.1045      0.10507      0.10392      0.1046      0.1045      0.1045      0.10337      0.10502      0.10437      0.1047      0.10332      0.10506      0.10397      0.10459      0.10318      0.10517
      21      65      1      HE      0.01226      -9.4645      -3.9549      17.7987      0.09623      -8.7204      -2.785      57.7069      0.12635      -9.5358      7.56501      27.3799      -0.0175      -8.365      6.13599      18.4029      0.10515      0.10548      0.10545      0.10708      0.10506      0.10554      0.10478      0.10682      0.10498      0.10545      0.10476      0.10689      0.10463      0.10543      0.10472      0.10682
      23      65      1      HE      -0.0366      -10.578      -6.0744      -26.243      0.09218      -8.8353      -3.7495      -2.468      -0.0141      -8.8051      -0.8868      38.9575      -0.135      -10.479      2.32999      73.76      0.10525      0.10758      0.10422      0.10578      0.10545      0.10725      0.1035      0.10544      0.10517      0.107      0.10335      0.10526      0.10483      0.1071      0.10349      0.10488
      19      65      4      HE      0.05429      -9.9434      -2.1117      -14.461      0.31029      -9.1103      2.84838      -12.394      0.18477      -9.5959      -4.7948      -13.32      -0.0503      -9.4453      -1.6297      -14.618      0.10395      0.10613      0.10609      0.10462      0.10415      0.10611      0.10602      0.10435      0.10387      0.10608      0.10595      0.10417      0.10351      0.10594      0.10571      0.10412
      25      65      1      HE      0.07001      -11.758      -11.015      -32.279      0.14222      -12.263      -20.416      -64.77      0.01728      -11.216      -12.897      -50.292      -0.0035      -11.016      -11.288      -60.681      0.10489      0.1076      0.10757      0.10499      0.10504      0.10773      0.10757      0.10518      0.10478      0.10726      0.10747      0.10521      0.10443      0.10721      0.10747      0.10513
      19      65      6      HE      0.22111      -10.456      -13.553      -61.476      0.05625      -11.105      -12.05      -94.799      0.22803      -10.407      -13.054      -90.281      0.16668      -11.057      -15.472      -80.746      0.10534      0.10752      0.10751      0.10493      0.10555      0.10722      0.10713      0.10522      0.10484      0.10703      0.10715      0.10515      0.10483      0.10711      0.10706      0.10494
      23      65      4      HE      0.06166      -11.524      -4.5141      -32.001      0.23476      -10.468      -5.5064      97.178      0.175      -14.002      -5.167      47.3036      -0.0572      -11.909      -0.3709      3.15114      0.10466      0.10462      0.1066      0.10421      0.10454      0.10456      0.10631      0.1035      0.10425      0.10483      0.10614      0.10375      0.10402      0.10458      0.10595      0.10377
      21      65      2      HE      0.115      -10.681      -9.133      -38.987      -0.1005      -9.5767      -5.9003      76.6065      0.02726      -10.172      -2.0015      11.7564      -0.0012      -10.267      -3.0429      82.5561      0.10472      0.10471      0.10598      0.10438      0.10494      0.1045      0.10572      0.10395      0.10468      0.10434      0.1053      0.10406      0.10463      0.10432      0.10534      0.10372
      20      65      2      HE      0.21453      -5.847      1.78874      -90.431      0.17034      -5.7699      8.16742      -65.404      0.10299      -5.8934      6.83492      -136.12      0.1523      -7.1005      8.48795      -53.997      0.10481      0.10438      0.10527      0.10239      0.10494      0.10423      0.10464      0.10286      0.10491      0.10415      0.10464      0.10236      0.10447      0.10392      0.10432      0.10214
      21      65      4      HE      0.29967      -13.713      -13.35      -33.82      0.2034      -10.711      -12.333      -119.59      0.39244      -11.706      -11.284      -92.962      0.28818      -11.427      -4.9195      -97.054      0.10521      0.10707      0.10538      0.10477      0.10509      0.10641      0.10467      0.10551      0.10479      0.10611      0.10447      0.10526      0.10459      0.10615      0.1042      0.10535
      20      65      4      HE      0.19128      -13.532      -5.0743      -5.7316      -0.0582      -12.793      1.32434      -12.376      0.00338      -12.284      1.07755      -19.646      0.11712      -11.625      -3.6259      23.7939      0.10487      0.10404      0.1061      0.10393      0.10475      0.10369      0.10566      0.10377      0.10488      0.10362      0.10566      0.10409      0.1041      0.10344      0.10534      0.10332
      19      66      5      HE      0.02735      1.57069      3.95594      -30.583      0.09251      2.20593      4.67216      -81.744      -0.0543      1.74432      7.88905      -45.476      -0.0245      1.44392      9.45687      -82.567      0.10374      0.10557      0.10482      0.10595      0.10353      0.10536      0.10444      0.10584      0.10357      0.10522      0.10414      0.10567      0.10353      0.10524      0.10413      0.10566
      19      66      6      HE      0.00454      5.66462      6.18461      -49.025      -0.0995      7.61626      10.8144      -40.049      0.0233      7.77096      15.9575      -25.016      0.01952      7.54717      11.7776      16.4283      0.10419      0.10508      0.106      0.10487      0.10411      0.10467      0.1056      0.10459      0.1042      0.10461      0.10511      0.10452      0.10407      0.10445      0.105      0.10425
      22      65      2      HE      -0.0632      11.1716      19.07      69.1858      -0.0258      10.9639      12.2263      86.0766      -0.0252      9.85702      19.6929      106.362      -0.0437      9.77516      19.8168      72.1028      0.10394      0.10473      0.10484      0.106      0.10395      0.10488      0.10462      0.10621      0.10395      0.10498      0.10423      0.10571      0.10403      0.10479      0.10418      0.10571
      20      66      2      HE      0.10842      -2.547      0.00311      -100.76      0.04324      -2.4572      10.8951      176.619      0.12815      -1.4298      3.65171      66.6206      0.14857      -1.4411      1.95137      31.7097      0.10439      0.10694      0.1056      0.10576      0.10424      0.10655      0.1046      0.10439      0.10419      0.10632      0.10447      0.10461      0.10417      0.10614      0.10432      0.10442
      22      65      4      HE      0.17918      -6.3888      -3.8894      -89.607      0.05231      -5.4667      1.90652      25.1011      -0.0161      -6.0904      2.71704      46.6884      0.16541      -4.6348      3.80164      -15.466      0.10455      0.10474      0.10407      0.10234      0.10443      0.10472      0.10335      0.1015      0.10442      0.10455      0.10303      0.10082      0.10438      0.10448      0.103      0.10099
      20      66      4      HE      -0.1371      4.75115      15.6329      102.764      -0.0953      5.42907      9.92008      42.1824      -0.0464      5.26656      10.4602      79.1724      -0.08      5.93845      19.6926      20.405      0.10411      0.10704      0.10444      0.10621      0.10384      0.10691      0.1042      0.10594      0.10391      0.10676      0.10416      0.10594      0.10384      0.10643      0.10396      0.1056
      19      66      1      HE      -0.1346      5.34123      8.60137      -32.642      -0.0614      5.12304      12.4929      -60.661      0.0488      5.24503      8.7697      -107.94      -0.0002      5.50529      9.4472      3.55144      0.10404      0.1048      0.1045      0.10676      0.10383      0.10503      0.10428      0.10723      0.1039      0.10471      0.10409      0.107      0.10393      0.10411      0.10408      0.10693
      20      66      1      HE      -0.2944      -1.7215      2.8849      106.948      -0.1688      -1.7693      13.0828      3.77705      -0.3532      -3.4965      8.08487      108.28      -0.2553      -2.7597      8.51202      15.4134      0.10399      0.10531      0.10586      0.10499      0.10384      0.10537      0.10547      0.10539      0.10377      0.10547      0.10554      0.10502      0.10381      0.10521      0.10511      0.10507
      22      65      1      HE      0.14204      -3.6301      3.92645      -11.111      0.10372      -2.1908      2.32091      11.0245      0.19631      -1.7329      1.65527      -33.604      0.1479      -3.004      2.58143      -13.801      0.10578      0.10671      0.10414      0.10785      0.10576      0.10626      0.10379      0.10758      0.10552      0.1059      0.10334      0.10748      0.10567      0.10603      0.10325      0.10748
      24      65      1      HE      0.15405      9.52007      9.37567      19.9431      0.13482      8.52634      11.8401      85.5325      0.19158      10.1177      16.7182      6.89409      0.13485      8.70243      21.2423      65.7195      0.10459      0.10508      0.10618      0.10328      0.10456      0.10522      0.10572      0.10267      0.10447      0.10492      0.10591      0.10274      0.10436      0.10484      0.1053      0.10293
      19      66      4      HE      0.11794      13.8856      21.3976      76.9199      0.0865      14.1135      27.7604      83.1077      0.08419      13.7278      24.6765      103.733      0.07486      13.5551      24.7731      55.6715      0.10418      0.10266      0.10245      0.10428      0.10423      0.10257      0.10217      0.10414      0.10405      0.10204      0.10198      0.10401      0.10414      0.10211      0.10205      0.10416
      26      65      1      HE      -0.0196      0.4465      7.84795      42.5298      -0.0116      1.12564      9.34386      -4.8823      -0.0206      0.91104      9.84976      30.6407      -0.0246      1.74332      8.72344      35.3955      0.10526      0.10418      0.10439      0.10174      0.10511      0.10404      0.10405      0.10186      0.10503      0.10388      0.10387      0.10182      0.10501      0.10392      0.1039      0.1014
      24      65      6      HE      0.26331      3.94112      -1.0661      -26.945      0.00165      5.21648      11.3801      -11.727      0.07793      4.55064      10.7984      -11.639      -0.0247      3.52225      10.8021      -13.872      0.10233      0.10363      0.10029      0.10082      0.10234      0.10332      0.09935      0.10079      0.10214      0.10321      0.09932      0.10057      0.10215      0.10325      0.09932      0.10072
      26      65      4      HE      0.14918      -2.8633      -4.658      26.414      0.0985      -2.2396      10.122      119.258      0.06241      -1.7863      3.14621      126.075      0.13088      -2.0546      6.78591      134.905      0.10207      0.10276      0.10205      0.09985      0.10201      0.1026      0.1015      0.09885      0.10165      0.10206      0.10152      0.09869      0.10188      0.10231      0.1015      0.09871
      20      66      5      HE      0.15844      3.91079      11.3196      35.3363      0.19388      4.55893      11.1013      7.14603      -0.0147      4.33407      9.33926      52.3513      0.06096      3.17778      8.82828      -109.26      0.10107      0.10258      0.10376      0.1034      0.10116      0.1027      0.10353      0.10369      0.10073      0.10262      0.10308      0.10331      0.10101      0.10267      0.10307      0.10349
      22      65      6      HE      0.07744      -4.9639      -6.318      -69.444      0.19589      -4.2654      -6.2006      -23.523      0.06844      -3.892      -5.0664      -9.2854      0.12646      -5.6741      -8.2321      -15.675      0.10274      0.10142      0.10276      0.10136      0.10273      0.10102      0.10239      0.10136      0.10248      0.1009      0.10223      0.10099      0.10263      0.10103      0.10226      0.10123
      24      65      4      HE      -0.0487      3.7623      8.55672      76.7179      0.14786      4.89832      16.7624      145.84      -0.1202      5.05647      7.08005      40.3331      -0.036      4.14049      11.7955      133.027      0.10304      0.10388      0.10297      0.10209      0.10316      0.10357      0.10249      0.1017      0.1027      0.1034      0.10247      0.10152      0.10289      0.1034      0.10255      0.10157
      20      66      6      HE      -0.0373      -9.3257      -9.9716      61.6623      -0.0061      -8.9153      -6.7787      32.6083      0.1062      -8.848      -5.0826      58.8233      -0.0089      -8.9486      3.5442      43.5939      0.10275      0.10342      0.10309      0.1031      0.10253      0.1033      0.10254      0.10353      0.10208      0.10308      0.10256      0.10309      0.10236      0.10297      0.1025      0.1033
      22      65      5      HE      -0.1408      -17.543      -25.117      -153.97      0.02851      -16.13      -24.734      -117.93      0.05607      -18.594      -25.073      -116.5      0.15633      -17.869      -23.692      -107.8      0.1024      0.10421      0.10296      0.10283      0.10286      0.10387      0.10274      0.10315      0.10215      0.10399      0.10266      0.10274      0.10272      0.10396      0.1025      0.10265
      24      65      5      HE      0.10406      -17.945      -19.542      -64.896      0.09346      -17.317      -16.458      -8.6989      0.08155      -17.46      -17.135      -53.76      0.16693      -16.883      -19.294      13.6385      0.10319      0.10333      0.10259      0.10476      0.10343      0.10309      0.10248      0.10441      0.10297      0.10288      0.10248      0.1043      0.10329      0.10291      0.10196      0.10416
      26      65      6      HE      0.0733      -16.738      -22.486      -90.609      0.01714      -14.386      -9.2671      -37.742      0.02037      -15.106      -9.9436      -25.319      0.11344      -14.818      -14.729      -28.488      0.10402      0.1052      0.10589      0.10237      0.10411      0.10495      0.10495      0.10189      0.10375      0.10504      0.10507      0.10187      0.10406      0.10495      0.1049      0.10135
      26      65      5      HE      0.25615      -18.968      -24.149      -35.948      0.27705      -18.344      -10.313      151.082      0.23159      -18.794      -6.7294      40.9673      0.28255      -18.473      -13.021      139.542      0.10358      0.1035      0.10452      0.10262      0.10385      0.1037      0.10365      0.10161      0.10341      0.10361      0.10349      0.10198      0.10374      0.10344      0.10361      0.10147
      19      66      3      HE      -0.1692      -17.793      -14.368      -10.395      -0.0737      -17.299      -21.463      25.5256      -0.1263      -18.402      -11.912      22.5651      -0.0553      -18.07      -23.459      17.7045      0.10342      0.1043      0.1027      0.10403      0.10372      0.10438      0.10256      0.10371      0.1034      0.10429      0.10248      0.10383      0.10366      0.10415      0.1024      0.10343
      26      65      3      HE      0.13935      -15.422      -19.861      -41.632      0.12516      -14.663      -15.842      -5.733      0.09305      -14.272      -18.687      -34.216      0.19655      -14.401      -18.108      -29.569      0.10338      0.10387      0.1024      0.10155      0.10366      0.10367      0.10251      0.10121      0.10328      0.1033      0.10232      0.10105      0.10353      0.10324      0.10217      0.10056
      19      66      2      HE      -0.7166      -10.349      -18.365      -131.44      0.16001      -6.4903      -11.524      -109.65      -0.6384      -8.6821      -5.1837      -110.24      -0.4538      -8.4739      -10.658      -90.096      0.10403      0.10473      0.1022      0.10699      0.10395      0.1047      0.1018      0.10705      0.10356      0.10436      0.10137      0.10664      0.10392      0.10447      0.10145      0.10648
      20      66      3      HE      -0.3683      0.03862      -7.5298      -11.869      -0.5278      -1.412      -1.3591      -68.113      -0.3756      -0.3983      -0.8578      -5.1948      -0.3999      -0.5853      -1.7789      -14.72      0.10301      0.10327      0.10486      0.1041      0.10286      0.10361      0.10449      0.10428      0.10268      0.10343      0.10436      0.10426      0.10278      0.10332      0.10403      0.10392
      22      65      3      HE      0.06709      -8.8981      -17.653      -66.23      0.05584      -10.015      -13.031      -94.649      0.06779      -9.5065      -17.82      -104.16      0.03372      -9.1085      -10.651      -117.24      0.10394      0.10322      0.10276      0.10356      0.10379      0.10363      0.10265      0.10354      0.1038      0.1035      0.10245      0.10346      0.10374      0.1034      0.10235      0.10323
      24      65      3      HE      -0.4247      3.54253      7.28682      61.5907      -0.4692      2.36296      10.5297      83.814      -0.4353      3.79496      12.0425      13.806      -0.4718      3.02461      15.5231      21.7164      0.10291      0.10519      0.10366      0.10207      0.1028      0.10554      0.10325      0.10182      0.10265      0.10524      0.1031      0.102      0.1026      0.10534      0.1029      0.10182
      24      65      2      HE      0.22975      -1.5777      1.32514      13.2823      0.20759      -0.7236      9.3023      26.9525      0.22924      -1.6284      2.23981      26.7385      0.19595      -1.3089      6.61183      42.3699      0.10267      0.10478      0.10449      0.09996      0.10254      0.10486      0.10422      0.10008      0.10248      0.10476      0.10408      0.09983      0.10241      0.10466      0.10398      0.09978
      26      65      2      HE      0.18209      7.4249      7.76524      -28.973      0.1989      8.16435      15.4866      -32.759      0.12812      6.47722      6.72686      -43.961      0.1937      7.00839      15.7821      -14.938      0.10388      0.10334      0.10513      0.1017      0.10366      0.10353      0.10465      0.10157      0.10366      0.10331      0.10473      0.10123      0.10348      0.1031      0.10443      0.1012
