#Linking QIE11 condition constant table...
#Printing QIE11 condition constant table! ShuntMode : 4
      29      63      1      HE      0.09803      -0.1331      -2.3754      -80.735      -0.0703      -0.4642      -1.6606      -16.473      0.01569      0.05901      7.51781      -32.083      -0.0656      -0.2457      -0.8261      -0.0193      0.0776      0.07809      0.07809      0.07714      0.07721      0.07826      0.0777      0.07645      0.07749      0.07812      0.07746      0.07662      0.07712      0.07795      0.07727      0.07619
      28      63      1      HE      -0.0948      0.21398      -4.4124      -11.551      -0.2926      0.20865      -0.569      -2.9054      -0.3177      -0.08      0.77959      7.45105      0.12046      0.55564      1.7365      6.87488      0.07793      0.07863      0.07794      0.07613      0.0777      0.07876      0.07771      0.07602      0.07778      0.07853      0.07765      0.07592      0.07745      0.07847      0.07755      0.07584
      18      63      2      HE      -0.0609      5.02241      4.63866      20.0306      -0.1303      4.83667      9.60867      7.71292      -0.0396      5.26695      10.8271      11.6893      0.00476      4.92466      9.26519      0.73043      0.07805      0.07704      0.07634      0.0756      0.07786      0.07704      0.07615      0.07533      0.07809      0.0769      0.07623      0.07528      0.07774      0.0769      0.07585      0.07537
      17      63      2      HE      0.11937      8.81944      5.9241      -37.63      0.13219      10.4096      12.1803      -44.727      0.11801      10.1305      16.6012      -63.076      0.1808      10.2457      12.1918      -46.545      0.07786      0.07793      0.07759      0.07582      0.07763      0.07786      0.07729      0.07628      0.07779      0.07787      0.07719      0.07617      0.07749      0.07776      0.07706      0.07583
      16      63      4      HE      0.06635      4.79373      3.6544      -9.907      0.01363      4.06973      7.35405      -19.236      0.07558      4.60555      3.48362      -47.708      -0.0197      4.59341      7.54518      -30.225      0.07749      0.07826      0.07613      0.07565      0.07738      0.07844      0.07599      0.07576      0.07748      0.07813      0.07601      0.07578      0.07725      0.07795      0.07577      0.07575
      29      63      2      HE      0.06222      -0.8653      -3.2427      -78.045      -0.0578      -0.1719      -3.9126      -68.961      -0.0177      0.02225      -4.9632      -82.349      -0.0765      -0.7353      -1.7939      -123.3      0.07779      0.0786      0.07849      0.07788      0.0777      0.07859      0.07829      0.07786      0.07773      0.07854      0.07827      0.07772      0.0774      0.07839      0.07808      0.07767
      28      63      2      HE      -0.0559      1.90819      2.59386      -53.471      -0.0402      2.28377      10.2273      -32.739      -0.1445      2.63611      6.13493      -35.75      -0.0478      1.8306      2.8741      -25.477      0.07736      0.07819      0.07818      0.07888      0.07726      0.07834      0.07789      0.07859      0.07738      0.07838      0.07772      0.07863      0.07754      0.07815      0.0778      0.07877
      28      63      5      HE      -0.1445      -4.0263      -12.955      -86.487      -0.1694      -3.2184      -3.7006      -78.025      -0.1307      -4.7243      -3.1161      -26.592      -0.2369      -3.7939      -6.4962      -55.384      0.07762      0.07814      0.07669      0.07698      0.07765      0.07821      0.07631      0.077      0.07764      0.07815      0.0762      0.07681      0.07782      0.07799      0.07613      0.07692
      28      63      3      HE      0.05851      -4.1329      -2.5056      -17.841      0.08898      -3.9392      5.80975      38.7012      0.0696      -3.399      6.78496      35.7537      0.07754      -4.2808      8.10752      36.6323      0.07768      0.07784      0.07782      0.07817      0.0778      0.07808      0.07727      0.07782      0.07761      0.07797      0.0771      0.0778      0.0779      0.07795      0.0769      0.07776
      28      63      7      HE      0.03287      4.3159      6.75287      13.4291      0.04425      4.46908      5.79433      23.4145      0.01007      3.2322      3.22385      9.01888      0.05882      3.42201      11.8117      4.92014      0.07809      0.07767      0.07781      0.07745      0.07813      0.07826      0.07742      0.07748      0.07795      0.07813      0.07747      0.0772      0.07827      0.07808      0.07729      0.07714
      26      63      7      HE      -0.0708      8.05768      0.07371      -71.422      0.06259      7.6041      1.13426      -103.53      0.01261      7.41558      1.29519      -53.102      0.05956      7.1622      7.65714      -89.192      0.0776      0.07678      0.07614      0.07606      0.07768      0.07726      0.07573      0.07607      0.07753      0.07709      0.07569      0.07583      0.0778      0.07699      0.07561      0.07589
      28      63      6      HE      -0.1017      -1.0403      -8.7418      -30.369      -0.0427      -0.889      -3.8757      -46.014      -0.0856      -0.4563      -8.321      -70.39      -0.0418      -0.8512      -1.1571      0.29066      0.07793      0.07741      0.07826      0.07786      0.07802      0.07755      0.07819      0.07795      0.07772      0.07745      0.07779      0.0778      0.07814      0.07744      0.0779      0.07763
      18      63      3      HE      -0.0548      -13.232      -24.147      -129.5      0.1169      -13.608      -18.082      -52.309      0.14449      -13.438      -20.525      -99.095      0.07515      -12.657      -23.838      -6.3069      0.07899      0.07781      0.07617      0.07657      0.07898      0.07792      0.07575      0.07618      0.07876      0.07766      0.07558      0.0763      0.07894      0.07768      0.07537      0.07576
      28      63      4      HE      0.07417      -14.854      -13.079      -20.991      0.0722      -14.021      -11.355      -38.747      -0.3369      -14.785      -7.7262      -43.284      0.07607      -13.954      -7.5385      -39.444      0.0779      0.07703      0.07739      0.0758      0.07778      0.07704      0.07711      0.07568      0.07779      0.07676      0.0769      0.07562      0.07763      0.07677      0.07691      0.07558
      17      63      3      HE      0.08252      -13.004      -20.768      -49.099      0.02196      -11.858      -5.9732      -47.518      0.1524      -11.537      -21.229      -49.589      0.07754      -11.759      -14.919      -49.98      0.07809      0.07782      0.07765      0.07716      0.07788      0.07741      0.0771      0.07658      0.07808      0.07734      0.07725      0.07676      0.07789      0.07729      0.07712      0.0767
      18      63      5      HE      0.13541      -13.205      -15.248      -49.806      0.02634      -13.152      -7.8751      -7.7614      0.06085      -13.247      -7.5102      -11.32      0.00384      -12.696      -8.4551      -10.031      0.07791      0.07732      0.0789      0.07871      0.07785      0.07729      0.07841      0.07818      0.07803      0.0772      0.07827      0.07836      0.07777      0.07693      0.07817      0.07815
      18      63      1      HE      -0.0417      -13.877      -25.299      10.2126      -0.0057      -13.882      -15.402      52.462      0.01103      -12.979      -19.593      51.9107      0.01329      -12.882      -18.588      83.9523      0.07733      0.07956      0.07821      0.07732      0.07736      0.07955      0.07763      0.07701      0.07753      0.07944      0.07773      0.07682      0.0772      0.07912      0.07758      0.0767
      18      63      4      HE      0.16168      -11.594      -10.346      9.34359      0.10616      -11.295      -4.156      18.4764      0.11157      -10.352      -4.2903      30.3047      0.07108      -11.037      -9.4304      -52.478      0.07844      0.07859      0.0783      0.07933      0.07828      0.07836      0.07812      0.07934      0.0784      0.07824      0.07795      0.07918      0.07818      0.0781      0.07785      0.0793
      18      64      1      HE      0.07094      2.90746      7.47616      -32.332      -0.0577      2.37112      9.28384      -0.2267      0.08241      2.34491      9.19109      32.0053      -0.0178      1.84735      8.09089      15.8059      0.07723      0.0777      0.07875      0.07845      0.07693      0.0779      0.07816      0.07827      0.07681      0.07781      0.07802      0.07764      0.07689      0.07789      0.07799      0.07815
      18      64      4      HE      0.14701      3.5139      7.22832      -55.967      0.04146      3.42914      13.9181      7.13331      0.11856      3.92544      13.8714      1.01983      0.14312      2.72309      15.4353      -15.138      0.07679      0.07712      0.07783      0.0776      0.07637      0.07711      0.07737      0.07766      0.07651      0.07706      0.07724      0.07751      0.07638      0.07715      0.07716      0.07738
      18      64      5      HE      0.11516      -1.8491      5.83724      36.1914      0.02073      -2.0928      8.26372      36.5875      0.10848      -1.6492      0.98065      32.6325      0.06051      -2.5399      5.12792      58.0241      0.07665      0.07801      0.07844      0.07814      0.07626      0.07819      0.07807      0.07782      0.07641      0.0781      0.0782      0.07766      0.07638      0.07806      0.07804      0.07753
      17      64      3      HE      0.13076      -1.6384      5.93661      50.7896      0.10308      -1.4487      2.27952      93.0196      0.21816      -1.8108      4.1432      65.7182      0.1578      -1.6113      10.9296      0.05143      0.07724      0.07755      0.07707      0.07638      0.07691      0.07761      0.07667      0.07622      0.07714      0.07759      0.07666      0.07623      0.07698      0.07754      0.07661      0.07618
      27      63      4      HE      -0.2466      7.18264      9.68826      48.1433      0.09844      8.04441      15.8491      88.6197      -0.2501      7.18483      15.1318      81.5249      0.09677      6.91069      15.2876      86.0012      0.07689      0.0781      0.07748      0.07697      0.07671      0.07834      0.07711      0.07655      0.07678      0.07821      0.07696      0.07645      0.0767      0.07806      0.07687      0.0766
      18      64      3      HE      0.14158      1.19942      2.07324      31.7011      0.148      1.4644      8.99342      14.156      0.16745      0.9425      6.66019      35.6569      0.17974      2.37493      8.45211      26.4917      0.07762      0.07876      0.0771      0.0775      0.0774      0.07876      0.07673      0.07785      0.07741      0.07869      0.07666      0.07749      0.07741      0.07855      0.07654      0.07761
      27      63      7      HE      0.04682      -19.207      -29.733      -92.301      0.11798      -18.458      -22.635      -63.327      0.14718      -18.293      -21.734      -62.885      0.09164      -18.142      -21.401      -93.844      0.07897      0.08117      0.07838      0.07703      0.07895      0.08093      0.07771      0.07657      0.07864      0.08073      0.07757      0.07653      0.07886      0.08079      0.07761      0.0766
      27      63      3      HE      -0.0128      -9.2971      -15.731      -24.865      0.11033      -9.2128      -11.935      40.6662      -0.0039      -9.2818      -10.849      -27.721      0.0293      -9.8639      -5.2288      -37.536      0.07679      0.07664      0.07664      0.07712      0.07675      0.07682      0.07622      0.0768      0.07678      0.07671      0.07611      0.07709      0.07669      0.07683      0.07605      0.07712
      27      63      5      HE      0.07633      -4.1034      -9.0565      -43.576      0.03053      -5.1853      -4.0157      48.4658      0.089      -4.399      -3.1661      -22.144      0.02036      -5.3619      -3.9592      -6.4307      0.07728      0.07818      0.07828      0.07753      0.07721      0.07844      0.07756      0.07704      0.07717      0.07827      0.0773      0.07715      0.07707      0.07817      0.07734      0.07702
      27      63      6      HE      0.03175      -5.9092      -4.3307      -55.766      -0.033      -5.7319      -1.5529      -61.624      -0.019      -5.1469      -8.1061      -38.372      0.00198      -6.6842      -3.2714      -87.835      0.07799      0.07889      0.07772      0.07561      0.07798      0.07909      0.07737      0.07559      0.07806      0.07899      0.07731      0.07548      0.07784      0.07891      0.0773      0.07547
      29      63      3      HE      0.04685      -4.2274      -8.6029      -24.641      0.03584      -3.0779      2.42426      75.4068      0.07645      -2.8396      4.56722      -8.3772      0.04883      -3.7918      -2.0624      14.3007      0.07638      0.07718      0.07605      0.07467      0.07627      0.07671      0.0755      0.07434      0.07639      0.07664      0.07542      0.07457      0.07626      0.07667      0.07544      0.07443
      27      63      1      HE      0.18355      -12.819      -8.5468      41.6305      0.07174      -14.019      -2.518      23.2369      0.1526      -14.307      -7.2377      44.2119      0.16045      -13.679      -5.9707      67.2055      0.07773      0.07732      0.07741      0.07846      0.07754      0.07774      0.07709      0.07863      0.07729      0.07749      0.077      0.07812      0.0775      0.0775      0.07688      0.07804
      18      64      2      HE      0.04132      -12.896      -10.675      -3.8007      -0.0954      -13.69      -8.3634      -32.809      0.0164      -13.623      -10.092      -49.504      0.02559      -14.652      -9.0817      3.0909      0.0775      0.07775      0.07634      0.07677      0.0773      0.07791      0.07611      0.07686      0.07724      0.07772      0.07605      0.07678      0.07711      0.07767      0.07601      0.07646
      17      64      2      HE      0.14694      -15.311      -20.941      -74.4      0.0902      -15.689      -14.124      -92.199      0.10104      -16.296      -14.502      -82.882      0.00572      -16.933      -15.846      -75.079      0.07685      0.0766      0.07759      0.07818      0.07654      0.07687      0.07735      0.07801      0.07635      0.07673      0.07726      0.0777      0.07653      0.07681      0.07717      0.07791
      16      64      4      HE      0.16301      -12.786      -14.923      -19.774      -0.0374      -14.044      -9.1593      -20.996      0.11853      -14.146      -11.006      -22.044      -0.0004      -13.956      -7.2235      -4.74      0.0771      0.07764      0.07656      0.07599      0.07672      0.07811      0.0763      0.07562      0.07674      0.07788      0.07605      0.07552      0.07668      0.07781      0.07617      0.07557
      27      63      2      HE      -0.0469      -12.519      -2.0141      11.8204      -0.0273      -13.662      2.50733      54.6716      -0.015      -14      -1.9583      16.914      0.10367      -12.928      -3.3142      44.4323      0.0768      0.07726      0.07651      0.07415      0.07652      0.07749      0.07639      0.07425      0.07653      0.07746      0.07624      0.0741      0.07642      0.07735      0.07616      0.0738
      27      65      1      HE      0.17465      -16.747      -15.395      -58.105      0.19729      -17.496      -14.586      -46.256      0.16202      -17.919      -20.493      -33.165      0.05579      -17.594      -17.48      -34.333      0.07781      0.07953      0.07691      0.07878      0.0778      0.07952      0.07666      0.07861      0.07757      0.07933      0.07646      0.07849      0.07762      0.07916      0.07638      0.07827
      18      65      2      HE      0.2022      -8.2579      1.16828      -15.611      0.18398      -6.4656      -4.8465      -36.189      -0.1781      -7.2712      -1.0539      -50.555      -0.3053      -7.9057      -10.123      -39.59      0.07732      0.07763      0.07729      0.07678      0.07716      0.07714      0.07715      0.07688      0.07703      0.077      0.07695      0.07691      0.07679      0.07682      0.07705      0.07684
      17      65      2      HE      0.17589      -8.0606      -9.9055      -33.8      0.10324      -8.0162      -6.5182      -30.856      0.13871      -8.4588      -4.8511      -52.155      0.0018      -8.6012      -6.6531      -32.626      0.07668      0.0758      0.0778      0.07562      0.07656      0.07557      0.07747      0.07574      0.07658      0.07559      0.07715      0.07559      0.07631      0.07565      0.07719      0.07546
      16      65      4      HE      0.12636      -13.706      -15.143      -95.696      0.17351      -14.388      -10.258      -73.63      0.15982      -14.484      -10.798      -68.323      0.12852      -15.715      -10.821      -141.56      0.07737      0.07752      0.07646      0.07747      0.07719      0.07778      0.07616      0.07758      0.07725      0.07766      0.07608      0.07746      0.07706      0.07772      0.07605      0.07746
      27      65      2      HE      0.18401      -16.393      -13.264      -72.649      0.19515      -15.552      -7.1516      -71.392      0.15118      -15.216      -10.309      -113.75      0.19878      -16.834      -6.0272      -126.63      0.07668      0.07718      0.07763      0.07571      0.07655      0.0771      0.07722      0.07584      0.07658      0.07695      0.07713      0.0759      0.07619      0.07722      0.077      0.07593
      27      65      5      HE      0.19378      -2.0637      1.89678      25.8976      0.28573      -0.758      6.4127      -5.0436      0.01996      -0.5917      7.23529      -0.2598      0.08707      -1.9294      6.86753      47.0969      0.07797      0.07854      0.07921      0.07868      0.07835      0.07837      0.07874      0.07861      0.07758      0.07793      0.07849      0.07845      0.07749      0.07806      0.07844      0.07833
      27      65      3      HE      -0.2501      0.38954      -0.9413      54.445      -0.2326      0.54363      7.69825      39.9293      -0.1967      0.83363      3.81391      22.4926      -0.2008      0.99501      4.49281      -1.7169      0.07806      0.0785      0.07922      0.07729      0.07828      0.07829      0.07888      0.07756      0.07746      0.07806      0.07875      0.0773      0.07735      0.0778      0.07874      0.07746
      27      65      7      HE      0.03747      -1.7381      -3.5316      -23.365      -0.1169      -1.0693      0.86482      -31.397      -0.1386      -2.4195      -5.739      -17.758      0.00597      -1.2764      1.36084      -21.609      0.07896      0.08039      0.07922      0.07848      0.07933      0.08025      0.07891      0.07837      0.07895      0.08014      0.07899      0.07837      0.07882      0.08016      0.07867      0.07833
      29      65      3      HE      0.24785      -1.6781      -2.5107      55.8267      0.20307      -0.5622      -3.8632      28.0655      0.18075      -0.9013      2.36559      -6.3252      0.16393      -0.6064      2.40225      2.98495      0.07866      0.0786      0.07929      0.07713      0.07902      0.07808      0.07903      0.0775      0.07846      0.07796      0.07892      0.07728      0.07834      0.07788      0.07886      0.07722
      27      65      6      HE      0.21874      -3.3342      -6.0716      -50.864      0.23328      -2.5643      -7.1268      -56.649      0.17728      -2.5254      -2.1347      -47.701      0.20354      -2.6585      1.00653      -31.718      0.07926      0.07848      0.07901      0.07692      0.07948      0.07817      0.07879      0.07678      0.07883      0.07799      0.07848      0.07666      0.07887      0.07777      0.07843      0.07656
      18      65      3      HE      0.0849      -16.524      -16.209      34.6019      0.18643      -16.247      -12.066      -0.4172      0.04887      -15.912      -10.249      29.9271      0.0645      -16.569      -10.811      -63.248      0.07801      0.07848      0.07929      0.07714      0.07827      0.07835      0.07891      0.07745      0.07794      0.07811      0.07883      0.07719      0.07798      0.07815      0.07886      0.07745
      27      65      4      HE      0.07174      -6.8173      -7.9678      -21.984      0.09872      -5.0467      2.8041      15.5748      0.05319      -6.129      -0.556      22.3527      0.07831      -5.792      -0.5505      43.6447      0.07624      0.07758      0.07643      0.07557      0.07655      0.07751      0.07604      0.07526      0.07635      0.07746      0.07585      0.07508      0.07594      0.07737      0.07597      0.07458
      17      65      3      HE      0.15167      -8.332      -3.7114      -51.131      0.16567      -4.5534      -6.6416      -39.685      0.13975      -6.8623      -1.4767      -39.563      -0.2607      -8.2853      -7.5443      -19.269      0.07746      0.07852      0.07772      0.07872      0.07762      0.07763      0.07737      0.07861      0.07733      0.07801      0.07718      0.07855      0.07707      0.07811      0.07729      0.0782
      18      65      5      HE      0.0731      -8.8544      -16.193      -54.262      0.07277      -9.0087      -6.2272      -26.221      0.02888      -9.2035      -11.286      -42.718      0.0351      -8.956      -4.8311      -32.916      0.07815      0.0775      0.07799      0.0789      0.07851      0.07764      0.07762      0.07892      0.0783      0.07744      0.07765      0.07847      0.07801      0.07727      0.07746      0.07865
      18      65      1      HE      0.0857      -14.255      -12.386      5.52773      0.18671      -13.192      -11.056      23.9425      0.14683      -14.158      -12.38      6.15316      0.08736      -13.913      -14.857      -8.6662      0.07776      0.07901      0.0772      0.07822      0.0779      0.07871      0.07709      0.07813      0.07771      0.07877      0.07671      0.07801      0.07743      0.07869      0.07655      0.07792
      18      65      4      HE      0.05695      -14.807      -10.251      71.6129      0.05759      -14.753      -2.9684      21.8903      0.14115      -13.93      -8.3149      13.2227      0.12241      -14.799      -9.6505      21.5151      0.07724      0.07701      0.07844      0.07615      0.07733      0.07692      0.07819      0.07582      0.07723      0.07674      0.07812      0.0759      0.0769      0.07678      0.07808      0.07595
      18      66      1      HE      -0.5687      -5.6179      -11.973      -13.762      0.35852      -3.6851      -2.171      -23.236      -0.3766      -5.4031      -2.8182      16.359      -0.2371      -4.9726      -0.4346      44.5408      0.07807      0.07845      0.07794      0.07551      0.07804      0.07837      0.07712      0.07542      0.07743      0.07813      0.07711      0.0752      0.07786      0.07814      0.07705      0.07515
      18      66      4      HE      0.04097      1.03495      4.73633      92.0487      0.06485      0.95545      9.21248      91.5312      -0.2699      0.28298      6.07034      94.0493      -0.3418      0.81702      10.9784      106.436      0.07836      0.07933      0.0806      0.07637      0.07839      0.07973      0.08037      0.07643      0.07799      0.07949      0.08025      0.0762      0.07808      0.07949      0.08021      0.07621
      18      66      5      HE      0.18887      -5.0408      -15.739      -151.89      0.21201      -6.0312      -8.7547      -23.37      -0.0343      -5.9676      -9.2453      -53.28      0.15912      -6.3041      -2.4195      -103.26      0.0781      0.07944      0.07814      0.0789      0.07805      0.07974      0.07774      0.07853      0.07775      0.07946      0.0774      0.07839      0.07777      0.07946      0.07733      0.07846
      17      66      3      HE      -0.1874      3.07309      11.2285      -20.468      0.09453      4.02135      10.1295      20.1763      -0.3534      2.61781      12.943      50.9011      0.15155      4.07741      6.54028      17.8125      0.0782      0.07911      0.07873      0.07893      0.0782      0.07915      0.07829      0.07882      0.07768      0.07893      0.07817      0.07862      0.07773      0.07889      0.07809      0.07873
      28      65      4      HE      0.22568      -1.6745      -1.0176      44.4452      0.25699      -1.9245      -4.311      38.6918      0.08652      -2.7842      1.0866      -51.945      0.19075      -2.6597      -1.9169      -41.736      0.07758      0.07839      0.07845      0.07668      0.0776      0.07884      0.07833      0.0769      0.07707      0.07851      0.07801      0.07677      0.0772      0.07853      0.07804      0.07691
      18      66      3      HE      0.1869      4.7497      -0.0243      -62.879      0.09539      3.27462      1.4377      -51.886      0.06757      3.23851      -4.3517      -17.691      0.15285      3.61886      -2.5622      -31.099      0.07719      0.0772      0.07815      0.07668      0.0772      0.07757      0.07771      0.07647      0.07684      0.07748      0.07776      0.07638      0.07692      0.07746      0.07775      0.07621
      28      65      7      HE      0.02135      -14.51      -12.039      15.7289      0.01408      -14.674      -14.235      7.23807      0.11998      -14.769      -13.657      29.1595      0.03469      -15.203      -8.4993      37.7292      0.07605      0.07596      0.0742      0.07729      0.07603      0.07613      0.07408      0.07727      0.07591      0.07605      0.07403      0.07725      0.07599      0.07598      0.07388      0.077
      28      65      3      HE      0.07921      -14.992      -19.228      -77.918      -0.0172      -16.114      -14.231      -67.517      0.08558      -16.035      -13.589      -74.299      -0.0324      -15.746      -13.163      -56.591      0.07847      0.07998      0.07952      0.07972      0.07849      0.08037      0.07894      0.07936      0.07839      0.08018      0.07886      0.07927      0.07845      0.08008      0.07897      0.07932
      28      65      5      HE      0.13409      -11.825      -16.455      -16.682      0.06357      -11.734      -7.6573      -110.51      0.10648      -12.437      -11.077      -42.472      0.05401      -11.842      -6.9641      -135.33      0.07734      0.07839      0.07929      0.07828      0.07744      0.07844      0.07906      0.07855      0.07718      0.07841      0.07875      0.07843      0.07727      0.07831      0.07866      0.07865
      28      65      6      HE      -0.0886      -12.184      -14.584      -120.54      -0.0089      -11.116      -16.558      -100      -0.0393      -11.459      -14.599      -89.483      -0.0243      -11.428      -12.623      -119.52      0.07861      0.07978      0.07947      0.07805      0.07859      0.07962      0.07911      0.078      0.07848      0.07956      0.07906      0.07787      0.07858      0.07956      0.07904      0.0779
      26      65      7      HE      0.16131      -12.395      -12.658      -43.714      0.22379      -13.187      -0.7722      -2.9329      0.17115      -12.973      -3.7705      -14.318      0.20403      -13.618      0.77122      0.0841      0.07854      0.07989      0.07941      0.0784      0.07856      0.08013      0.07879      0.07811      0.07838      0.07995      0.07856      0.07808      0.07846      0.07994      0.07854      0.07804
      28      65      2      HE      0.02875      -13.696      -15.391      -9.1075      0.04962      -14.619      -15.884      -34.8      0.12179      -14.168      -14.266      -2.1072      0.13091      -13.449      -13.735      -15.258      0.07797      0.07953      0.07834      0.07794      0.07806      0.07972      0.07827      0.07825      0.07785      0.07957      0.07816      0.07811      0.07789      0.07957      0.07806      0.07789
      29      65      1      HE      0.03318      3.08921      9.21292      -42.42      0.1885      5.28711      9.41151      17.6047      0.16758      3.27642      14.3783      -25.01      0.16345      3.23437      14.392      12.6852      0.0764      0.07752      0.07834      0.07563      0.07632      0.07686      0.07792      0.07523      0.07623      0.07711      0.07795      0.0753      0.07615      0.0771      0.07783      0.07511
      28      65      1      HE      0.01641      -3.066      -8.2927      -74.444      0.0881      -2.5114      -10.24      -111.01      0.0683      -2.0601      -5.3053      -99.841      0.01864      -1.5281      -7.1498      -99.292      0.07562      0.07688      0.07729      0.07719      0.0755      0.07671      0.07686      0.07709      0.07542      0.07643      0.07676      0.07687      0.07537      0.07638      0.07668      0.07686
      18      66      2      HE      0.05469      1.79982      3.87613      -27.355      0.18223      2.54059      3.46269      -26.793      0.1951      2.33591      4.55038      -10.412      0.06496      2.40798      -0.2021      -23.028      0.07673      0.07745      0.07712      0.07686      0.07664      0.07741      0.07672      0.07665      0.0764      0.07733      0.07652      0.07641      0.07645      0.07728      0.07661      0.07647
      17      66      2      HE      -0.0229      -3.0746      -7.2124      -82.325      0.02802      -2.4401      -0.4607      -82.495      -0.0572      -2.2499      -0.2762      -98.244      -0.0042      -2.6023      1.34089      -66.78      0.07776      0.07795      0.07849      0.07689      0.07764      0.07763      0.07789      0.07676      0.07752      0.07751      0.07793      0.07682      0.07755      0.0775      0.07778      0.07663
      16      66      4      HE      0.04065      2.2505      -4.3999      -57.138      0.05892      3.53971      4.75233      -90.197      0.08425      3.00871      7.10355      -73.141      -0.0394      2.13185      5.89323      -72.19      0.07636      0.07703      0.07827      0.07537      0.07626      0.07662      0.07778      0.07533      0.07622      0.07656      0.07751      0.07518      0.07608      0.07665      0.07757      0.07485
      29      65      2      HE      0.11671      -6.9544      -4.6936      37.1489      0.04565      -5.5581      2.49865      -6.0011      0.03149      -5.9666      -1.5335      -18.961      -0.0198      -6.2416      2.36896      -3.9313      0.07717      0.07715      0.07949      0.0759      0.07708      0.07674      0.07899      0.07595      0.07697      0.07669      0.07889      0.07593      0.07685      0.07669      0.07874      0.07586
      19      63      2      HE      -0.0084      0.29993      -5.4999      -130.94      -0.0272      0.75421      2.27582      -117.33      0.00152      0.96732      -1.4881      -125.73      -0.0264      -0.3394      1.01272      -145.33      0.0764      0.07602      0.07468      0.07586      0.0764      0.07612      0.07433      0.07588      0.076      0.07605      0.07417      0.07571      0.07612      0.07608      0.07412      0.07568
      20      63      3      HE      0.0349      -0.8931      -1.9205      -29.397      0.10505      -0.641      10.3529      7.34676      0.10047      -0.7663      1.96619      2.54381      0.11773      -0.4216      9.07076      30.5826      0.07445      0.07638      0.07589      0.0762      0.07445      0.07677      0.07546      0.07577      0.07423      0.07651      0.07536      0.07582      0.07431      0.07652      0.07522      0.07571
      22      63      3      HE      -0.0164      -4.1479      -6.312      -30.97      -0.0267      -5.2053      -4.5736      -39.061      -0.0404      -4.5749      -1.2668      -129.54      0.03075      -5.3614      -6.1798      -38.885      0.0765      0.07636      0.07601      0.07555      0.07656      0.07676      0.07555      0.07557      0.07632      0.07643      0.07545      0.07572      0.07636      0.07638      0.0756      0.07557
      24      63      3      HE      0.03719      -10.078      -18.974      -97.986      0.04944      -10.003      -13.573      -147.21      0.01138      -10.986      -17.27      -121.68      0.07443      -9.9475      -14.157      -119.55      0.0754      0.07527      0.07423      0.07248      0.07556      0.0757      0.0739      0.0727      0.07526      0.07553      0.07359      0.07237      0.07542      0.07554      0.07366      0.07247
      24      63      2      HE      0.15558      -2.453      5.31718      33.4524      -0.011      -2.9441      7.32331      -26.403      0.04321      -2.3952      6.25591      41.5514      0.16811      -1.6199      9.37911      -24.123      0.07568      0.07612      0.07485      0.07478      0.07591      0.07642      0.07453      0.07471      0.07553      0.0763      0.07441      0.07444      0.0756      0.07617      0.07435      0.0746
      26      63      2      HE      0.10301      -0.6076      1.15868      52.0261      0.09385      0.70078      6.26533      -10.223      0.03714      -0.2769      0.74434      -21.188      0.10408      -0.4276      6.11482      -15.877      0.0757      0.07574      0.07517      0.07452      0.0757      0.07564      0.07482      0.07462      0.07542      0.07565      0.0749      0.07463      0.07545      0.0756      0.0747      0.07452
      24      63      6      HE      0.06804      0.89088      -1.1037      9.55677      0.05568      0.29174      9.02282      2.7202      0.09736      0.71837      5.09444      56.5306      0.0957      -0.0094      4.52064      64.6469      0.077      0.07744      0.0761      0.07678      0.07701      0.07767      0.07544      0.07675      0.07694      0.07757      0.07537      0.07648      0.07661      0.07758      0.07531      0.07644
      24      63      5      HE      0.05729      5.13559      4.25304      0.58974      -0.0679      4.95702      7.08642      0.70163      0.01847      4.81566      13.1965      38.6231      0.02599      4.03999      5.55418      10.7509      0.07623      0.07697      0.07572      0.07383      0.07616      0.07706      0.07516      0.07335      0.07607      0.07705      0.07508      0.07324      0.07584      0.07694      0.07492      0.07326
      26      63      5      HE      0.03839      7.61899      1.37311      18.5411      0.03951      8.3011      15.1184      7.98207      0.03335      6.92105      7.66491      -31.338      0.00389      7.37612      4.2287      3.4014      0.0767      0.07725      0.07676      0.07666      0.07673      0.07749      0.07635      0.0766      0.0765      0.07743      0.07617      0.07635      0.07641      0.07735      0.07607      0.0763
      26      63      6      HE      0.11358      -2.7986      -5.7655      -43.248      0.08594      -2.909      0.97867      -26.279      0.08123      -2.7264      -1.198      -6.9961      0.09715      -2.9333      6.28219      -17.388      0.07719      0.07753      0.07635      0.07472      0.07709      0.0776      0.07606      0.07453      0.077      0.07748      0.07595      0.07433      0.07682      0.07738      0.07577      0.07439
      19      63      3      HE      0.05821      -3.949      -3.7459      44.0608      0.12614      -4.4345      2.36498      58.4573      -0.0975      -4.8787      2.61178      2.87311      0.07905      -3.8568      -2.5761      74.8965      0.0773      0.07763      0.07663      0.07576      0.07736      0.07777      0.07651      0.07546      0.07705      0.07744      0.07622      0.07539      0.07682      0.07732      0.0763      0.07541
      26      63      3      HE      0.04568      2.77591      2.43998      -6.7584      0.03781      2.62963      1.29725      17.5229      0.0315      3.09996      7.69949      44.21      0.0155      2.37544      9.63804      48.4227      0.07687      0.07704      0.07728      0.07398      0.0768      0.07694      0.07694      0.07373      0.0766      0.07682      0.07672      0.07359      0.07637      0.0768      0.07667      0.07351
      19      63      5      HE      0.0085      -14.023      -18.894      -37.921      0.05229      -14.72      -18.563      -49.418      0.11102      -14.376      -11.023      -56.265      0.07356      -14.668      -14.899      -61.73      0.07746      0.07751      0.07692      0.07407      0.07753      0.07772      0.07683      0.07405      0.07755      0.07753      0.07654      0.07372      0.07743      0.07754      0.07662      0.07395
      26      63      4      HE      0.14433      -14.71      -16.075      -52.414      0.1791      -14.336      -5.9584      -29.968      0.09083      -14.328      -10.093      -24.232      0.03401      -15.188      -3.2827      -21.719      0.07635      0.07745      0.07547      0.07942      0.0764      0.07739      0.07495      0.07915      0.07647      0.07735      0.07473      0.07904      0.07622      0.07734      0.07468      0.07905
      20      63      6      HE      -0.2465      -9.9809      -4.5392      17.3291      -0.2039      -10.686      0.45741      71.2187      -0.2774      -10.808      2.16979      54.1574      -0.0726      -11.16      -0.9241      53.343      0.07653      0.07836      0.07761      0.07816      0.07671      0.07882      0.07736      0.0779      0.07664      0.07868      0.07718      0.07791      0.07644      0.07859      0.07724      0.07794
      20      63      5      HE      0.10205      -11.239      -17.825      -54.174      0.02524      -11.863      -16.545      -49.843      -0.0119      -11.671      -15.899      -51.209      0.14825      -11.133      -14.825      -57.43      0.07621      0.07749      0.07712      0.0776      0.07626      0.07774      0.07694      0.07748      0.07642      0.07763      0.0769      0.07727      0.07622      0.07752      0.07676      0.07718
      22      63      5      HE      -0.0207      -13.003      -22.361      -99.279      0.10856      -12.181      -8.886      -77.156      -0.0423      -13.315      -12.679      -59.405      -0.0145      -13.686      -8.7625      -15.509      0.07534      0.07806      0.07642      0.07721      0.07545      0.07823      0.0759      0.07716      0.07554      0.07832      0.07594      0.07698      0.07543      0.07816      0.07581      0.07669
      22      63      6      HE      -0.0391      -13.521      -5.9745      -7.3784      -0.0415      -13.213      -10.95      57.1116      -0.0304      -13.024      -6.2989      39.2972      0.09502      -13.655      -6.8093      86.6293      0.07624      0.07699      0.07634      0.07771      0.07629      0.07715      0.07608      0.07726      0.07635      0.07699      0.07595      0.07709      0.07628      0.07709      0.07596      0.07647
      19      63      1      HE      0.11468      -4.3963      -0.4579      -57.314      0.1485      -5.177      4.16637      -27.247      0.0726      -4.819      12.6904      -18.558      0.10672      -5.2111      10.5761      -10.504      0.07721      0.07709      0.07774      0.0748      0.077      0.07744      0.07726      0.07448      0.07706      0.07733      0.077      0.07462      0.07681      0.0773      0.077      0.07454
      20      63      1      HE      0.02695      -5.1165      1.34876      24.6545      0.07509      -5.3128      -0.0202      36.0113      0.06066      -5.0457      8.42974      -20.891      0.06636      -5.052      4.12708      -21.297      0.07683      0.07662      0.07771      0.07716      0.07663      0.07706      0.07736      0.07709      0.0768      0.07692      0.07718      0.07702      0.07639      0.07696      0.07719      0.07699
      22      63      1      HE      -0.1813      0.95372      7.10225      24.3024      -0.1366      0.53732      8.19816      75.1726      -0.2224      0.03569      4.30102      36.3671      -0.3107      -1.1416      7.57067      74.1945      0.07778      0.07872      0.07624      0.07638      0.0776      0.07922      0.07603      0.07627      0.07766      0.07921      0.07575      0.0763      0.07728      0.07907      0.07582      0.07614
      24      63      1      HE      0.10965      -6.6373      -10.795      -21.775      0.01777      -6.5476      -5.9925      -77.71      -0.0002      -5.7509      -8.6186      -7.7916      0.02899      -7.5004      -10.165      -57.531      0.0768      0.07808      0.07669      0.07815      0.07657      0.07826      0.07642      0.07833      0.07675      0.0781      0.07638      0.0781      0.07632      0.07808      0.07622      0.07821
      19      63      4      HE      -0.1138      0.65163      3.71436      -1.0648      0.11355      0.50418      4.92606      47.0217      0.11263      -0.0477      9.46289      109.845      -0.1786      -0.2275      2.08184      37.1607      0.0764      0.0773      0.07554      0.07635      0.07617      0.07747      0.07533      0.07632      0.07625      0.07735      0.07519      0.07597      0.07592      0.07729      0.07508      0.07613
      26      63      1      HE      0.18169      -2.3674      1.61386      77.0664      0.10534      -3.0218      -0.1718      51.8729      0.14626      -3.804      7.84716      50.336      0.13566      -2.9496      0.09104      137.805      0.07768      0.07744      0.07662      0.07611      0.07747      0.07778      0.07634      0.0759      0.07755      0.07763      0.07619      0.07596      0.07713      0.07752      0.07609      0.07547
      19      63      6      HE      0.18039      3.08059      5.28014      30.7791      0.14371      2.64866      9.44824      17.2051      -0.0321      0.92704      9.59807      -0.8507      -0.1414      0.83283      6.60179      19.7611      0.07925      0.0798      0.08028      0.07743      0.0785      0.08008      0.07996      0.0777      0.07864      0.08      0.07989      0.07739      0.07875      0.08006      0.07981      0.07768
      24      63      4      HE      0.12924      2.62401      3.03663      45.7623      0.10868      2.12374      8.56113      56.918      0.22747      1.76766      8.45844      46.2323      0.14499      1.87955      10.7334      -4.2972      0.07895      0.07858      0.07977      0.07702      0.07821      0.07868      0.07962      0.07693      0.07854      0.0786      0.07947      0.07716      0.07842      0.07863      0.07922      0.07697
      22      63      2      HE      0.0714      -1.3396      0.44823      22.3026      0.06327      -1.6979      3.94144      13.1701      0.19204      -0.7291      6.82079      13.0875      0.04901      -1.6681      5.4346      33.6606      0.07889      0.07978      0.07823      0.07867      0.078      0.07987      0.07787      0.07842      0.07844      0.07985      0.07782      0.07837      0.07831      0.07975      0.0778      0.07819
      20      63      2      HE      0.15816      -0.5703      1.78378      -17.682      0.07096      -1.4613      0.56388      -19.194      0.18558      -1.5521      5.22033      -2.5791      0.10937      -1.4148      3.80333      -1.8076      0.07851      0.07837      0.07674      0.07828      0.07781      0.07859      0.07669      0.0782      0.07839      0.07843      0.07666      0.07804      0.07827      0.07851      0.07633      0.07812
      22      63      4      HE      -0.1832      5.78061      5.61822      -14.104      -0.2312      4.46653      16.5382      -12.405      -0.1969      4.73421      17.5438      -27.041      -0.1168      4.40765      11.4186      -22.468      0.07916      0.07877      0.07656      0.07649      0.07859      0.07913      0.07629      0.07617      0.07893      0.07908      0.07612      0.07613      0.07878      0.07903      0.07606      0.07603
      20      63      4      HE      0.15448      -0.1932      1.82597      -72.593      0.06314      -0.4459      0.21795      -100.38      0.11594      -0.5478      0.35557      -86.625      0.20529      -0.9412      1.52773      -126.8      0.07996      0.07887      0.07865      0.0762      0.07917      0.07887      0.07829      0.07625      0.0795      0.07884      0.07809      0.0761      0.07942      0.07887      0.07803      0.07612
      19      64      5      HE      -0.0375      -6.253      -13.369      -71.045      -0.0595      -5.2519      0.89439      -87.197      -0.055      -4.6395      -2.7481      -48.404      -0.0313      -4.6087      -1.8588      -56.729      0.07665      0.07642      0.07707      0.07717      0.07666      0.07602      0.07655      0.07712      0.07647      0.07592      0.0766      0.07699      0.07625      0.07586      0.07654      0.07665
      19      64      6      HE      0.0273      -2.53      -7.0765      -18.431      0.05932      -1.5657      -2.4041      -1.6883      0.14117      -1.3446      2.00942      64.4061      0.08702      -1.8714      -0.5283      24.449      0.07684      0.07712      0.07523      0.07502      0.07671      0.07689      0.07493      0.07465      0.07664      0.07681      0.07492      0.07441      0.07648      0.07683      0.07459      0.07449
      21      63      2      HE      0.11164      -1.035      2.5453      -56.566      0.06886      -0.9005      7.4989      -13.765      0.10851      -0.9626      8.6809      -29.139      0.10977      -2.4442      4.31819      -42.153      0.07621      0.07652      0.07711      0.07615      0.07607      0.07649      0.07677      0.0761      0.07602      0.07644      0.07672      0.07601      0.07573      0.0765      0.07651      0.07582
      20      64      2      HE      0.04353      -4.891      -1.2203      -48.658      0.04173      -4.1894      -1.6088      -68.681      0.06279      -4.33      1.11259      -71.877      0.04942      -4.298      0.80375      -61.514      0.07722      0.07683      0.07665      0.07503      0.07721      0.0766      0.07645      0.07528      0.07715      0.07659      0.07652      0.07519      0.07708      0.07651      0.07622      0.07488
      21      63      4      HE      0.07162      -1.7971      -4.6948      10.2479      -0.0835      -0.55      1.84841      5.74295      -0.087      -2.0109      -2.4026      2.78517      0.10013      -2.0195      -7.046      -42.544      0.07716      0.07724      0.07727      0.0761      0.07716      0.07702      0.07726      0.07595      0.07692      0.07718      0.0772      0.07594      0.07688      0.0772      0.07719      0.07597
      20      64      4      HE      0.24567      -9.6272      -9.9508      -1.8527      0.13816      -8.9221      0.16349      42.5089      0.13679      -8.2624      -2.5113      43.345      -0.0049      -9.9824      -11.207      52.1462      0.07685      0.0762      0.07527      0.07517      0.0766      0.07593      0.07473      0.07508      0.07647      0.07582      0.07469      0.07501      0.07631      0.07596      0.07495      0.07474
      19      64      1      HE      0.01787      3.94535      5.72869      11.3211      -0.0168      2.04473      10.2668      25.1912      -0.0674      3.55163      5.79127      27.9669      0.07118      3.30341      6.62548      1.34669      0.07821      0.07812      0.0772      0.07834      0.07728      0.07817      0.07678      0.07818      0.07797      0.07805      0.07691      0.07812      0.0771      0.07806      0.07667      0.07815
      20      64      1      HE      0.09222      1.49113      4.87223      44.2783      0.1813      0.79638      7.87163      -3.5689      0.06315      1.42719      10.2804      -27.479      0.00136      -0.2014      12.0977      -3.5963      0.0783      0.07818      0.07781      0.07866      0.07743      0.07846      0.07747      0.07856      0.07819      0.07841      0.07747      0.07854      0.07709      0.07842      0.07741      0.07847
      21      63      1      HE      0.02326      1.57987      0.50236      -17.542      -0.0826      0.07375      10.4114      28.8178      0.08445      0.07885      10.7087      59.0453      -0.0947      1.18462      7.1035      -37.052      0.0777      0.07816      0.07766      0.07686      0.0769      0.07824      0.07715      0.0767      0.07777      0.07824      0.07716      0.07657      0.07666      0.07805      0.07714      0.07685
      23      63      1      HE      0.03187      1.1984      1.78786      23.0436      0.0357      0.99742      7.53163      5.86432      0.11031      1.88379      8.96949      9.92089      0.01322      1.09567      5.6415      15.3781      0.07781      0.07746      0.07748      0.07553      0.07705      0.07765      0.07731      0.07536      0.07767      0.07761      0.07718      0.0751      0.07691      0.07748      0.07701      0.07531
      19      64      4      HE      -0.2161      2.57353      10.328      2.28448      0.05711      1.31947      11.5587      -3.5289      0.06956      1.48589      9.43651      26.0761      0.06056      0.68982      8.72057      15.306      0.07733      0.07719      0.07814      0.07852      0.07667      0.0775      0.07796      0.07822      0.07715      0.07753      0.07793      0.07806      0.07637      0.0774      0.07772      0.07793
      25      63      1      HE      0.10572      8.61295      1.43129      -4.0618      -0.0121      8.16358      6.3026      35.4014      0.11267      8.56469      6.23439      -22.431      -0.0033      7.71095      4.26047      -16.755      0.07759      0.07804      0.07721      0.0754      0.07683      0.07806      0.07694      0.07523      0.07747      0.078      0.07679      0.07504      0.0765      0.07784      0.07677      0.07503
      23      63      6      HE      0.14108      -6.5327      -5.4696      -74.458      0.00327      -6.3464      -2.509      -78.883      0.12761      -5.9274      -1.9426      -72.482      0.09667      -5.1796      -5.5219      -80.278      0.07618      0.07744      0.07614      0.07723      0.0761      0.07763      0.07591      0.07745      0.07613      0.07758      0.07575      0.07747      0.07594      0.07747      0.07569      0.07734
      25      63      4      HE      -0.027      -4.2189      -3.369      9.33727      0.06284      -5.5339      -0.0031      9.88038      0.03307      -5.6048      4.75547      13.6597      -0.0343      -6.0786      0.49689      4.49803      0.0767      0.077      0.07606      0.07775      0.07656      0.07738      0.07588      0.07761      0.07661      0.07726      0.07571      0.07754      0.07635      0.07727      0.07571      0.07735
      20      64      5      HE      -0.229      0.6807      0.11804      -63.329      -0.2154      0.88735      4.87502      -16.594      -0.3264      -0.2321      1.01368      -55.444      -0.2831      -0.0515      6.18725      -12.111      0.07633      0.07668      0.07646      0.07521      0.07621      0.0769      0.07616      0.07514      0.07628      0.07683      0.0762      0.07521      0.07597      0.07677      0.07604      0.07492
      21      63      6      HE      0.03546      -7.4858      -9.129      -73.182      0.09619      -7.6943      -3.9824      8.29844      0.15197      -7.0471      -2.1077      -50.415      -0.002      -7.8927      -4.2244      -28.458      0.07671      0.07625      0.07651      0.07493      0.07655      0.07648      0.07618      0.07465      0.07657      0.0763      0.07609      0.07469      0.07626      0.07629      0.07601      0.07467
      23      63      4      HE      0.00977      1.38028      -4.889      -55.783      0.07242      0.32221      6.94024      -23.079      0.14812      0.75239      6.2037      2.93624      0.08504      0.27176      1.59005      -47.712      0.07644      0.07769      0.07831      0.0769      0.07642      0.07798      0.07798      0.07664      0.0765      0.07784      0.07774      0.07626      0.07611      0.07772      0.07771      0.07616
      20      64      6      HE      -0.0295      -2.9409      -0.6472      -41.836      -0.0146      -3.0905      -2.7001      -27.662      0.12163      -2.4015      0.18779      -9.9434      0.09455      -3.0794      7.16473      -31.82      0.07625      0.07659      0.07574      0.07602      0.07606      0.0768      0.0755      0.07616      0.07612      0.07664      0.07537      0.07598      0.07577      0.07657      0.07529      0.07594
      21      63      5      HE      -0.0006      5.25685      -10.612      -78.63      0.01216      5.29559      7.20588      -73.954      0.01873      5.87933      8.04235      -57.194      0.01379      5.63439      0.45665      -61.244      0.07594      0.07597      0.07662      0.07527      0.07604      0.07608      0.07604      0.07518      0.07607      0.07596      0.07596      0.0752      0.07601      0.07585      0.07596      0.07493
      23      63      5      HE      0.00164      -0.3998      -7.1273      34.4509      -0.0051      -0.9087      1.25828      7.05718      0.04252      -1.3901      2.36151      4.62049      0.00134      -1.0583      1.9946      7.50696      0.07693      0.07916      0.07666      0.0759      0.07685      0.07913      0.07633      0.07573      0.07696      0.07904      0.07629      0.07553      0.07682      0.07904      0.07619      0.0754
      25      63      6      HE      -0.0263      -5.249      -6.0758      -25.331      -0.0001      -3.7708      -2.6749      -10.791      -0.095      -4.296      5.70931      -31.923      -0.0135      -3.9556      -3.1386      -77.696      0.07685      0.0774      0.07499      0.07598      0.07682      0.07726      0.07462      0.0758      0.07681      0.07712      0.07447      0.07584      0.07663      0.07712      0.0746      0.07601
      25      63      5      HE      -0.0978      -9.8408      -13.477      -62.74      -0.0835      -8.9133      -10.645      -46.141      -0.0867      -8.6249      -11.009      -27.172      -0.0651      -9.7145      -10.743      -43.21      0.07705      0.07775      0.07758      0.07694      0.07727      0.0775      0.07706      0.07655      0.07722      0.07738      0.07706      0.07632      0.07712      0.07746      0.07705      0.07645
      19      64      3      HE      0.09603      -9.8185      -12.958      -31.643      0.07328      -9.8037      -6.2169      -20.127      0.00909      -9.8077      -9.4171      -18.442      -0.0058      -10.426      -5.9492      12.4828      0.07631      0.07604      0.07529      0.07676      0.07639      0.07617      0.07479      0.07667      0.07641      0.07595      0.07478      0.0764      0.07623      0.07599      0.07467      0.07653
      25      63      3      HE      -0.084      -14.068      -13.754      11.3508      -0.0872      -12.42      -5.6059      -4.5834      -0.0542      -13.473      -11.964      43.066      -0.0949      -12.663      -11.525      -17.641      0.07659      0.07715      0.07752      0.07757      0.07665      0.0771      0.07721      0.07706      0.07674      0.07711      0.0773      0.07704      0.07657      0.07703      0.07713      0.0771
      19      64      2      HE      0.1327      -12.244      -11.761      -96.655      0.13425      -12.846      -4.6461      -22.306      0.08229      -13.219      1.01766      -61.944      0.13546      -12.974      -1.0864      -33.063      0.07762      0.07922      0.07797      0.07979      0.07744      0.07939      0.07741      0.0794      0.0775      0.07928      0.07721      0.07942      0.07729      0.07924      0.07717      0.07941
      20      64      3      HE      0.01008      -14.533      -13.079      2.29321      0.00066      -14.475      -9.5259      -65.077      0.02967      -14.7      -9.1968      -60.672      -0.0045      -15.487      -14.999      -5.6585      0.07781      0.07927      0.0793      0.0774      0.07752      0.0792      0.07885      0.0777      0.0777      0.07911      0.07868      0.07755      0.07745      0.07911      0.07882      0.07744
      21      63      3      HE      -0.0161      -13.609      -11.515      -10.436      -0.0109      -14.804      -5.9461      2.86858      0.03802      -13.999      -5.3585      -1.1607      -0.0113      -15.163      -2.3848      5.69321      0.07784      0.07897      0.07995      0.08036      0.07772      0.07917      0.0794      0.08054      0.07766      0.07903      0.0793      0.08029      0.0776      0.07907      0.07945      0.0802
      23      63      3      HE      -0.0171      -14.422      -19.5      22.8199      -0.0401      -14.45      -9.1413      -108.89      -0.0332      -14.052      -16.111      -48.965      0.0044      -14.767      -16.542      -62.12      0.07862      0.07872      0.07822      0.07965      0.07839      0.0788      0.0778      0.08003      0.0784      0.07882      0.07773      0.07987      0.07826      0.07878      0.07772      0.07988
      23      63      2      HE      0.22632      -14.157      -12.905      -95.572      0.22301      -13.53      -6.248      -18.263      0.08677      -14.284      -6.5972      -3.4997      0.09057      -14.011      -5.8947      -17.349      0.07769      0.0783      0.07851      0.07718      0.07746      0.07844      0.07804      0.07683      0.07754      0.0783      0.07804      0.07667      0.07743      0.07838      0.07786      0.07664
      25      63      2      HE      0.01775      -14.216      -12.389      -10.281      0.15004      -14.299      -5.3561      13.6799      0.21026      -14.629      -7.005      33.0742      0.04694      -14.864      -9.5452      32.2251      0.07776      0.07883      0.07975      0.07799      0.07757      0.07882      0.07942      0.07787      0.07753      0.07879      0.0793      0.07741      0.07748      0.07887      0.07923      0.07737
      19      65      2      HE      -0.3771      -4.4964      -2.3854      -117.36      -0.2758      -3.9746      -2.2037      -130.53      -0.3572      -4.5993      0.6611      -142.61      -0.1939      -3.8625      1.4048      -169.88      0.07592      0.07611      0.07581      0.07564      0.07613      0.07649      0.07559      0.07617      0.07594      0.07654      0.07524      0.07617      0.07586      0.07599      0.07533      0.07635
      20      65      3      HE      0.06937      -14.18      -14.316      -16.729      0.11913      -13.179      -1.1646      -19.092      0.01873      -13.684      -1.5533      -1.2829      0.06595      -14.658      -4.0601      -64.603      0.07658      0.07731      0.07756      0.07616      0.07676      0.07707      0.07714      0.07631      0.07637      0.07695      0.07711      0.07639      0.07641      0.07727      0.07698      0.07628
      21      65      3      HE      0.0381      -12.26      -15.946      -118.45      -0.0207      -10.463      -13.446      -166.6      -0.0254      -11.442      -14.726      -152.61      0.06511      -11.067      -13.871      -178.33      0.07512      0.07654      0.07637      0.07646      0.07529      0.07638      0.07628      0.0769      0.07498      0.0764      0.07601      0.07696      0.07507      0.07635      0.07602      0.07688
      23      65      3      HE      -0.0376      -13.45      -9.6562      -58.424      0.08444      -13.447      -6.5821      -124.07      -0.0027      -12.68      -4.5335      -197.12      -0.0446      -13.803      -3.157      -216.36      0.07612      0.07733      0.07721      0.07843      0.07648      0.07735      0.07682      0.07905      0.07612      0.07711      0.07676      0.07944      0.07633      0.07702      0.07676      0.07948
      23      65      2      HE      0.17086      -6.6562      -4.4183      -29.241      0.15851      -6.9655      -4.6375      -102.57      0.13806      -5.8293      -2.1961      -142.49      0.19879      -7.7699      -3.7091      -72.413      0.07563      0.07622      0.0756      0.0789      0.07567      0.07635      0.07526      0.07907      0.07546      0.07581      0.07523      0.07918      0.07536      0.07631      0.07495      0.07885
      25      65      2      HE      0.1854      -5.1752      -2.9905      10.1573      0.11727      -3.54      -0.2862      0.72237      0.04231      -5.2416      -2.2913      -22.342      0.09092      -5.8301      -3.8612      -39.12      0.07615      0.07794      0.07613      0.07674      0.07628      0.07766      0.076      0.07701      0.07602      0.07789      0.07593      0.07704      0.07611      0.07801      0.07594      0.07675
      23      65      6      HE      0.21173      -0.1763      -5.2044      -54.851      0.20347      -0.6078      -0.8543      -25.373      0.09381      -0.6366      -0.2364      -46.016      0.17959      -0.5039      -2.7213      2.95146      0.07714      0.07842      0.0763      0.07671      0.07737      0.07872      0.07599      0.07671      0.07681      0.07832      0.07588      0.07637      0.07694      0.0784      0.07574      0.07622
      23      65      5      HE      0.09979      -2.1639      8.09068      63.1228      0.1489      -1.4865      6.15402      38.3838      -0.0101      -1.9781      -1.4726      1.38341      0.0784      -2.0429      2.48287      48.6849      0.07977      0.07903      0.07622      0.0766      0.08007      0.07892      0.07613      0.0772      0.07947      0.07884      0.07609      0.07692      0.07951      0.07876      0.076      0.07676
      25      65      5      HE      0.06934      0.30199      2.6266      44.1525      0.04259      1.70741      11.0266      -22.684      0.06495      0.52235      5.22172      4.4285      0.12895      1.68691      5.91315      -6.4481      0.0767      0.07698      0.07691      0.0756      0.07691      0.07653      0.07653      0.07579      0.07634      0.07663      0.07663      0.07569      0.07644      0.07641      0.07634      0.07544
      25      65      6      HE      -0.0257      -0.6033      -2.0471      10.9214      0.00514      -0.7708      -0.5797      -4.3842      -0.0305      -1.2115      2.22718      -56.518      0.01713      -0.2194      3.12015      -52.605      0.07821      0.07791      0.07752      0.07987      0.07861      0.07797      0.07717      0.08036      0.07791      0.07789      0.07709      0.08026      0.07798      0.07775      0.07699      0.08002
      19      65      3      HE      0.20742      -2.8066      -5.3665      -7.9739      0.17746      -2.0139      1.58518      -24.692      0.05353      -2.4661      0.58021      -71.522      -0.1393      -2.9718      -3.2124      -62.706      0.07783      0.07917      0.07724      0.07805      0.07812      0.0789      0.07718      0.07828      0.07728      0.07892      0.07707      0.07816      0.07743      0.07883      0.07685      0.07808
      25      65      3      HE      0.15698      -1.1688      3.6581      13.4715      0.1175      -0.4115      2.92839      15.0121      0.06523      -1.4478      1.87525      -42.964      0.0772      -1.4388      7.25751      -71.902      0.07716      0.07769      0.0785      0.07731      0.07753      0.07785      0.07829      0.07762      0.0767      0.07755      0.07815      0.07742      0.07691      0.07733      0.0781      0.07748
      19      65      5      HE      -0.1973      -2.8652      8.09181      -51.732      -0.2737      -2.6695      3.29034      -61.797      -0.2023      -2.6884      5.66646      -4.3729      -0.2277      -2.7943      0.07698      8.18112      0.07602      0.0756      0.07393      0.07414      0.07599      0.07553      0.07368      0.07441      0.07572      0.07545      0.07358      0.07421      0.07564      0.07543      0.07363      0.07399
      25      65      4      HE      -0.0151      -13.126      -8.8929      21.7381      0.0488      -12.256      -8.4397      73.5519      0.01232      -12.907      -17.199      111.225      0.01909      -12.414      -12.423      -2.731      0.0766      0.07665      0.07698      0.07639      0.07647      0.0763      0.07687      0.07603      0.07641      0.07614      0.07691      0.07577      0.07618      0.07606      0.07681      0.07626
      20      65      6      HE      0.08115      -9.2814      -8.0556      16.6361      0.01348      -9.8844      -3.0986      88.2472      0.02796      -10.384      -1.2616      42.8501      0.07937      -9.1635      0.12591      21.7103      0.07603      0.0761      0.07537      0.07527      0.07614      0.07593      0.07508      0.07498      0.0758      0.07598      0.07482      0.07484      0.07581      0.07577      0.07467      0.07494
      20      65      5      HE      0.06183      -11.613      -11.198      30.7989      0.04739      -10.542      -6.4477      35.2042      0.04011      -12.257      -2.2126      -22.308      0.01194      -11.026      -3.2083      26.1933      0.07558      0.07549      0.07497      0.07707      0.07573      0.07534      0.0748      0.07711      0.07542      0.07546      0.07455      0.07724      0.07548      0.07528      0.0745      0.077
      21      65      5      HE      0.07497      -6.3827      -7.6644      -17.39      0.11528      -5.8085      -2.9162      -87.685      0.11649      -6.5082      -4.5708      -86.327      0.11884      -5.8461      -7.3081      -12.895      0.07541      0.07698      0.07638      0.07535      0.07539      0.07687      0.07625      0.07558      0.07519      0.07695      0.07603      0.07551      0.07507      0.07681      0.07599      0.07546
      21      65      6      HE      0.09236      -6.4295      -6.7501      -72.97      0.05615      -4.7589      -8.0027      -29.57      0.20949      -5.2745      -11.968      -66.325      0.08342      -4.8862      -10.835      -53.634      0.07625      0.07688      0.07635      0.07779      0.07629      0.07667      0.07608      0.07752      0.07608      0.07649      0.0762      0.07758      0.07595      0.07645      0.07616      0.07738
      19      65      1      HE      0.15487      -4.4346      -6.4751      -58.142      0.19206      -3.9049      -1.5019      -97.86      0.09341      -3.0137      -3.2354      -41.107      0.15119      -3.8607      -5.2656      -64.526      0.07776      0.07871      0.07575      0.07886      0.07781      0.07874      0.07548      0.07887      0.07773      0.07851      0.07549      0.07886      0.07759      0.07852      0.07547      0.07874
      20      65      1      HE      -0.0042      -9.1554      -3.0407      -24.545      0.02402      -6.6107      -4.5355      -55.535      -0.067      -8.0345      -2.2089      -90.148      0.00538      -8.4906      -2.37      -51.252      0.07837      0.0788      0.07794      0.07845      0.07837      0.07837      0.07752      0.07877      0.07827      0.07853      0.07749      0.0788      0.07798      0.07844      0.07739      0.07888
      21      65      1      HE      0.00919      -7.0983      -2.9662      13.3491      0.07217      -6.5403      -2.0888      43.2802      0.09476      -7.1518      5.67376      20.5349      -0.0131      -6.2737      4.60199      13.8022      0.07887      0.07911      0.07909      0.08031      0.0788      0.07916      0.07859      0.08011      0.07874      0.07909      0.07857      0.08017      0.07847      0.07907      0.07854      0.08012
      23      65      1      HE      -0.0274      -7.934      -4.5558      -19.682      0.06914      -6.6265      -2.8121      -1.851      -0.0106      -6.6038      -0.6651      29.2181      -0.1013      -7.8592      1.74749      55.32      0.07894      0.08068      0.07817      0.07934      0.07909      0.08044      0.07762      0.07908      0.07888      0.08025      0.07752      0.07895      0.07862      0.08033      0.07762      0.07866
      19      65      4      HE      0.04072      -7.4575      -1.5838      -10.845      0.23272      -6.8327      2.13628      -9.2961      0.13858      -7.1969      -3.5961      -9.9904      -0.0377      -7.084      -1.2223      -10.963      0.07796      0.0796      0.07957      0.07847      0.07811      0.07958      0.07951      0.07826      0.0779      0.07956      0.07946      0.07813      0.07763      0.07946      0.07928      0.07809
      25      65      1      HE      0.0525      -8.8188      -8.2615      -24.209      0.10666      -9.1976      -15.312      -48.577      0.01296      -8.4124      -9.6727      -37.719      -0.0026      -8.2621      -8.4662      -45.511      0.07866      0.0807      0.08068      0.07874      0.07878      0.0808      0.08067      0.07889      0.07858      0.08045      0.0806      0.07891      0.07832      0.08041      0.0806      0.07885
      19      65      6      HE      0.16583      -7.8423      -10.164      -46.107      0.04219      -8.3287      -9.038      -71.099      0.17102      -7.8055      -9.7908      -67.711      0.12501      -8.2932      -11.604      -60.56      0.079      0.08064      0.08063      0.0787      0.07916      0.08041      0.08035      0.07892      0.07863      0.08028      0.08036      0.07886      0.07862      0.08033      0.0803      0.07871
      23      65      4      HE      0.04624      -8.643      -3.3856      -24      0.17607      -7.8515      -4.1298      72.8835      0.13125      -10.502      -3.8752      35.4777      -0.0429      -8.9317      -0.2781      2.36335      0.0785      0.07847      0.07995      0.07816      0.0784      0.07842      0.07973      0.07763      0.07819      0.07862      0.0796      0.07781      0.07801      0.07843      0.07946      0.07783
      21      65      2      HE      0.08625      -8.011      -6.8497      -29.24      -0.0754      -7.1825      -4.4252      57.4549      0.02045      -7.6293      -1.5011      8.81732      -0.0009      -7.7008      -2.2822      61.9171      0.07854      0.07853      0.07949      0.07828      0.07871      0.07837      0.07929      0.07796      0.07851      0.07825      0.07897      0.07805      0.07847      0.07824      0.079      0.07779
      20      65      2      HE      0.16089      -4.3852      1.34156      -67.823      0.12776      -4.3274      6.12557      -49.053      0.07724      -4.42      5.12619      -102.09      0.11422      -5.3253      6.36596      -40.498      0.07861      0.07829      0.07895      0.07679      0.07871      0.07818      0.07848      0.07714      0.07868      0.07811      0.07848      0.07677      0.07835      0.07794      0.07824      0.07661
      21      65      4      HE      0.22475      -10.284      -10.012      -25.365      0.15255      -8.0336      -9.2497      -89.695      0.29433      -8.7795      -8.463      -69.721      0.21614      -8.5706      -3.6896      -72.79      0.0789      0.0803      0.07903      0.07858      0.07882      0.07981      0.0785      0.07913      0.07859      0.07959      0.07835      0.07894      0.07845      0.07962      0.07815      0.07901
      20      65      4      HE      0.14346      -10.149      -3.8057      -4.2987      -0.0436      -9.5947      0.99326      -9.2825      0.00254      -9.213      0.80816      -14.734      0.08784      -8.7192      -2.7194      17.8454      0.07865      0.07803      0.07958      0.07795      0.07856      0.07777      0.07925      0.07783      0.07866      0.07771      0.07924      0.07807      0.07808      0.07758      0.07901      0.07749
      19      66      5      HE      0.02052      1.17802      2.96695      -22.937      0.06938      1.65445      3.50412      -61.308      -0.0407      1.30824      5.91679      -34.107      -0.0183      1.08294      7.09265      -61.925      0.0778      0.07918      0.07862      0.07946      0.07765      0.07902      0.07833      0.07938      0.07768      0.07892      0.0781      0.07925      0.07765      0.07893      0.0781      0.07925
      19      66      6      HE      0.00341      4.24847      4.63846      -36.769      -0.0746      5.7122      8.11085      -30.037      0.01748      5.82822      11.9681      -18.762      0.01464      5.66038      8.83324      12.3212      0.07814      0.07881      0.0795      0.07865      0.07809      0.0785      0.0792      0.07844      0.07815      0.07846      0.07883      0.07839      0.07805      0.07834      0.07875      0.07819
      22      65      2      HE      -0.0474      8.37877      14.3025      51.8894      -0.0193      8.22295      9.16973      64.5574      -0.0189      7.39277      14.7697      79.7718      -0.0328      7.33137      14.8626      54.0771      0.07796      0.07855      0.07863      0.0795      0.07796      0.07866      0.07847      0.07966      0.07796      0.07874      0.07817      0.07928      0.07802      0.0786      0.07813      0.07928
      20      66      2      HE      0.08132      -1.9103      0.00233      -75.571      0.03243      -1.8429      8.17134      132.464      0.09611      -1.0724      2.73878      49.9654      0.11143      -1.0808      1.46352      23.7823      0.07829      0.08021      0.0792      0.07932      0.07818      0.07991      0.07845      0.07829      0.07815      0.07974      0.07835      0.07846      0.07813      0.0796      0.07824      0.07832
      22      65      4      HE      0.13439      -4.7916      -2.917      -67.205      0.03923      -4.1      1.42989      18.8258      -0.0121      -4.5678      2.03778      35.0163      0.12406      -3.4761      2.85123      -11.599      0.07841      0.07856      0.07805      0.07675      0.07833      0.07854      0.07751      0.07613      0.07832      0.07842      0.07728      0.07561      0.07829      0.07836      0.07725      0.07574
      20      66      4      HE      -0.1028      3.56336      11.7247      77.0731      -0.0715      4.0718      7.44006      31.6368      -0.0348      3.94992      7.84515      59.3793      -0.06      4.45384      14.7694      15.3037      0.07808      0.08028      0.07833      0.07965      0.07788      0.08019      0.07815      0.07946      0.07793      0.08007      0.07812      0.07946      0.07788      0.07982      0.07797      0.0792
      19      66      1      HE      -0.1009      4.00592      6.45103      -24.481      -0.0461      3.84228      9.36969      -45.496      0.0366      3.93377      6.57727      -80.956      -0.0002      4.12897      7.0854      2.66358      0.07803      0.0786      0.07838      0.08007      0.07787      0.07877      0.07821      0.08042      0.07793      0.07853      0.07807      0.08025      0.07795      0.07808      0.07806      0.0802
      20      66      1      HE      -0.2208      -1.2911      2.16367      80.2116      -0.1266      -1.327      9.81213      2.83279      -0.2649      -2.6223      6.06366      81.2104      -0.1914      -2.0697      6.38402      11.56      0.07799      0.07898      0.0794      0.07874      0.07788      0.07903      0.0791      0.07904      0.07783      0.0791      0.07915      0.07877      0.07786      0.07891      0.07883      0.0788
      22      65      1      HE      0.10653      -2.7226      2.94484      -8.3339      0.07779      -1.6431      1.74068      8.26844      0.14723      -1.2996      1.24145      -25.203      0.11092      -2.253      1.93607      -10.351      0.07933      0.08004      0.07811      0.08089      0.07932      0.07969      0.07784      0.08068      0.07914      0.07942      0.07751      0.08061      0.07926      0.07952      0.07744      0.08061
      24      65      1      HE      0.11554      7.14005      7.03175      14.9573      0.10111      6.39476      8.88011      64.1493      0.14368      7.58833      12.5386      5.17057      0.10114      6.52683      15.9317      49.2896      0.07844      0.07881      0.07963      0.07746      0.07842      0.07892      0.07929      0.077      0.07835      0.07869      0.07943      0.07705      0.07827      0.07863      0.07898      0.0772
      19      66      4      HE      0.08846      10.4142      16.0482      57.6899      0.06487      10.5851      20.8203      62.3308      0.06314      10.2959      18.5074      77.7998      0.05614      10.1663      18.5798      41.7536      0.07814      0.07699      0.07684      0.07821      0.07817      0.07693      0.07663      0.0781      0.07804      0.07653      0.07648      0.07801      0.07811      0.07658      0.07654      0.07812
      26      65      1      HE      -0.0147      0.33487      5.88596      31.8973      -0.0087      0.84423      7.00789      -3.6617      -0.0154      0.68328      7.38732      22.9805      -0.0184      1.30749      6.54258      26.5466      0.07894      0.07814      0.07829      0.0763      0.07883      0.07803      0.07804      0.0764      0.07877      0.07791      0.0779      0.07637      0.07876      0.07794      0.07793      0.07605
      24      65      6      HE      0.19748      2.95584      -0.7996      -20.209      0.00124      3.91236      8.53509      -8.7953      0.05845      3.41298      8.09886      -8.7292      -0.0185      2.64169      8.10157      -10.404      0.07675      0.07772      0.07522      0.07562      0.07675      0.07749      0.07451      0.07559      0.07661      0.07741      0.07449      0.07542      0.07661      0.07744      0.07449      0.07554
      26      65      4      HE      0.11189      -2.1475      -3.4935      19.8105      0.07388      -1.6797      7.5915      89.4436      0.04681      -1.3397      2.35966      94.5565      0.09816      -1.541      5.08943      101.179      0.07655      0.07707      0.07654      0.07489      0.07651      0.07695      0.07612      0.07414      0.07624      0.07654      0.07614      0.07402      0.07641      0.07673      0.07613      0.07403
      20      66      5      HE      0.11883      2.93309      8.48974      26.5022      0.14541      3.4192      8.32601      5.35952      -0.011      3.25055      7.00445      39.2635      0.04572      2.38333      6.62121      -81.947      0.07581      0.07693      0.07782      0.07755      0.07587      0.07702      0.07765      0.07777      0.07555      0.07696      0.07731      0.07748      0.07575      0.077      0.07731      0.07762
      22      65      6      HE      0.05808      -3.7229      -4.7385      -52.083      0.14692      -3.1991      -4.6505      -17.642      0.05133      -2.919      -3.7998      -6.964      0.09484      -4.2556      -6.1741      -11.756      0.07705      0.07607      0.07707      0.07602      0.07705      0.07577      0.07679      0.07602      0.07686      0.07567      0.07667      0.07574      0.07697      0.07577      0.0767      0.07592
      24      65      4      HE      -0.0365      2.82172      6.41754      57.5384      0.11089      3.67374      12.5718      109.38      -0.0901      3.79235      5.31004      30.2498      -0.027      3.10536      8.8467      99.7705      0.07728      0.07791      0.07723      0.07656      0.07737      0.07767      0.07687      0.07627      0.07703      0.07755      0.07686      0.07614      0.07717      0.07755      0.07691      0.07617
      20      66      6      HE      -0.0279      -6.9942      -7.4787      46.2467      -0.0046      -6.6865      -5.084      24.4562      0.07965      -6.636      -3.8119      44.1175      -0.0067      -6.7114      2.65815      32.6954      0.07707      0.07756      0.07732      0.07732      0.0769      0.07747      0.0769      0.07765      0.07656      0.07731      0.07692      0.07732      0.07677      0.07723      0.07688      0.07748
      22      65      5      HE      -0.1056      -13.157      -18.838      -115.47      0.02139      -12.097      -18.55      -88.448      0.04205      -13.945      -18.805      -87.377      0.11725      -13.402      -17.769      -80.856      0.0768      0.07815      0.07722      0.07712      0.07715      0.07791      0.07705      0.07736      0.07662      0.07799      0.07699      0.07706      0.07704      0.07797      0.07688      0.07699
      24      65      5      HE      0.07804      -13.459      -14.656      -48.672      0.07009      -12.988      -12.343      -6.5242      0.06116      -13.095      -12.851      -40.32      0.1252      -12.662      -14.47      10.2289      0.07739      0.0775      0.07694      0.07857      0.07757      0.07732      0.07686      0.07831      0.07723      0.07716      0.07686      0.07823      0.07747      0.07718      0.07647      0.07812
      26      65      6      HE      0.05498      -12.554      -16.865      -67.957      0.01285      -10.789      -6.9503      -28.306      0.01527      -11.329      -7.4577      -18.989      0.08508      -11.113      -11.046      -21.366      0.07802      0.0789      0.07942      0.07678      0.07809      0.07871      0.07871      0.07642      0.07781      0.07878      0.07881      0.0764      0.07804      0.07872      0.07867      0.07601
      26      65      5      HE      0.19211      -14.226      -18.111      -26.961      0.20779      -13.758      -7.7351      113.312      0.17369      -14.095      -5.047      30.7255      0.21191      -13.855      -9.7664      104.656      0.07769      0.07763      0.07839      0.07696      0.07789      0.07777      0.07774      0.07621      0.07756      0.07771      0.07761      0.07648      0.07781      0.07758      0.07771      0.07611
      19      66      3      HE      -0.1269      -13.345      -10.776      -7.7967      -0.0553      -12.974      -16.097      19.1442      -0.0947      -13.801      -8.934      16.9238      -0.0415      -13.553      -17.594      13.2784      0.07756      0.07822      0.07703      0.07802      0.07779      0.07828      0.07692      0.07778      0.07755      0.07822      0.07686      0.07787      0.07774      0.07811      0.0768      0.07757
      26      65      3      HE      0.10451      -11.567      -14.896      -31.224      0.09387      -10.997      -11.881      -4.2997      0.06979      -10.704      -14.015      -25.662      0.14741      -10.801      -13.581      -22.177      0.07753      0.0779      0.0768      0.07616      0.07775      0.07775      0.07688      0.07591      0.07746      0.07748      0.07674      0.07579      0.07765      0.07743      0.07663      0.07542
      19      66      2      HE      -0.5375      -7.7619      -13.774      -98.584      0.12001      -4.8677      -8.6431      -82.244      -0.4788      -6.5116      -3.8878      -82.681      -0.3403      -6.3554      -7.9938      -67.572      0.07802      0.07854      0.07665      0.08024      0.07796      0.07852      0.07635      0.08029      0.07767      0.07827      0.07603      0.07998      0.07794      0.07836      0.07609      0.07986
      20      66      3      HE      -0.2762      0.02896      -5.6473      -8.902      -0.3959      -1.059      -1.0193      -51.084      -0.2817      -0.2987      -0.6433      -3.8961      -0.2999      -0.4389      -1.3342      -11.04      0.07726      0.07745      0.07865      0.07808      0.07714      0.07771      0.07836      0.07821      0.07701      0.07757      0.07827      0.07819      0.07709      0.07749      0.07802      0.07794
      22      65      3      HE      0.05032      -6.6736      -13.24      -49.672      0.04188      -7.5119      -9.7737      -70.987      0.05084      -7.1299      -13.365      -78.123      0.02529      -6.8313      -7.9889      -87.933      0.07796      0.07742      0.07707      0.07767      0.07784      0.07773      0.07699      0.07765      0.07785      0.07762      0.07683      0.0776      0.07781      0.07755      0.07676      0.07742
      24      65      3      HE      -0.3186      2.6569      5.46511      46.193      -0.3519      1.77222      7.89735      62.8605      -0.3264      2.84622      9.03193      10.3545      -0.3538      2.26846      11.6423      16.2873      0.07718      0.07889      0.07775      0.07655      0.0771      0.07916      0.07743      0.07636      0.07699      0.07893      0.07732      0.0765      0.07695      0.079      0.07717      0.07636
      24      65      2      HE      0.17231      -1.1833      0.99386      9.96175      0.15569      -0.5427      6.97672      20.2143      0.17193      -1.2213      1.67986      20.0538      0.14696      -0.9817      4.95887      31.7774      0.077      0.07858      0.07837      0.07497      0.07691      0.07864      0.07817      0.07506      0.07686      0.07857      0.07806      0.07487      0.07681      0.0785      0.07798      0.07484
      26      65      2      HE      0.13657      5.56867      5.82393      -21.73      0.14917      6.12326      11.615      -24.569      0.09609      4.85791      5.04515      -32.971      0.14528      5.2563      11.8366      -11.203      0.07791      0.0775      0.07885      0.07628      0.07775      0.07765      0.07849      0.07618      0.07774      0.07748      0.07855      0.07592      0.07761      0.07732      0.07832      0.0759
