#Linking QIE11 condition constant table...
#Printing QIE11 condition constant table! ShuntMode : 2
      29      63      1      HE      0.19605      -0.2662      -4.7508      -161.47      -0.1407      -0.9284      -3.3213      -32.946      0.03138      0.11802      15.0356      -64.166      -0.1312      -0.4915      -1.6523      -0.0386      0.1552      0.15618      0.15618      0.15427      0.15443      0.15652      0.15539      0.15289      0.15498      0.15623      0.15493      0.15324      0.15424      0.1559      0.15453      0.15239
      28      63      1      HE      -0.1896      0.42796      -8.8249      -23.102      -0.5852      0.4173      -1.138      -5.8109      -0.6354      -0.16      1.55917      14.9021      0.24092      1.11128      3.473      13.7497      0.15585      0.15727      0.15589      0.15227      0.1554      0.15752      0.15542      0.15204      0.15556      0.15706      0.15531      0.15184      0.15491      0.15693      0.15511      0.15167
      18      63      2      HE      -0.1218      10.0448      9.27732      40.0612      -0.2607      9.67335      19.2173      15.4258      -0.0793      10.5338      21.6542      23.3786      0.00952      9.84932      18.5303      1.46085      0.1561      0.15409      0.15268      0.15121      0.15572      0.15409      0.15229      0.15067      0.15619      0.1538      0.15246      0.15056      0.15548      0.15379      0.15169      0.15075
      17      63      2      HE      0.23875      17.6388      11.8482      -75.261      0.26439      20.8192      24.3606      -89.454      0.23602      20.261      33.2025      -126.15      0.36161      20.4915      24.3837      -93.09      0.15572      0.15585      0.15518      0.15165      0.15527      0.15572      0.15458      0.15257      0.15559      0.15575      0.15437      0.15234      0.15498      0.15552      0.15412      0.15166
      16      63      4      HE      0.13269      9.58745      7.3088      -19.814      0.02726      8.13946      14.708      -38.472      0.15116      9.21111      6.96725      -95.417      -0.0395      9.18683      15.0903      -60.451      0.15498      0.15653      0.15226      0.1513      0.15476      0.15688      0.15199      0.15152      0.15496      0.15625      0.15202      0.15156      0.15449      0.1559      0.15154      0.15149
      29      63      2      HE      0.12444      -1.7306      -6.4854      -156.09      -0.1156      -0.3438      -7.8252      -137.92      -0.0354      0.0445      -9.9265      -164.69      -0.1529      -1.4706      -3.5879      -246.61      0.15558      0.15719      0.15698      0.15576      0.15539      0.15718      0.15659      0.15573      0.15546      0.15708      0.15655      0.15544      0.1548      0.15678      0.15616      0.15534
      28      63      2      HE      -0.1119      3.81638      5.18773      -106.94      -0.0804      4.56754      20.4546      -65.479      -0.289      5.27221      12.2698      -71.501      -0.0957      3.6612      5.7482      -50.955      0.15473      0.15637      0.15636      0.15776      0.15452      0.15668      0.15579      0.15718      0.15477      0.15676      0.15544      0.15725      0.15508      0.15631      0.1556      0.15754
      28      63      5      HE      -0.289      -8.0527      -25.911      -172.97      -0.3388      -6.4369      -7.4012      -156.05      -0.2615      -9.4487      -6.2322      -53.185      -0.4738      -7.5879      -12.992      -110.76      0.15524      0.15628      0.15338      0.15396      0.15529      0.15643      0.15262      0.15401      0.15529      0.1563      0.1524      0.15363      0.15563      0.15599      0.15226      0.15384
      28      63      3      HE      0.11702      -8.2658      -5.0112      -35.683      0.17796      -7.8785      11.6195      77.4024      0.1392      -6.798      13.5699      71.5075      0.15508      -8.5616      16.215      73.2647      0.15536      0.15568      0.15565      0.15634      0.1556      0.15615      0.15455      0.15563      0.15522      0.15594      0.15419      0.1556      0.15581      0.1559      0.15379      0.15551
      28      63      7      HE      0.06574      8.63181      13.5057      26.8583      0.08851      8.93815      11.5886      46.829      0.02014      6.46439      6.44769      18.0377      0.11764      6.84403      23.6235      9.84028      0.15618      0.15533      0.15562      0.15491      0.15627      0.15651      0.15484      0.15497      0.1559      0.15627      0.15495      0.1544      0.15655      0.15616      0.15459      0.15428
      26      63      7      HE      -0.1415      16.1153      0.14742      -142.84      0.12518      15.2082      2.26853      -207.06      0.02523      14.8311      2.59039      -106.2      0.11913      14.3244      15.3142      -178.38      0.15519      0.15357      0.15228      0.15211      0.15536      0.15452      0.15146      0.15213      0.15506      0.15418      0.15138      0.15166      0.1556      0.15399      0.15121      0.15178
      28      63      6      HE      -0.2034      -2.0806      -17.483      -60.739      -0.0855      -1.7781      -7.7515      -92.029      -0.1713      -0.9126      -16.642      -140.78      -0.0836      -1.7025      -2.3143      0.58132      0.15585      0.15482      0.15652      0.15572      0.15604      0.1551      0.15638      0.1559      0.15543      0.1549      0.15559      0.15559      0.15628      0.15488      0.15581      0.15525
      18      63      3      HE      -0.1097      -26.465      -48.295      -259.01      0.2338      -27.216      -36.164      -104.61      0.28899      -26.876      -41.051      -198.19      0.15029      -25.315      -47.676      -12.613      0.15798      0.15562      0.15233      0.15315      0.15796      0.15584      0.15151      0.15236      0.15751      0.15533      0.15115      0.15261      0.15788      0.15535      0.15074      0.15152
      28      63      4      HE      0.14833      -29.709      -26.159      -41.982      0.1444      -28.043      -22.711      -77.495      -0.6738      -29.57      -15.452      -86.568      0.15213      -27.909      -15.077      -78.889      0.15579      0.15406      0.15479      0.1516      0.15557      0.15408      0.15422      0.15136      0.15557      0.15353      0.1538      0.15125      0.15526      0.15353      0.15382      0.15117
      17      63      3      HE      0.16503      -26.008      -41.537      -98.198      0.04392      -23.716      -11.946      -95.036      0.3048      -23.075      -42.458      -99.179      0.15508      -23.519      -29.839      -99.961      0.15618      0.15564      0.15531      0.15433      0.15576      0.15482      0.15419      0.15316      0.15617      0.15468      0.1545      0.15353      0.15578      0.15459      0.15425      0.1534
      18      63      5      HE      0.27081      -26.41      -30.497      -99.613      0.05267      -26.305      -15.75      -15.522      0.12171      -26.494      -15.02      -22.641      0.00768      -25.392      -16.91      -20.063      0.15581      0.15464      0.1578      0.15741      0.1557      0.15458      0.15682      0.15637      0.15605      0.1544      0.15653      0.15672      0.15555      0.15387      0.15634      0.1563
      18      63      1      HE      -0.0833      -27.754      -50.599      20.4252      -0.0115      -27.765      -30.804      104.924      0.02205      -25.958      -39.186      103.821      0.02659      -25.764      -37.177      167.904      0.15465      0.15911      0.15642      0.15465      0.15472      0.15911      0.15527      0.15403      0.15506      0.15889      0.15546      0.15364      0.15441      0.15825      0.15517      0.1534
      18      63      4      HE      0.32336      -23.189      -20.692      18.6871      0.21231      -22.591      -8.3121      36.9528      0.22313      -20.704      -8.5806      60.6094      0.14216      -22.074      -18.86      -104.95      0.15689      0.15718      0.15659      0.15867      0.15656      0.15673      0.15623      0.15869      0.15679      0.15649      0.1559      0.15835      0.15637      0.1562      0.15571      0.1586
      18      64      1      HE      0.14188      5.81492      14.9523      -64.665      -0.1155      4.74225      18.5676      -0.4535      0.16482      4.68983      18.3821      64.0107      -0.0357      3.6947      16.1817      31.6118      0.15447      0.15539      0.15749      0.1569      0.15386      0.1558      0.15633      0.15654      0.15363      0.15561      0.15604      0.15529      0.15378      0.15578      0.15597      0.15629
      18      64      4      HE      0.29402      7.02781      14.4566      -111.93      0.08293      6.85828      27.8363      14.2666      0.23713      7.85087      27.7429      2.03967      0.28624      5.44619      30.8707      -30.277      0.15358      0.15424      0.15566      0.1552      0.15275      0.15421      0.15474      0.15532      0.15303      0.15413      0.15449      0.15501      0.15277      0.1543      0.15432      0.15477
      18      64      5      HE      0.23032      -3.6983      11.6744      72.3828      0.04146      -4.1856      16.5274      73.1751      0.21696      -3.2984      1.9613      65.265      0.12102      -5.0798      10.2558      116.048      0.15329      0.15601      0.15687      0.15627      0.15252      0.15639      0.15614      0.15564      0.15283      0.1562      0.15639      0.15533      0.15277      0.15613      0.15608      0.15507
      17      64      3      HE      0.26152      -3.2769      11.8732      101.579      0.20615      -2.8974      4.55904      186.039      0.43632      -3.6216      8.28639      131.436      0.3156      -3.2226      21.8592      0.10287      0.15449      0.15509      0.15414      0.15276      0.15382      0.15521      0.15333      0.15243      0.15427      0.15518      0.15331      0.15247      0.15397      0.15509      0.15322      0.15235
      27      63      4      HE      -0.4933      14.3652      19.3765      96.2866      0.19689      16.0888      31.6982      177.239      -0.5002      14.3696      30.2637      163.049      0.19354      13.8213      30.5752      172.002      0.15378      0.15621      0.15496      0.15395      0.15343      0.15668      0.15423      0.1531      0.15356      0.15641      0.15392      0.1529      0.15341      0.15613      0.15375      0.15319
      18      64      3      HE      0.28315      2.39885      4.14648      63.4023      0.29601      2.9288      17.9868      28.312      0.3349      1.88499      13.3203      71.3138      0.35948      4.74987      16.9042      52.9835      0.15524      0.15751      0.1542      0.15499      0.15481      0.15752      0.15346      0.15569      0.15483      0.15738      0.15331      0.15498      0.15481      0.1571      0.15308      0.15521
      27      63      7      HE      0.09364      -38.415      -59.466      -184.6      0.23597      -36.916      -45.27      -126.65      0.29436      -36.586      -43.468      -125.77      0.18328      -36.285      -42.802      -187.68      0.15793      0.16234      0.15676      0.15407      0.15791      0.16187      0.15541      0.15314      0.15728      0.16145      0.15513      0.15307      0.15772      0.16159      0.15522      0.15319
      27      63      3      HE      -0.0257      -18.594      -31.462      -49.731      0.22066      -18.425      -23.87      81.3324      -0.0077      -18.563      -21.698      -55.442      0.05859      -19.727      -10.457      -75.073      0.15359      0.15329      0.15327      0.15425      0.15351      0.15363      0.15245      0.1536      0.15356      0.15341      0.15222      0.15418      0.15338      0.15365      0.15211      0.15423
      27      63      5      HE      0.15265      -8.2069      -18.113      -87.153      0.06107      -10.37      -8.0315      96.9317      0.17799      -8.7981      -6.3323      -44.288      0.04071      -10.723      -7.9184      -12.861      0.15456      0.15635      0.15657      0.15505      0.15441      0.15689      0.15512      0.15407      0.15435      0.15654      0.15459      0.1543      0.15414      0.15634      0.15469      0.15403
      27      63      6      HE      0.0635      -11.818      -8.6615      -111.53      -0.066      -11.463      -3.1058      -123.24      -0.038      -10.293      -16.212      -76.745      0.00395      -13.368      -6.5429      -175.67      0.15598      0.15778      0.15545      0.15121      0.15597      0.15819      0.15474      0.15119      0.15611      0.15798      0.15462      0.15096      0.15567      0.15782      0.1546      0.15095
      29      63      3      HE      0.0937      -8.4549      -17.205      -49.282      0.07168      -6.1559      4.84853      150.813      0.1529      -5.6793      9.13444      -16.754      0.09767      -7.5836      -4.1248      28.6014      0.15277      0.15437      0.15209      0.14934      0.15255      0.15342      0.151      0.14868      0.15279      0.15328      0.15084      0.14914      0.15252      0.15333      0.15088      0.14887
      27      63      1      HE      0.3671      -25.639      -17.093      83.2611      0.14347      -28.039      -5.0361      46.4739      0.3052      -28.615      -14.475      88.4238      0.32091      -27.359      -11.941      134.411      0.15546      0.15465      0.15481      0.15692      0.15507      0.15549      0.15418      0.15726      0.15458      0.15498      0.154      0.15624      0.155      0.15499      0.15376      0.15609
      18      64      2      HE      0.08265      -25.793      -21.351      -7.6015      -0.1907      -27.38      -16.726      -65.618      0.0328      -27.247      -20.185      -99.009      0.05118      -29.305      -18.163      6.18179      0.15501      0.1555      0.15268      0.15353      0.1546      0.15582      0.15223      0.15372      0.15448      0.15545      0.15211      0.15356      0.15422      0.15535      0.15202      0.15292
      17      64      2      HE      0.29387      -30.623      -41.883      -148.8      0.18041      -31.379      -28.249      -184.39      0.20209      -32.592      -29.004      -165.76      0.01144      -33.866      -31.692      -150.15      0.1537      0.1532      0.15519      0.15636      0.15309      0.15375      0.15469      0.15603      0.15271      0.15346      0.15452      0.1554      0.15306      0.15362      0.15434      0.15581
      16      64      4      HE      0.32602      -25.573      -29.847      -39.549      -0.0749      -28.088      -18.318      -41.993      0.23707      -28.292      -22.012      -44.089      -0.0008      -27.912      -14.447      -9.4801      0.15421      0.15529      0.15311      0.15198      0.15345      0.15622      0.15259      0.15125      0.15348      0.15577      0.1521      0.15104      0.15336      0.15562      0.15234      0.15114
      27      63      2      HE      -0.0938      -25.038      -4.0283      23.6409      -0.0547      -27.325      5.01465      109.343      -0.0301      -28      -3.9166      33.8281      0.20734      -25.856      -6.6284      88.8647      0.1536      0.15452      0.15302      0.14829      0.15305      0.15498      0.15278      0.1485      0.15306      0.15491      0.15248      0.1482      0.15284      0.1547      0.15231      0.1476
      27      65      1      HE      0.3493      -33.495      -30.79      -116.21      0.39457      -34.993      -29.172      -92.512      0.32403      -35.839      -40.986      -66.331      0.11159      -35.188      -34.96      -68.667      0.15561      0.15906      0.15381      0.15757      0.15559      0.15903      0.15333      0.15721      0.15513      0.15866      0.15292      0.15697      0.15523      0.15832      0.15276      0.15654
      18      65      2      HE      0.4044      -16.515      2.33655      -31.222      0.36797      -12.931      -9.6931      -72.378      -0.3563      -14.542      -2.1078      -101.11      -0.6106      -15.811      -20.247      -79.181      0.15463      0.15526      0.15458      0.15357      0.15432      0.15428      0.15429      0.15377      0.15405      0.15401      0.15391      0.15383      0.15358      0.15364      0.1541      0.15368
      17      65      2      HE      0.35177      -16.121      -19.811      -67.601      0.20649      -16.032      -13.036      -61.713      0.27743      -16.917      -9.7023      -104.31      0.0036      -17.202      -13.306      -65.252      0.15336      0.15159      0.15559      0.15124      0.15312      0.15114      0.15495      0.15149      0.15317      0.15118      0.1543      0.15119      0.15262      0.1513      0.15438      0.15093
      16      65      4      HE      0.25271      -27.413      -30.287      -191.39      0.34701      -28.777      -20.516      -147.26      0.31963      -28.969      -21.596      -136.64      0.25705      -31.431      -21.642      -283.12      0.15474      0.15505      0.15292      0.15495      0.15439      0.15557      0.15231      0.15516      0.1545      0.15531      0.15216      0.15491      0.15411      0.15544      0.1521      0.15493
      27      65      2      HE      0.36802      -32.786      -26.528      -145.29      0.3903      -31.105      -14.303      -142.78      0.30236      -30.433      -20.618      -227.5      0.39757      -33.668      -12.054      -253.27      0.15336      0.15437      0.15526      0.15142      0.1531      0.1542      0.15444      0.15168      0.15317      0.15391      0.15425      0.15179      0.15238      0.15444      0.15399      0.15186
      27      65      5      HE      0.38756      -4.1275      3.79356      51.7953      0.57145      -1.516      12.8254      -10.087      0.03992      -1.1835      14.4705      -0.5197      0.17414      -3.8588      13.735      94.1939      0.15593      0.15708      0.15843      0.15736      0.1567      0.15674      0.15748      0.15722      0.15516      0.15585      0.15698      0.1569      0.15497      0.15611      0.15689      0.15667
      27      65      3      HE      -0.5003      0.77908      -1.8827      108.89      -0.4651      1.08727      15.3964      79.8586      -0.3935      1.66727      7.62781      44.9852      -0.4017      1.99001      8.98562      -3.4338      0.15612      0.15701      0.15844      0.15457      0.15657      0.15658      0.15777      0.15512      0.15491      0.15613      0.15749      0.15461      0.15469      0.15561      0.15748      0.15492
      27      65      7      HE      0.07494      -3.4763      -7.0633      -46.73      -0.2339      -2.1386      1.72963      -62.795      -0.2772      -4.839      -11.478      -35.516      0.01194      -2.5529      2.72167      -43.219      0.15792      0.16077      0.15844      0.15695      0.15865      0.1605      0.15782      0.15675      0.15789      0.16027      0.15798      0.15673      0.15763      0.16031      0.15735      0.15666
      29      65      3      HE      0.4957      -3.3563      -5.0214      111.653      0.40615      -1.1244      -7.7265      56.1311      0.3615      -1.8026      4.73118      -12.65      0.32786      -1.2128      4.80449      5.9699      0.15733      0.1572      0.15858      0.15425      0.15805      0.15616      0.15807      0.15501      0.15692      0.15592      0.15785      0.15456      0.15669      0.15576      0.15773      0.15443
      27      65      6      HE      0.43749      -6.6685      -12.143      -101.72      0.46655      -5.1287      -14.253      -113.29      0.35456      -5.0508      -4.2694      -95.402      0.40707      -5.3171      2.01306      -63.436      0.15853      0.15696      0.15801      0.15383      0.15896      0.15633      0.15757      0.15356      0.15765      0.15597      0.15696      0.15332      0.15775      0.15555      0.15686      0.15312
      18      65      3      HE      0.1698      -33.048      -32.418      69.2038      0.37287      -32.495      -24.132      -0.8344      0.09775      -31.824      -20.498      59.8543      0.12901      -33.139      -21.623      -126.49      0.15602      0.15695      0.15858      0.15427      0.15654      0.15671      0.15782      0.15491      0.15589      0.15623      0.15766      0.15438      0.15596      0.1563      0.15771      0.15491
      27      65      4      HE      0.14348      -13.634      -15.935      -43.969      0.19744      -10.093      5.6082      31.1497      0.10637      -12.258      -1.112      44.7055      0.15662      -11.584      -1.101      87.2894      0.15248      0.15517      0.15287      0.15115      0.15309      0.15502      0.15209      0.15051      0.15269      0.15491      0.15169      0.15016      0.15187      0.15474      0.15193      0.14915
      17      65      3      HE      0.30334      -16.664      -7.4228      -102.26      0.33135      -9.1069      -13.283      -79.37      0.27949      -13.724      -2.9535      -79.126      -0.5215      -16.57      -15.088      -38.538      0.15492      0.15704      0.15543      0.15743      0.15524      0.15525      0.15473      0.15721      0.15467      0.15602      0.15436      0.15711      0.15414      0.15621      0.15458      0.15639
      18      65      5      HE      0.14619      -17.708      -32.387      -108.52      0.14554      -18.017      -12.454      -52.442      0.05776      -18.407      -22.572      -85.436      0.07019      -17.912      -9.6622      -65.832      0.15629      0.155      0.15599      0.1578      0.15702      0.15527      0.15525      0.15784      0.1566      0.15489      0.1553      0.15694      0.15602      0.15454      0.15492      0.15729
      18      65      1      HE      0.1714      -28.51      -24.773      11.0554      0.37341      -26.385      -22.112      47.8851      0.29366      -28.316      -24.76      12.3063      0.17471      -27.826      -29.715      -17.332      0.15552      0.15802      0.1544      0.15644      0.1558      0.15742      0.15417      0.15626      0.15542      0.15755      0.15342      0.15602      0.15486      0.15739      0.15309      0.15584
      18      65      4      HE      0.1139      -29.614      -20.502      143.225      0.11518      -29.506      -5.9369      43.7806      0.28229      -27.861      -16.629      26.4454      0.24481      -29.599      -19.301      43.0301      0.15449      0.15401      0.15688      0.1523      0.15466      0.15383      0.15638      0.15164      0.15446      0.15349      0.15624      0.15181      0.15381      0.15355      0.15616      0.1519
      18      66      1      HE      -1.1375      -11.235      -23.947      -27.524      0.71705      -7.3703      -4.342      -46.472      -0.7533      -10.806      -5.6364      32.718      -0.4743      -9.9452      -0.8693      89.0817      0.15613      0.1569      0.15587      0.15102      0.15608      0.15674      0.15424      0.15084      0.15486      0.15627      0.15421      0.15039      0.15573      0.15627      0.1541      0.1503
      18      66      4      HE      0.08194      2.0699      9.47265      184.097      0.12971      1.91089      18.4249      183.062      -0.5399      0.56595      12.1406      188.098      -0.6837      1.63404      21.9569      212.873      0.15672      0.15866      0.16121      0.15274      0.15678      0.15946      0.16075      0.15286      0.15599      0.15898      0.1605      0.1524      0.15616      0.15898      0.16042      0.15242
      18      66      5      HE      0.37774      -10.081      -31.479      -303.78      0.42403      -12.062      -17.509      -46.74      -0.0687      -11.935      -18.49      -106.56      0.31824      -12.608      -4.839      -206.52      0.15619      0.15889      0.15629      0.15781      0.1561      0.15948      0.15547      0.15705      0.15551      0.15891      0.1548      0.15677      0.15554      0.15892      0.15466      0.15691
      17      66      3      HE      -0.3749      6.14618      22.4569      -40.936      0.18906      8.04269      20.2591      40.3526      -0.7069      5.23562      25.886      101.802      0.30311      8.15482      13.0805      35.625      0.1564      0.15822      0.15746      0.15786      0.1564      0.1583      0.15657      0.15764      0.15537      0.15787      0.15635      0.15725      0.15546      0.15779      0.15618      0.15747
      28      65      4      HE      0.45137      -3.3491      -2.0352      88.8904      0.51399      -3.849      -8.622      77.3837      0.17303      -5.5684      2.17319      -103.89      0.3815      -5.3194      -3.8339      -83.472      0.15516      0.15677      0.15689      0.15337      0.15521      0.15769      0.15665      0.15381      0.15414      0.15702      0.15603      0.15353      0.1544      0.15707      0.15609      0.15383
      18      66      3      HE      0.3738      9.49941      -0.0486      -125.75      0.19078      6.54923      2.8754      -103.77      0.13514      6.47701      -8.7035      -35.382      0.30571      7.23773      -5.1244      -62.199      0.15438      0.15441      0.15629      0.15336      0.15441      0.15514      0.15542      0.15294      0.15369      0.15496      0.15552      0.15276      0.15384      0.15492      0.15551      0.15241
      28      65      7      HE      0.0427      -29.021      -24.079      31.4579      0.02816      -29.349      -28.471      14.4761      0.23995      -29.539      -27.314      58.319      0.06938      -30.406      -16.998      75.4585      0.1521      0.15193      0.14841      0.15458      0.15206      0.15226      0.14816      0.15454      0.15181      0.15209      0.14806      0.1545      0.15198      0.15196      0.14775      0.154
      28      65      3      HE      0.15841      -29.985      -38.456      -155.83      -0.0344      -32.229      -28.462      -135.03      0.17116      -32.071      -27.179      -148.59      -0.0648      -31.493      -26.327      -113.18      0.15695      0.15995      0.15904      0.15945      0.15699      0.16073      0.15788      0.15872      0.15678      0.16035      0.15773      0.15854      0.15689      0.16016      0.15795      0.15864
      28      65      5      HE      0.26818      -23.65      -32.91      -33.365      0.12714      -23.469      -15.314      -221.02      0.21295      -24.874      -22.154      -84.944      0.10803      -23.684      -13.928      -270.66      0.15468      0.15677      0.15858      0.15656      0.15488      0.15689      0.15813      0.1571      0.15435      0.15681      0.15751      0.15685      0.15454      0.15663      0.15732      0.1573
      28      65      6      HE      -0.1772      -24.369      -29.168      -241.09      -0.0179      -22.233      -33.117      -200      -0.0787      -22.918      -29.198      -178.96      -0.0486      -22.857      -25.246      -239.05      0.15721      0.15956      0.15894      0.15611      0.15718      0.15923      0.15823      0.15599      0.15696      0.15913      0.15812      0.15575      0.15717      0.15912      0.15809      0.15581
      26      65      7      HE      0.32261      -24.791      -25.317      -87.428      0.44759      -26.374      -1.5445      -5.8658      0.3423      -25.946      -7.5411      -28.637      0.40806      -27.236      1.54243      0.16819      0.15709      0.15979      0.15881      0.15681      0.15711      0.16026      0.15758      0.15623      0.15675      0.15991      0.15712      0.15616      0.15692      0.15988      0.15708      0.15607
      28      65      2      HE      0.0575      -27.393      -30.783      -18.215      0.09923      -29.238      -31.769      -69.6      0.24359      -28.336      -28.532      -4.2145      0.26182      -26.898      -27.47      -30.517      0.15595      0.15906      0.15668      0.15587      0.15612      0.15944      0.15654      0.1565      0.15571      0.15914      0.15633      0.15621      0.15578      0.15913      0.15612      0.15579
      29      65      1      HE      0.06636      6.17843      18.4258      -84.841      0.377      10.5742      18.823      35.2094      0.33517      6.55284      28.7566      -50.021      0.32689      6.46875      28.7841      25.3704      0.1528      0.15504      0.15668      0.15126      0.15264      0.15371      0.15585      0.15047      0.15246      0.15422      0.15589      0.1506      0.15229      0.1542      0.15566      0.15021
      28      65      1      HE      0.03281      -6.1321      -16.585      -148.88      0.17619      -5.0228      -20.48      -222.03      0.1366      -4.1203      -10.61      -199.68      0.03728      -3.0563      -14.299      -198.58      0.15124      0.15376      0.15458      0.15438      0.15099      0.15342      0.15372      0.15418      0.15084      0.15287      0.15352      0.15375      0.15075      0.15276      0.15335      0.15371
      18      66      2      HE      0.10939      3.59963      7.75226      -54.71      0.36446      5.08118      6.92538      -53.586      0.3902      4.67182      9.10076      -20.824      0.12992      4.81597      -0.4042      -46.056      0.15345      0.15491      0.15424      0.15372      0.15329      0.15482      0.15345      0.1533      0.15279      0.15466      0.15305      0.15282      0.15291      0.15457      0.15323      0.15294
      17      66      2      HE      -0.0459      -6.1493      -14.424      -164.65      0.05603      -4.8803      -0.9215      -164.99      -0.1144      -4.4998      -0.5524      -196.48      -0.0084      -5.2046      2.68178      -133.56      0.15553      0.1559      0.15698      0.15378      0.15528      0.15525      0.15577      0.15353      0.15504      0.15503      0.15586      0.15364      0.15509      0.155      0.15557      0.15327
      16      66      4      HE      0.0813      4.50099      -8.7997      -114.27      0.11784      7.07943      9.50465      -180.39      0.1685      6.01742      14.2071      -146.28      -0.0789      4.26369      11.7864      -144.38      0.15273      0.15406      0.15654      0.15075      0.15251      0.15323      0.15555      0.15065      0.15244      0.15312      0.15502      0.15036      0.15216      0.15331      0.15513      0.14971
      29      65      2      HE      0.23343      -13.908      -9.3873      74.2978      0.09129      -11.116      4.99731      -12.002      0.06298      -11.933      -3.0671      -37.922      -0.0397      -12.483      4.73791      -7.8626      0.15434      0.1543      0.15897      0.15181      0.15417      0.15348      0.15799      0.15191      0.15393      0.15337      0.15779      0.15187      0.1537      0.15337      0.15748      0.15171
      19      63      2      HE      -0.0169      0.59986      -10.999      -261.88      -0.0544      1.50842      4.55163      -234.67      0.00303      1.93463      -2.9762      -251.46      -0.0528      -0.6789      2.02544      -290.66      0.15279      0.15204      0.14935      0.15171      0.1528      0.15224      0.14865      0.15176      0.152      0.15209      0.14833      0.15142      0.15223      0.15216      0.14824      0.15136
      20      63      3      HE      0.06979      -1.7862      -3.8411      -58.795      0.21011      -1.282      20.7058      14.6935      0.20094      -1.5327      3.93238      5.08762      0.23546      -0.8433      18.1415      61.1653      0.1489      0.15275      0.15178      0.1524      0.14889      0.15354      0.15092      0.15153      0.14846      0.15302      0.15072      0.15163      0.14862      0.15305      0.15044      0.15143
      22      63      3      HE      -0.0328      -8.2958      -12.624      -61.941      -0.0534      -10.41      -9.1473      -78.122      -0.0809      -9.1499      -2.5336      -259.08      0.06151      -10.722      -12.359      -77.77      0.15301      0.15273      0.15202      0.15111      0.15312      0.15352      0.15111      0.15113      0.15264      0.15287      0.1509      0.15143      0.15272      0.15276      0.15119      0.15114
      24      63      3      HE      0.07437      -20.157      -37.948      -195.97      0.09888      -20.006      -27.147      -294.42      0.02277      -21.973      -34.54      -243.36      0.14887      -19.895      -28.314      -239.11      0.1508      0.15053      0.14847      0.14497      0.15113      0.1514      0.14781      0.1454      0.15052      0.15107      0.14717      0.14474      0.15085      0.15107      0.14732      0.14494
      24      63      2      HE      0.31116      -4.906      10.6343      66.9049      -0.0221      -5.8882      14.6466      -52.807      0.08642      -4.7905      12.5118      83.1028      0.33622      -3.2399      18.7582      -48.246      0.15135      0.15223      0.1497      0.14957      0.15183      0.15283      0.14906      0.14943      0.15106      0.1526      0.14882      0.14887      0.1512      0.15234      0.14869      0.14919
      26      63      2      HE      0.20602      -1.2153      2.31736      104.052      0.18769      1.40155      12.5306      -20.446      0.07429      -0.5538      1.48868      -42.377      0.20816      -0.8552      12.2296      -31.754      0.1514      0.15149      0.15034      0.14904      0.1514      0.15128      0.14963      0.14923      0.15084      0.15131      0.1498      0.14925      0.15089      0.1512      0.1494      0.14903
      24      63      6      HE      0.13608      1.78177      -2.2074      19.1135      0.11136      0.58348      18.0456      5.44039      0.19472      1.43674      10.1888      113.061      0.19141      -0.0188      9.04127      129.293      0.15401      0.15489      0.15219      0.15356      0.15401      0.15534      0.15088      0.15351      0.15389      0.15513      0.15073      0.15296      0.15322      0.15515      0.15062      0.15288
      24      63      5      HE      0.11459      10.2711      8.50609      1.17949      -0.1358      9.91404      14.1728      1.40326      0.03694      9.63132      26.3931      77.2463      0.05197      8.07997      11.1083      21.5018      0.15246      0.15393      0.15145      0.14766      0.15231      0.15413      0.15032      0.14671      0.15214      0.15411      0.15016      0.14649      0.15168      0.15388      0.14984      0.14652
      26      63      5      HE      0.07679      15.2379      2.74622      37.0822      0.07902      16.6022      30.2368      15.9641      0.0667      13.8421      15.3298      -62.676      0.00778      14.7522      8.45739      6.80281      0.15341      0.15451      0.15352      0.15332      0.15346      0.15499      0.1527      0.1532      0.15301      0.15485      0.15233      0.15269      0.15281      0.15471      0.15214      0.1526
      26      63      6      HE      0.22715      -5.5973      -11.531      -86.497      0.17187      -5.818      1.95734      -52.559      0.16245      -5.4529      -2.396      -13.992      0.19429      -5.8666      12.5643      -34.777      0.15437      0.15506      0.1527      0.14944      0.15419      0.1552      0.15212      0.14907      0.154      0.15496      0.1519      0.14867      0.15365      0.15475      0.15154      0.14878
      19      63      3      HE      0.11642      -7.898      -7.4918      88.1216      0.25228      -8.8691      4.72997      116.914      -0.195      -9.7575      5.22356      5.74622      0.1581      -7.7136      -5.1522      149.793      0.15459      0.15526      0.15327      0.15152      0.15471      0.15554      0.15303      0.15092      0.15409      0.15487      0.15244      0.15078      0.15363      0.15465      0.1526      0.15081
      26      63      3      HE      0.09136      5.55183      4.87997      -13.516      0.07562      5.25926      2.59451      35.0459      0.06299      6.19992      15.3989      88.4201      0.031      4.75088      19.276      96.8455      0.15374      0.15409      0.15455      0.14797      0.1536      0.15387      0.15388      0.14746      0.15319      0.15363      0.15344      0.14719      0.15275      0.1536      0.15334      0.14701
      19      63      5      HE      0.017      -28.046      -37.789      -75.842      0.10458      -29.441      -37.127      -98.837      0.22203      -28.752      -22.047      -112.53      0.14713      -29.337      -29.798      -123.46      0.15492      0.15501      0.15383      0.14814      0.15506      0.15544      0.15367      0.14809      0.15509      0.15506      0.15309      0.14744      0.15487      0.15508      0.15325      0.1479
      26      63      4      HE      0.28866      -29.421      -32.15      -104.82      0.3582      -28.673      -11.916      -59.936      0.18166      -28.657      -20.186      -48.464      0.06803      -30.377      -6.5655      -43.439      0.15269      0.15491      0.15095      0.15883      0.1528      0.15477      0.1499      0.1583      0.15295      0.15469      0.14945      0.15807      0.15245      0.15468      0.14937      0.15811
      20      63      6      HE      -0.4931      -19.961      -9.0785      34.6582      -0.4078      -21.372      0.91482      142.437      -0.5549      -21.617      4.33959      108.314      -0.1452      -22.321      -1.8483      106.686      0.15306      0.15671      0.15523      0.15631      0.15342      0.15764      0.15472      0.1558      0.15327      0.15735      0.15436      0.15581      0.15289      0.15717      0.15448      0.15588
      20      63      5      HE      0.2041      -22.478      -35.651      -108.34      0.05049      -23.727      -33.09      -99.686      -0.0239      -23.343      -31.798      -102.41      0.2965      -22.267      -29.65      -114.86      0.15243      0.15499      0.15424      0.15519      0.15251      0.15547      0.15389      0.15496      0.15283      0.15525      0.1538      0.15454      0.15244      0.15504      0.15353      0.15436
      22      63      5      HE      -0.0415      -26.007      -44.723      -198.55      0.21712      -24.363      -17.772      -154.31      -0.0846      -26.63      -25.358      -118.81      -0.0289      -27.373      -17.525      -31.018      0.15069      0.15612      0.15284      0.15442      0.15089      0.15647      0.1518      0.15431      0.15109      0.15664      0.15188      0.15396      0.15087      0.15631      0.15162      0.15338
      22      63      6      HE      -0.0782      -27.042      -11.949      -14.756      -0.083      -26.427      -21.9      114.223      -0.0609      -26.048      -12.597      78.5944      0.19004      -27.311      -13.618      173.258      0.15248      0.15397      0.15269      0.15542      0.15258      0.1543      0.15217      0.15452      0.15271      0.15397      0.15191      0.15418      0.15256      0.15417      0.15192      0.15294
      19      63      1      HE      0.22937      -8.7926      -0.9159      -114.62      0.297      -10.354      8.33275      -54.495      0.1452      -9.638      25.3808      -37.117      0.21344      -10.422      21.1522      -21.009      0.15443      0.15417      0.15549      0.14959      0.154      0.15487      0.15453      0.14896      0.15413      0.15466      0.15401      0.14924      0.15362      0.15459      0.15401      0.14908
      20      63      1      HE      0.0539      -10.233      2.69751      49.3091      0.15019      -10.625      -0.0404      72.0226      0.12132      -10.091      16.8594      -41.783      0.13272      -10.104      8.25416      -42.594      0.15366      0.15324      0.15541      0.15432      0.15327      0.15411      0.15472      0.15418      0.15361      0.15385      0.15437      0.15405      0.15278      0.15392      0.15439      0.15397
      22      63      1      HE      -0.3626      1.90743      14.2045      48.6048      -0.2733      1.07463      16.3963      150.345      -0.4447      0.07138      8.60203      72.7342      -0.6215      -2.2833      15.1413      148.389      0.15556      0.15745      0.15248      0.15275      0.1552      0.15845      0.15206      0.15253      0.15531      0.15842      0.1515      0.15261      0.15456      0.15815      0.15163      0.15227
      24      63      1      HE      0.2193      -13.274      -21.59      -43.55      0.03554      -13.095      -11.985      -155.42      -0.0004      -11.501      -17.237      -15.583      0.05799      -15      -20.331      -115.06      0.15359      0.15615      0.15339      0.1563      0.15314      0.15652      0.15285      0.15667      0.15351      0.15621      0.15276      0.1562      0.15264      0.15617      0.15244      0.15643
      19      63      4      HE      -0.2277      1.30326      7.42871      -2.1297      0.2271      1.00836      9.85212      94.0434      0.22527      -0.0954      18.9257      219.691      -0.3573      -0.455      4.16369      74.3215      0.15281      0.1546      0.15108      0.15271      0.15234      0.15494      0.15066      0.15263      0.15251      0.15469      0.15038      0.15195      0.15184      0.15458      0.15015      0.15226
      26      63      1      HE      0.36338      -4.7349      3.22773      154.132      0.21068      -6.0436      -0.3437      103.745      0.29252      -7.608      15.6943      100.672      0.27132      -5.8993      0.18208      275.611      0.15536      0.15487      0.15324      0.15222      0.15494      0.15556      0.15269      0.1518      0.15511      0.15527      0.15237      0.15192      0.15425      0.15504      0.15219      0.15093
      19      63      6      HE      0.36078      6.16118      10.5602      61.5582      0.28741      5.29733      18.8964      34.4102      -0.0643      1.85409      19.1961      -1.7014      -0.2829      1.66567      13.2035      39.5222      0.1585      0.1596      0.16057      0.15486      0.15701      0.16017      0.15991      0.15539      0.15727      0.16      0.15978      0.15477      0.15751      0.16012      0.15963      0.15536
      24      63      4      HE      0.25848      5.24802      6.07327      91.5247      0.21736      4.24748      17.1222      113.836      0.45493      3.53532      16.9168      92.4646      0.28998      3.7591      21.4668      -8.5944      0.15789      0.15716      0.15955      0.15405      0.15641      0.15736      0.15923      0.15385      0.15708      0.1572      0.15894      0.15433      0.15683      0.15726      0.15845      0.15394
      22      63      2      HE      0.14279      -2.6793      0.89646      44.6053      0.12653      -3.3958      7.88288      26.3402      0.38409      -1.4583      13.6415      26.1751      0.09802      -3.3363      10.8692      67.3213      0.15778      0.15957      0.15646      0.15733      0.15599      0.15973      0.15574      0.15684      0.15689      0.15969      0.15565      0.15674      0.15663      0.15951      0.1556      0.15638
      20      63      2      HE      0.31631      -1.1406      3.56757      -35.364      0.14193      -2.9227      1.12777      -38.389      0.37116      -3.1042      10.4406      -5.1582      0.21873      -2.8296      7.60665      -3.6153      0.15703      0.15673      0.15347      0.15656      0.15562      0.15717      0.15338      0.15641      0.15677      0.15685      0.15332      0.15608      0.15654      0.15701      0.15266      0.15623
      22      63      4      HE      -0.3665      11.5612      11.2364      -28.209      -0.4624      8.93305      33.0764      -24.81      -0.3938      9.46842      35.0877      -54.083      -0.2336      8.81529      22.8371      -44.937      0.15833      0.15754      0.15312      0.15299      0.15718      0.15826      0.15258      0.15235      0.15786      0.15817      0.15224      0.15226      0.15756      0.15807      0.15213      0.15206
      20      63      4      HE      0.30897      -0.3864      3.65194      -145.18      0.12628      -0.8919      0.43589      -200.76      0.23188      -1.0956      0.71114      -173.25      0.41057      -1.8824      3.05546      -253.6      0.15992      0.15774      0.15731      0.1524      0.15834      0.15774      0.15658      0.15251      0.15901      0.15769      0.15618      0.1522      0.15885      0.15773      0.15607      0.15223
      19      64      5      HE      -0.0751      -12.506      -26.738      -142.09      -0.119      -10.503      1.78878      -174.39      -0.11      -9.2791      -5.4963      -96.808      -0.0627      -9.2174      -3.7177      -113.45      0.1533      0.15285      0.15414      0.15435      0.15331      0.15205      0.15311      0.15423      0.15294      0.15183      0.15321      0.15398      0.15251      0.15172      0.15307      0.15329
      19      64      6      HE      0.0546      -5.0601      -14.153      -36.863      0.11864      -3.1313      -4.8083      -3.3767      0.28234      -2.6892      4.01884      128.812      0.17404      -3.7427      -1.0567      48.898      0.15367      0.15424      0.15046      0.15003      0.15343      0.15379      0.14985      0.1493      0.15328      0.15362      0.14985      0.14882      0.15296      0.15366      0.14917      0.14897
      21      63      2      HE      0.22329      -2.07      5.09059      -113.13      0.13773      -1.801      14.9977      -27.531      0.21702      -1.9253      17.3617      -58.279      0.21954      -4.8883      8.63638      -84.306      0.15243      0.15305      0.15422      0.15231      0.15214      0.15298      0.15354      0.15221      0.15205      0.15288      0.15345      0.15202      0.15146      0.15299      0.15303      0.15165
      20      64      2      HE      0.08706      -9.782      -2.4407      -97.317      0.08346      -8.3788      -3.2176      -137.36      0.12557      -8.6601      2.22519      -143.75      0.09885      -8.596      1.60749      -123.02      0.15444      0.15366      0.15331      0.15007      0.15441      0.1532      0.1529      0.15056      0.15431      0.15317      0.15304      0.15039      0.15415      0.15303      0.15244      0.14976
      21      63      4      HE      0.14324      -3.5943      -9.3897      20.4958      -0.1671      -1.1      3.69682      11.4859      -0.174      -4.0219      -4.8053      5.57035      0.20026      -4.039      -14.092      -85.088      0.15431      0.15449      0.15455      0.15221      0.15432      0.15403      0.15452      0.1519      0.15383      0.15436      0.15441      0.15189      0.15376      0.1544      0.15438      0.15195
      20      64      4      HE      0.49133      -19.254      -19.901      -3.7055      0.27632      -17.844      0.32699      85.0179      0.27359      -16.524      -5.0227      86.69      -0.0098      -19.964      -22.415      104.292      0.15369      0.15239      0.15055      0.15034      0.15319      0.15186      0.14945      0.15017      0.15294      0.15164      0.14938      0.15001      0.15263      0.15192      0.14991      0.14948
      19      64      1      HE      0.03573      7.8907      11.4573      22.6423      -0.0336      4.08946      20.5336      50.3824      -0.1348      7.10327      11.5825      55.9338      0.14236      6.60682      13.2509      2.69339      0.15643      0.15623      0.1544      0.15668      0.15456      0.15635      0.15356      0.15635      0.15595      0.1561      0.15381      0.15624      0.1542      0.15612      0.15334      0.1563
      20      64      1      HE      0.18444      2.98226      9.74445      88.5567      0.36261      1.59276      15.7432      -7.1378      0.12629      2.85438      20.5609      -54.959      0.00271      -0.4029      24.1954      -7.1926      0.1566      0.15635      0.15563      0.15732      0.15485      0.15693      0.15494      0.15712      0.15637      0.15682      0.15495      0.15708      0.15419      0.15683      0.15483      0.15695
      21      63      1      HE      0.04652      3.15974      1.00473      -35.085      -0.1653      0.14751      20.8229      57.6357      0.1689      0.1577      21.4174      118.09      -0.1893      2.36924      14.207      -74.105      0.15539      0.15631      0.15532      0.15373      0.15379      0.15647      0.1543      0.1534      0.15553      0.15648      0.15432      0.15315      0.15331      0.1561      0.15427      0.15369
      23      63      1      HE      0.06374      2.39681      3.57571      46.0873      0.07139      1.99483      15.0632      11.7286      0.22062      3.76759      17.9389      19.8417      0.02644      2.19134      11.2829      30.7563      0.15563      0.15491      0.15496      0.15106      0.1541      0.1553      0.15462      0.15071      0.15534      0.15523      0.15437      0.15019      0.15381      0.15496      0.15401      0.15062
      19      64      4      HE      -0.4323      5.14705      20.656      4.56896      0.11421      2.63895      23.1174      -7.0578      0.13913      2.97179      18.873      52.1522      0.12112      1.37963      17.4411      30.612      0.15467      0.15438      0.15627      0.15705      0.15335      0.15499      0.15592      0.15644      0.15431      0.15507      0.15586      0.15612      0.15274      0.1548      0.15545      0.15587
      25      63      1      HE      0.21143      17.2259      2.86258      -8.1236      -0.0242      16.3271      12.6052      70.8029      0.22534      17.1293      12.4687      -44.863      -0.0067      15.4219      8.52093      -33.511      0.15518      0.15609      0.15442      0.1508      0.15367      0.15612      0.15389      0.15046      0.15494      0.15599      0.15357      0.15008      0.153      0.15569      0.15353      0.15006
      23      63      6      HE      0.28216      -13.065      -10.939      -148.91      0.00654      -12.692      -5.018      -157.76      0.25523      -11.854      -3.8853      -144.96      0.19334      -10.359      -11.043      -160.55      0.15237      0.15489      0.15228      0.15446      0.1522      0.15526      0.15181      0.15491      0.15226      0.15516      0.15151      0.15494      0.15188      0.15494      0.15138      0.15467
      25      63      4      HE      -0.054      -8.4379      -6.738      18.6745      0.12567      -11.067      -0.0063      19.7607      0.06614      -11.209      9.51094      27.3194      -0.0686      -12.157      0.99377      8.99606      0.1534      0.154      0.15212      0.15549      0.15313      0.15477      0.15176      0.15521      0.15323      0.15452      0.15143      0.15508      0.15271      0.15454      0.15141      0.15471
      20      64      5      HE      -0.4581      1.36141      0.23608      -126.65      -0.4309      1.77471      9.75004      -33.188      -0.6529      -0.4642      2.02735      -110.88      -0.5662      -0.103      12.3745      -24.222      0.15265      0.15336      0.15292      0.15041      0.15242      0.1538      0.15231      0.15029      0.15256      0.15366      0.1524      0.15042      0.15193      0.15355      0.15208      0.14984
      21      63      6      HE      0.07092      -14.971      -18.258      -146.36      0.19237      -15.388      -7.9648      16.5968      0.30394      -14.094      -4.2154      -100.83      -0.004      -15.785      -8.4488      -56.916      0.15343      0.15251      0.15302      0.14987      0.1531      0.15296      0.15236      0.14929      0.15313      0.1526      0.15218      0.14939      0.15253      0.15257      0.15202      0.14934
      23      63      4      HE      0.01954      2.76057      -9.778      -111.56      0.14483      0.64443      13.8804      -46.159      0.29623      1.50477      12.4074      5.87247      0.17007      0.54352      3.1801      -95.424      0.15287      0.15538      0.15662      0.15381      0.15285      0.15597      0.15596      0.15329      0.153      0.15567      0.15548      0.15252      0.15222      0.15544      0.15542      0.15231
      20      64      6      HE      -0.059      -5.8818      -1.2945      -83.673      -0.0292      -6.181      -5.4002      -55.325      0.24326      -4.8031      0.37559      -19.886      0.1891      -6.1589      14.3294      -63.64      0.1525      0.15318      0.15148      0.15204      0.15211      0.15359      0.15101      0.15232      0.15224      0.15328      0.15075      0.15196      0.15153      0.15313      0.15059      0.15189
      21      63      5      HE      -0.0012      10.5137      -21.224      -157.26      0.02432      10.5911      14.4117      -147.9      0.03746      11.7586      16.0847      -114.38      0.02759      11.2687      0.9133      -122.48      0.15189      0.15194      0.15323      0.15053      0.15208      0.15216      0.15208      0.15036      0.15213      0.15191      0.15193      0.1504      0.15202      0.1517      0.15192      0.14986
      23      63      5      HE      0.00328      -0.7996      -14.254      68.9019      -0.0103      -1.8174      2.51657      14.1143      0.08504      -2.7801      4.72301      9.24097      0.00269      -2.1167      3.9892      15.0139      0.15385      0.15833      0.15332      0.15179      0.1537      0.15826      0.15266      0.15145      0.15393      0.15808      0.15259      0.15105      0.15364      0.15808      0.15239      0.15079
      25      63      6      HE      -0.0526      -10.498      -12.151      -50.662      -0.0002      -7.5415      -5.3499      -21.583      -0.1901      -8.5921      11.4186      -63.846      -0.0271      -7.9112      -6.2772      -155.39      0.15369      0.15479      0.14998      0.15196      0.15365      0.15451      0.14924      0.15159      0.15361      0.15424      0.14893      0.15167      0.15326      0.15423      0.14921      0.15202
      25      63      5      HE      -0.1956      -19.681      -26.954      -125.48      -0.167      -17.826      -21.291      -92.283      -0.1734      -17.249      -22.018      -54.344      -0.1302      -19.429      -21.487      -86.421      0.15411      0.1555      0.15515      0.15388      0.15453      0.15499      0.15413      0.1531      0.15443      0.15477      0.15413      0.15265      0.15423      0.15492      0.1541      0.1529
      19      64      3      HE      0.19207      -19.637      -25.917      -63.287      0.14657      -19.607      -12.433      -40.255      0.01817      -19.615      -18.834      -36.884      -0.0117      -20.852      -11.898      24.9655      0.15263      0.15209      0.15058      0.15353      0.15277      0.15234      0.14958      0.15334      0.15281      0.15189      0.14956      0.15279      0.15246      0.15197      0.14935      0.15306
      25      63      3      HE      -0.168      -28.137      -27.508      22.7016      -0.1744      -24.84      -11.211      -9.1669      -0.1084      -26.946      -23.928      86.1321      -0.1899      -25.327      -23.049      -35.282      0.15318      0.1543      0.15503      0.15514      0.15331      0.15421      0.15442      0.15411      0.15348      0.15422      0.15459      0.15408      0.15315      0.15405      0.15426      0.1542
      19      64      2      HE      0.2654      -24.488      -23.523      -193.31      0.2685      -25.692      -9.2922      -44.613      0.16457      -26.439      2.03533      -123.88      0.27092      -25.948      -2.1729      -66.127      0.15523      0.15844      0.15594      0.15959      0.15488      0.15878      0.15481      0.15881      0.15501      0.15855      0.15443      0.15884      0.15459      0.15848      0.15434      0.15881
      20      64      3      HE      0.02017      -29.066      -26.158      4.58641      0.00132      -28.95      -19.051      -130.15      0.05935      -29.401      -18.393      -121.34      -0.0091      -30.975      -29.999      -11.317      0.15563      0.15853      0.1586      0.15479      0.15504      0.15841      0.15771      0.15539      0.1554      0.15823      0.15736      0.15511      0.1549      0.15823      0.15763      0.15488
      21      63      3      HE      -0.0323      -27.219      -23.031      -20.873      -0.0218      -29.609      -11.892      5.73717      0.07604      -27.998      -10.717      -2.3215      -0.0227      -30.325      -4.7696      11.3864      0.15568      0.15794      0.15989      0.16072      0.15543      0.15833      0.15879      0.16107      0.15532      0.15807      0.1586      0.16059      0.1552      0.15814      0.15891      0.1604
      23      63      3      HE      -0.0343      -28.844      -39      45.6398      -0.0802      -28.901      -18.282      -217.78      -0.0665      -28.105      -32.223      -97.93      0.00881      -29.535      -33.085      -124.24      0.15724      0.15744      0.15643      0.15929      0.15679      0.1576      0.15561      0.16007      0.1568      0.15765      0.15547      0.15974      0.15651      0.15756      0.15543      0.15976
      23      63      2      HE      0.45265      -28.314      -25.81      -191.14      0.44601      -27.061      -12.496      -36.527      0.17354      -28.569      -13.194      -6.9995      0.18113      -28.023      -11.789      -34.698      0.15538      0.15661      0.15703      0.15435      0.15491      0.15688      0.15607      0.15366      0.15508      0.15659      0.15609      0.15335      0.15486      0.15675      0.15572      0.15328
      25      63      2      HE      0.03551      -28.432      -24.779      -20.563      0.30009      -28.599      -10.712      27.3598      0.42053      -29.259      -14.01      66.1484      0.09387      -29.729      -19.09      64.4502      0.15553      0.15765      0.1595      0.15598      0.15513      0.15764      0.15884      0.15574      0.15506      0.15757      0.1586      0.15481      0.15495      0.15773      0.15846      0.15474
      19      65      2      HE      -0.7542      -8.9929      -4.7709      -234.73      -0.5517      -7.9492      -4.4074      -261.06      -0.7144      -9.1986      1.3222      -285.22      -0.3878      -7.7251      2.8096      -339.76      0.15183      0.15222      0.15162      0.15129      0.15225      0.15297      0.15118      0.15234      0.15187      0.15309      0.15048      0.15234      0.15173      0.15198      0.15067      0.15271
      20      65      3      HE      0.13874      -28.361      -28.632      -33.458      0.23826      -26.358      -2.3293      -38.185      0.03746      -27.369      -3.1067      -2.5659      0.13191      -29.317      -8.1203      -129.2      0.15315      0.15462      0.15512      0.15232      0.15353      0.15415      0.15428      0.15263      0.15274      0.15391      0.15422      0.15278      0.15281      0.15453      0.15396      0.15256
      21      65      3      HE      0.07619      -24.521      -31.893      -236.9      -0.0414      -20.926      -26.893      -333.21      -0.0508      -22.884      -29.452      -305.23      0.13023      -22.134      -27.742      -356.67      0.15025      0.15309      0.15274      0.15293      0.15058      0.15275      0.15256      0.1538      0.14997      0.1528      0.15202      0.15392      0.15015      0.1527      0.15204      0.15375
      23      65      3      HE      -0.0753      -26.901      -19.312      -116.84      0.16887      -26.895      -13.164      -248.15      -0.0055      -25.36      -9.067      -394.24      -0.0893      -27.606      -6.314      -432.73      0.15224      0.15467      0.15441      0.15687      0.15295      0.1547      0.15365      0.15809      0.15224      0.15421      0.15353      0.15888      0.15265      0.15404      0.15352      0.15896
      23      65      2      HE      0.34172      -13.312      -8.8366      -58.482      0.31702      -13.931      -9.275      -205.14      0.27612      -11.658      -4.3923      -284.99      0.39759      -15.539      -7.4182      -144.82      0.15126      0.15245      0.1512      0.1578      0.15134      0.15269      0.15051      0.15813      0.15091      0.15163      0.15047      0.15835      0.15071      0.15262      0.1499      0.1577
      25      65      2      HE      0.3708      -10.35      -5.981      20.3147      0.23454      -7.0799      -0.5725      1.44475      0.08461      -10.483      -4.5826      -44.685      0.18184      -11.66      -7.7224      -78.241      0.15229      0.15588      0.15226      0.15348      0.15256      0.15531      0.15201      0.15403      0.15203      0.15578      0.15186      0.15409      0.15222      0.15603      0.15188      0.15349
      23      65      6      HE      0.42346      -0.3525      -10.408      -109.7      0.40694      -1.2156      -1.7087      -50.747      0.18761      -1.2733      -0.4729      -92.032      0.35918      -1.0079      -5.4427      5.90292      0.15427      0.15683      0.15259      0.15341      0.15474      0.15745      0.15198      0.15342      0.15361      0.15663      0.15175      0.15274      0.15387      0.1568      0.15148      0.15244
      23      65      5      HE      0.19958      -4.3279      16.1813      126.245      0.2978      -2.9731      12.308      76.7677      -0.0202      -3.9562      -2.9453      2.76682      0.1568      -4.0858      4.96575      97.3699      0.15953      0.15806      0.15243      0.15321      0.16015      0.15785      0.15226      0.15439      0.15895      0.15767      0.15218      0.15384      0.15901      0.15751      0.152      0.15352
      25      65      5      HE      0.13868      0.60398      5.25321      88.305      0.08517      3.41483      22.0532      -45.368      0.12989      1.0447      10.4434      8.85701      0.2579      3.37382      11.8263      -12.896      0.1534      0.15397      0.15383      0.15121      0.15382      0.15306      0.15307      0.15158      0.15268      0.15325      0.15326      0.15138      0.15289      0.15281      0.15268      0.15088
      25      65      6      HE      -0.0515      -1.2066      -4.0943      21.8428      0.01027      -1.5416      -1.1594      -8.7685      -0.0611      -2.423      4.45435      -113.03      0.03426      -0.4388      6.2403      -105.21      0.15641      0.15583      0.15504      0.15973      0.15723      0.15594      0.15433      0.16071      0.15581      0.15577      0.15418      0.16051      0.15597      0.15551      0.15398      0.16004
      19      65      3      HE      0.41485      -5.6132      -10.733      -15.947      0.35492      -4.0278      3.17035      -49.385      0.10705      -4.9321      1.16043      -143.04      -0.2786      -5.9436      -6.4248      -125.41      0.15567      0.15833      0.15448      0.1561      0.15625      0.15779      0.15436      0.15656      0.15457      0.15783      0.15414      0.15632      0.15486      0.15767      0.1537      0.15616
      25      65      3      HE      0.31397      -2.3376      7.31619      26.9431      0.235      -0.823      5.85677      30.0243      0.13046      -2.8956      3.7505      -85.928      0.15439      -2.8776      14.515      -143.8      0.15432      0.15537      0.15699      0.15461      0.15506      0.15569      0.15658      0.15524      0.1534      0.15509      0.1563      0.15485      0.15383      0.15466      0.15619      0.15496
      19      65      5      HE      -0.3946      -5.7304      16.1836      -103.46      -0.5474      -5.3391      6.58067      -123.59      -0.4047      -5.3768      11.3329      -8.7457      -0.4555      -5.5886      0.15396      16.3622      0.15204      0.1512      0.14787      0.14829      0.15197      0.15107      0.14737      0.14882      0.15144      0.15089      0.14716      0.14842      0.15127      0.15086      0.14726      0.14797
      25      65      4      HE      -0.0302      -26.252      -17.785      43.4763      0.0976      -24.512      -16.879      147.103      0.02463      -25.814      -34.399      222.45      0.03817      -24.828      -24.847      -5.462      0.1532      0.1533      0.15396      0.15278      0.15295      0.15259      0.15374      0.15206      0.15282      0.15228      0.15383      0.15153      0.15237      0.15212      0.15362      0.15252
      20      65      6      HE      0.1623      -18.562      -16.111      33.2723      0.02697      -19.768      -6.1973      176.494      0.05592      -20.768      -2.5232      85.7002      0.15875      -18.327      0.25181      43.4206      0.15205      0.1522      0.15075      0.15054      0.15228      0.15186      0.15015      0.14995      0.1516      0.15196      0.14963      0.14968      0.15162      0.15154      0.14934      0.14988
      20      65      5      HE      0.12367      -23.227      -22.396      61.5978      0.09479      -21.085      -12.895      70.4085      0.08023      -24.514      -4.4252      -44.616      0.02389      -22.052      -6.4166      52.3866      0.15115      0.15098      0.14994      0.15413      0.15147      0.15069      0.14961      0.15423      0.15084      0.15092      0.14909      0.15448      0.15095      0.15056      0.149      0.154
      21      65      5      HE      0.14994      -12.765      -15.328      -34.78      0.23056      -11.617      -5.8324      -175.37      0.23299      -13.016      -9.1417      -172.65      0.23768      -11.692      -14.616      -25.791      0.15082      0.15396      0.15275      0.1507      0.15078      0.15374      0.1525      0.15116      0.15037      0.1539      0.15205      0.15102      0.15014      0.15363      0.15197      0.15092
      21      65      6      HE      0.18472      -12.859      -13.5      -145.94      0.1123      -9.5178      -16.005      -59.141      0.41898      -10.549      -23.936      -132.65      0.16683      -9.7724      -21.671      -107.26      0.15249      0.15377      0.1527      0.15558      0.15257      0.15334      0.15216      0.15504      0.15215      0.15298      0.1524      0.15515      0.1519      0.1529      0.15231      0.15476
      19      65      1      HE      0.30975      -8.8693      -12.95      -116.28      0.38413      -7.8098      -3.0038      -195.72      0.18682      -6.0274      -6.4708      -82.215      0.30238      -7.7214      -10.531      -129.05      0.15552      0.15742      0.15149      0.15772      0.15562      0.15748      0.15096      0.15774      0.15546      0.15701      0.15098      0.15773      0.15518      0.15704      0.15093      0.15748
      20      65      1      HE      -0.0084      -18.31      -6.0815      -49.091      0.04804      -13.221      -9.0709      -111.07      -0.1341      -16.069      -4.4179      -180.29      0.01077      -16.981      -4.7401      -102.5      0.15674      0.1576      0.15588      0.1569      0.15675      0.15674      0.15505      0.15753      0.15655      0.15705      0.15499      0.15759      0.15596      0.15689      0.15478      0.15775
      21      65      1      HE      0.01838      -14.196      -5.9324      26.6981      0.14435      -13.08      -4.1776      86.5604      0.18952      -14.303      11.3475      41.0698      -0.0262      -12.547      9.20398      27.6044      0.15773      0.15822      0.15818      0.16061      0.15759      0.15832      0.15717      0.16023      0.15747      0.15818      0.15714      0.16034      0.15694      0.15815      0.15708      0.16024
      23      65      1      HE      -0.0549      -15.868      -9.1116      -39.364      0.13828      -13.253      -5.6242      -3.702      -0.0212      -13.207      -1.3303      58.4363      -0.2026      -15.718      3.49498      110.64      0.15788      0.16136      0.15633      0.15867      0.15818      0.16088      0.15525      0.15816      0.15776      0.1605      0.15503      0.1579      0.15725      0.16065      0.15524      0.15732
      19      65      4      HE      0.08143      -14.915      -3.1676      -21.691      0.46543      -13.665      4.27256      -18.592      0.27716      -14.393      -7.1923      -19.98      -0.0755      -14.168      -2.4446      -21.927      0.15592      0.1592      0.15914      0.15694      0.15623      0.15916      0.15903      0.15652      0.1558      0.15912      0.15893      0.15626      0.15527      0.15892      0.15857      0.15617
      25      65      1      HE      0.10501      -17.637      -16.522      -48.419      0.21332      -18.395      -30.624      -97.155      0.02591      -16.824      -19.345      -75.438      -0.0053      -16.524      -16.932      -91.022      0.15733      0.1614      0.16136      0.15749      0.15756      0.1616      0.16135      0.15778      0.15717      0.16089      0.1612      0.15782      0.15664      0.16082      0.1612      0.1577
      19      65      6      HE      0.33167      -15.684      -20.329      -92.215      0.08437      -16.657      -18.076      -142.19      0.34204      -15.611      -19.581      -135.42      0.25003      -16.586      -23.208      -121.12      0.15801      0.16128      0.16127      0.15739      0.15833      0.16083      0.1607      0.15783      0.15725      0.16055      0.16072      0.15773      0.15724      0.16067      0.16059      0.15742
      23      65      4      HE      0.09249      -17.286      -6.7712      -48.001      0.35213      -15.703      -8.2596      145.767      0.26251      -21.004      -7.7505      70.9555      -0.0858      -17.863      -0.5563      4.7267      0.15699      0.15693      0.15989      0.15632      0.1568      0.15685      0.15946      0.15526      0.15637      0.15724      0.15921      0.15562      0.15603      0.15687      0.15892      0.15566
      21      65      2      HE      0.1725      -16.022      -13.699      -58.481      -0.1508      -14.365      -8.8505      114.909      0.0409      -15.258      -3.0023      17.6346      -0.0018      -15.401      -4.5644      123.834      0.15709      0.15707      0.15897      0.15656      0.15741      0.15675      0.15858      0.15592      0.15701      0.1565      0.15795      0.15609      0.15694      0.15647      0.15801      0.15558
      20      65      2      HE      0.32179      -8.7705      2.68311      -135.64      0.25551      -8.6548      12.2511      -98.107      0.15448      -8.8401      10.2523      -204.19      0.22844      -10.65      12.7319      -80.996      0.15722      0.15657      0.15791      0.15358      0.15741      0.15635      0.15696      0.15429      0.15736      0.15622      0.15696      0.15355      0.1567      0.15588      0.15648      0.15322
      21      65      4      HE      0.4495      -20.569      -20.025      -50.73      0.30509      -16.067      -18.499      -179.39      0.58866      -17.559      -16.926      -139.44      0.43227      -17.141      -7.3793      -145.58      0.15781      0.16061      0.15807      0.15715      0.15764      0.15961      0.15701      0.15826      0.15719      0.15917      0.1567      0.15789      0.15689      0.15923      0.1563      0.15802
      20      65      4      HE      0.28692      -20.298      -7.6115      -8.5975      -0.0873      -19.189      1.98652      -18.565      0.00507      -18.426      1.61632      -29.469      0.17568      -17.438      -5.4389      35.6909      0.15731      0.15607      0.15915      0.15589      0.15712      0.15553      0.15849      0.15566      0.15732      0.15543      0.15849      0.15613      0.15616      0.15515      0.15802      0.15499
      19      66      5      HE      0.04103      2.35603      5.9339      -45.874      0.13877      3.30889      7.00824      -122.61      -0.0814      2.61648      11.8335      -68.214      -0.0367      2.16589      14.1853      -123.85      0.15561      0.15836      0.15723      0.15892      0.1553      0.15804      0.15666      0.15875      0.15536      0.15784      0.15621      0.1585      0.15529      0.15786      0.15619      0.15849
      19      66      6      HE      0.00682      8.49693      9.27692      -73.538      -0.1492      11.4243      16.2216      -60.074      0.03495      11.6564      23.9363      -37.525      0.02928      11.3207      17.6664      24.6425      0.15628      0.15762      0.159      0.1573      0.15617      0.157      0.1584      0.15688      0.15629      0.15692      0.15767      0.15678      0.1561      0.15667      0.1575      0.15637
      22      65      2      HE      -0.0948      16.7575      28.605      103.778      -0.0387      16.4458      18.3394      129.114      -0.0378      14.7855      29.5394      159.543      -0.0656      14.6627      29.7252      108.154      0.15592      0.15709      0.15725      0.159      0.15592      0.15732      0.15694      0.15932      0.15592      0.15747      0.15634      0.15856      0.15604      0.15719      0.15626      0.15857
      20      66      2      HE      0.16263      -3.8206      0.00466      -151.14      0.06486      -3.6859      16.3426      264.929      0.19222      -2.1448      5.47756      99.9309      0.22286      -2.1617      2.92705      47.5646      0.15658      0.16041      0.1584      0.15864      0.15636      0.15983      0.15689      0.15658      0.15629      0.15948      0.15671      0.15692      0.15626      0.15921      0.15648      0.15663
      22      65      4      HE      0.26877      -9.5832      -5.8341      -134.41      0.07847      -8.2001      2.85978      37.6516      -0.0242      -9.1356      4.07556      70.0326      0.24812      -6.9522      5.70245      -23.199      0.15683      0.15712      0.15611      0.15351      0.15665      0.15708      0.15503      0.15226      0.15663      0.15683      0.15455      0.15122      0.15658      0.15672      0.1545      0.15149
      20      66      4      HE      -0.2056      7.12673      23.4494      154.146      -0.143      8.14361      14.8801      63.2737      -0.0696      7.89983      15.6902      118.758      -0.12      8.90767      29.5389      30.6075      0.15616      0.16056      0.15666      0.15931      0.15576      0.16037      0.1563      0.15891      0.15586      0.16014      0.15625      0.15891      0.15576      0.15964      0.15595      0.1584
      19      66      1      HE      -0.2019      8.01184      12.902      -48.963      -0.0922      7.68456      18.7393      -90.992      0.07319      7.86754      13.1545      -161.91      -0.0004      8.25793      14.1708      5.32715      0.15606      0.1572      0.15675      0.16013      0.15575      0.15755      0.15641      0.16084      0.15585      0.15706      0.15613      0.1605      0.15589      0.15616      0.15612      0.1604
      20      66      1      HE      -0.4417      -2.5822      4.32734      160.423      -0.2533      -2.654      19.6242      5.66557      -0.5299      -5.2447      12.1273      162.42      -0.3829      -4.1395      12.768      23.1201      0.15598      0.15796      0.15879      0.15748      0.15576      0.15806      0.1582      0.15808      0.15565      0.15821      0.15831      0.15754      0.15571      0.15781      0.15766      0.1576
      22      65      1      HE      0.21307      -5.4452      5.88968      -16.667      0.15558      -3.2862      3.48136      16.5368      0.29447      -2.5993      2.4829      -50.406      0.22184      -4.506      3.87214      -20.702      0.15867      0.16007      0.15621      0.16177      0.15864      0.15939      0.15568      0.16137      0.15829      0.15885      0.15502      0.16121      0.15851      0.15904      0.15487      0.16123
      24      65      1      HE      0.23108      14.2801      14.0635      29.9146      0.20222      12.7895      17.7602      128.298      0.28737      15.1766      25.0773      10.3411      0.20227      13.0536      31.8635      98.5793      0.15688      0.15761      0.15926      0.15492      0.15684      0.15783      0.15857      0.154      0.1567      0.15737      0.15886      0.1541      0.15654      0.15725      0.15795      0.15439
      19      66      4      HE      0.17691      20.8285      32.0964      115.379      0.12975      21.1703      41.6407      124.661      0.12629      20.5917      37.0148      155.599      0.11229      20.3326      37.1597      83.5072      0.15627      0.15398      0.15367      0.15643      0.15635      0.15385      0.15325      0.1562      0.15608      0.15306      0.15297      0.15602      0.15621      0.15316      0.15308      0.15624
      26      65      1      HE      -0.0295      0.66975      11.7719      63.7947      -0.0174      1.68845      14.0157      -7.3235      -0.0309      1.36656      14.7746      45.961      -0.0369      2.61498      13.0851      53.0933      0.15789      0.15627      0.15658      0.1526      0.15766      0.15606      0.15608      0.15279      0.15754      0.15582      0.15581      0.15273      0.15751      0.15588      0.15585      0.1521
      24      65      6      HE      0.39496      5.91169      -1.5992      -40.418      0.00248      7.82472      17.0701      -17.59      0.11689      6.82597      16.1977      -17.458      -0.037      5.28337      16.2031      -20.808      0.1535      0.15545      0.15043      0.15123      0.15351      0.15497      0.14902      0.15118      0.15322      0.15482      0.14898      0.15085      0.15323      0.15487      0.14898      0.15109
      26      65      4      HE      0.22378      -4.295      -6.9871      39.6211      0.14775      -3.3594      15.183      178.887      0.09362      -2.6795      4.71932      189.113      0.19632      -3.082      10.1788      202.358      0.1531      0.15414      0.15308      0.14978      0.15301      0.15389      0.15225      0.14828      0.15248      0.15309      0.15228      0.14803      0.15281      0.15346      0.15225      0.14806
      20      66      5      HE      0.23766      5.86618      16.9794      53.0044      0.29083      6.83839      16.652      10.719      -0.0221      6.5011      14.0088      78.527      0.09145      4.76666      13.2424      -163.89      0.15161      0.15387      0.15564      0.1551      0.15174      0.15405      0.1553      0.15554      0.1511      0.15392      0.15461      0.15496      0.15151      0.154      0.15461      0.15524
      22      65      6      HE      0.11615      -7.4458      -9.477      -104.16      0.29383      -6.3982      -9.301      -35.285      0.10266      -5.838      -7.5996      -13.928      0.18969      -8.5112      -12.348      -23.513      0.15411      0.15213      0.15414      0.15204      0.15409      0.15153      0.15359      0.15204      0.15372      0.15135      0.15334      0.15148      0.15395      0.15155      0.15339      0.15185
      24      65      4      HE      -0.0731      5.64344      12.835      115.076      0.22178      7.34748      25.1437      218.761      -0.1802      7.5847      10.62      60.4996      -0.054      6.21073      17.6933      199.541      0.15456      0.15582      0.15446      0.15313      0.15474      0.15535      0.15373      0.15255      0.15405      0.1551      0.15371      0.15228      0.15434      0.15509      0.15382      0.15235
      20      66      6      HE      -0.0559      -13.988      -14.957      92.4935      -0.0092      -13.373      -10.168      48.9125      0.1593      -13.272      -7.6239      88.235      -0.0134      -13.422      5.3163      65.3908      0.15413      0.15512      0.15464      0.15465      0.1538      0.15494      0.15381      0.1553      0.15311      0.15462      0.15383      0.15464      0.15354      0.15446      0.15375      0.15496
      22      65      5      HE      -0.2113      -26.315      -37.676      -230.95      0.04277      -24.195      -37.101      -176.89      0.0841      -27.891      -37.61      -174.75      0.23449      -26.804      -35.538      -161.71      0.1536      0.15631      0.15443      0.15424      0.15429      0.15581      0.15411      0.15473      0.15323      0.15599      0.15398      0.15411      0.15408      0.15594      0.15375      0.15397
      24      65      5      HE      0.15609      -26.918      -29.313      -97.345      0.14019      -25.976      -24.687      -13.048      0.12233      -26.19      -25.703      -80.641      0.2504      -25.325      -28.941      20.4578      0.15479      0.15499      0.15389      0.15714      0.15514      0.15463      0.15373      0.15662      0.15446      0.15432      0.15372      0.15645      0.15494      0.15437      0.15293      0.15623
      26      65      6      HE      0.10996      -25.108      -33.73      -135.91      0.02571      -21.579      -13.9      -56.613      0.03055      -22.659      -14.915      -37.979      0.17016      -22.227      -22.093      -42.733      0.15603      0.1578      0.15884      0.15356      0.15617      0.15743      0.15743      0.15284      0.15563      0.15757      0.15761      0.1528      0.15608      0.15743      0.15735      0.15202
      26      65      5      HE      0.38422      -28.452      -36.223      -53.922      0.41558      -27.516      -15.47      226.624      0.34739      -28.191      -10.094      61.451      0.42382      -27.71      -19.532      209.313      0.15537      0.15526      0.15679      0.15393      0.15577      0.15555      0.15548      0.15242      0.15512      0.15541      0.15523      0.15297      0.15561      0.15516      0.15542      0.15221
      19      66      3      HE      -0.2539      -26.69      -21.553      -15.593      -0.1106      -25.949      -32.194      38.2885      -0.1895      -27.603      -17.868      33.8476      -0.083      -27.106      -35.189      26.5568      0.15513      0.15645      0.15405      0.15604      0.15559      0.15656      0.15385      0.15556      0.1551      0.15644      0.15372      0.15575      0.15548      0.15622      0.15359      0.15514
      26      65      3      HE      0.20902      -23.134      -29.792      -62.447      0.18774      -21.995      -23.763      -8.5995      0.13957      -21.408      -28.03      -51.324      0.29483      -21.602      -27.162      -44.354      0.15506      0.1558      0.1536      0.15233      0.15549      0.1555      0.15377      0.15182      0.15492      0.15495      0.15348      0.15158      0.15529      0.15486      0.15326      0.15083
      19      66      2      HE      -1.075      -15.523      -27.548      -197.16      0.24001      -9.7355      -17.286      -164.48      -0.9577      -13.023      -7.7756      -165.36      -0.6807      -12.71      -15.987      -135.14      0.15604      0.15709      0.1533      0.16048      0.15593      0.15705      0.1527      0.16058      0.15535      0.15654      0.15206      0.15996      0.15588      0.15671      0.15217      0.15971
      20      66      3      HE      -0.5524      0.05792      -11.294      -17.804      -0.7918      -2.118      -2.0387      -102.16      -0.5634      -0.5974      -1.2867      -7.7922      -0.5998      -0.8779      -2.6684      -22.08      0.15452      0.1549      0.15729      0.15615      0.15428      0.15542      0.15673      0.15642      0.15402      0.15515      0.15654      0.15639      0.15417      0.15498      0.15604      0.15587
      22      65      3      HE      0.10063      -13.347      -26.48      -99.345      0.08376      -15.023      -19.547      -141.97      0.10169      -14.259      -26.73      -156.24      0.05059      -13.662      -15.977      -175.86      0.15591      0.15483      0.15413      0.15535      0.15568      0.15545      0.15397      0.1553      0.15571      0.15525      0.15367      0.15519      0.15562      0.1551      0.15352      0.15484
      24      65      3      HE      -0.6371      5.31379      10.9302      92.3861      -0.7039      3.54444      15.7946      125.721      -0.6529      5.69244      18.0638      20.7091      -0.7077      4.53691      23.2847      32.5746      0.15436      0.15778      0.1555      0.1531      0.1542      0.15832      0.15487      0.15272      0.15398      0.15786      0.15464      0.153      0.1539      0.15801      0.15435      0.15273
      24      65      2      HE      0.34462      -2.3666      1.98771      19.9235      0.31139      -1.0854      13.9534      40.4287      0.34385      -2.4426      3.35972      40.1077      0.29392      -1.9634      9.91774      63.5548      0.15401      0.15717      0.15674      0.14994      0.15381      0.15728      0.15633      0.15013      0.15372      0.15714      0.15611      0.14975      0.15362      0.15699      0.15596      0.14968
      26      65      2      HE      0.27313      11.1373      11.6478      -43.46      0.29835      12.2465      23.2299      -49.139      0.19218      9.71582      10.0902      -65.942      0.29056      10.5125      23.6732      -22.407      0.15582      0.155      0.15769      0.15256      0.15549      0.15529      0.15697      0.15235      0.15548      0.15497      0.1571      0.15184      0.15522      0.15465      0.15665      0.15179
