#Linking QIE11 condition constant table...
#Printing QIE11 condition constant table! ShuntMode : 6
      29      63      1      HE      0.06535      -0.0887      -1.5836      -53.823      -0.0469      -0.3094      -1.1071      -10.982      0.01046      0.03934      5.01188      -21.388      -0.0437      -0.1638      -0.5507      -0.0128      0.05173      0.05206      0.05206      0.05142      0.05148      0.05217      0.0518      0.05096      0.05166      0.05208      0.05164      0.05108      0.05141      0.05197      0.05151      0.0508
      28      63      1      HE      -0.0632      0.14265      -2.9416      -7.7007      -0.1951      0.1391      -0.3793      -1.9369      -0.2118      -0.0533      0.51972      4.96737      0.08031      0.37043      1.15767      4.58325      0.05195      0.05242      0.05196      0.05076      0.0518      0.05251      0.05181      0.05068      0.05185      0.05235      0.05177      0.05061      0.05164      0.05231      0.0517      0.05056
      18      63      2      HE      -0.0406      3.34827      3.09244      13.3537      -0.0869      3.22445      6.40578      5.14194      -0.0264      3.5113      7.21808      7.79289      0.00317      3.28311      6.17679      0.48695      0.05203      0.05136      0.05089      0.0504      0.05191      0.05136      0.05076      0.05022      0.05206      0.05127      0.05082      0.05019      0.05183      0.05126      0.05056      0.05025
      17      63      2      HE      0.07958      5.87963      3.9494      -25.087      0.08813      6.93974      8.12022      -29.818      0.07867      6.75369      11.0675      -42.05      0.12054      6.83051      8.12792      -31.03      0.05191      0.05195      0.05173      0.05055      0.05176      0.05191      0.05153      0.05086      0.05186      0.05192      0.05146      0.05078      0.05166      0.05184      0.05137      0.05055
      16      63      4      HE      0.04423      3.19582      2.43627      -6.6047      0.00909      2.71315      4.9027      -12.824      0.05039      3.07037      2.32242      -31.805      -0.0131      3.06228      5.03012      -20.15      0.05166      0.05218      0.05075      0.05043      0.05159      0.05229      0.05066      0.05051      0.05165      0.05208      0.05067      0.05052      0.0515      0.05197      0.05051      0.0505
      29      63      2      HE      0.04148      -0.5768      -2.1618      -52.03      -0.0385      -0.1146      -2.6084      -45.974      -0.0118      0.01483      -3.3088      -54.899      -0.051      -0.4902      -1.1959      -82.205      0.05186      0.0524      0.05233      0.05192      0.0518      0.05239      0.0522      0.05191      0.05182      0.05236      0.05218      0.05181      0.0516      0.05226      0.05205      0.05178
      28      63      2      HE      -0.0373      1.27213      1.72924      -35.647      -0.0268      1.52251      6.8182      -21.826      -0.0963      1.7574      4.08995      -23.833      -0.0319      1.2204      1.91607      -16.985      0.05158      0.05212      0.05212      0.05259      0.05151      0.05223      0.05193      0.05239      0.05159      0.05225      0.05181      0.05242      0.05169      0.0521      0.05187      0.05251
      28      63      5      HE      -0.0963      -2.6842      -8.637      -57.658      -0.1129      -2.1456      -2.467      -52.017      -0.0871      -3.1495      -2.0774      -17.728      -0.1579      -2.5293      -4.3308      -36.922      0.05175      0.05209      0.05113      0.05132      0.05176      0.05214      0.05087      0.05134      0.05176      0.0521      0.0508      0.05121      0.05188      0.052      0.05075      0.05128
      28      63      3      HE      0.03901      -2.7552      -1.6704      -11.894      0.05932      -2.6261      3.87317      25.8008      0.0464      -2.266      4.52331      23.8358      0.05169      -2.8539      5.40501      24.4215      0.05179      0.05189      0.05188      0.05211      0.05187      0.05205      0.05152      0.05188      0.05174      0.05198      0.0514      0.05187      0.05194      0.05197      0.05126      0.05184
      28      63      7      HE      0.02191      2.87727      4.50191      8.95278      0.0295      2.97938      3.86288      15.6097      0.00671      2.1548      2.14923      6.01259      0.03921      2.28134      7.87452      3.28009      0.05206      0.05178      0.05187      0.05164      0.05209      0.05217      0.05161      0.05166      0.05197      0.05209      0.05165      0.05147      0.05218      0.05205      0.05153      0.05143
      26      63      7      HE      -0.0472      5.37178      0.04914      -47.615      0.04173      5.0694      0.75618      -69.022      0.00841      4.94372      0.86346      -35.401      0.03971      4.7748      5.10476      -59.461      0.05173      0.05119      0.05076      0.0507      0.05179      0.05151      0.05049      0.05071      0.05169      0.05139      0.05046      0.05055      0.05187      0.05133      0.0504      0.05059
      28      63      6      HE      -0.0678      -0.6935      -5.8279      -20.246      -0.0285      -0.5927      -2.5838      -30.676      -0.0571      -0.3042      -5.5473      -46.926      -0.0278      -0.5675      -0.7714      0.19377      0.05195      0.05161      0.05217      0.05191      0.05201      0.0517      0.05213      0.05197      0.05181      0.05163      0.05186      0.05186      0.05209      0.05163      0.05194      0.05175
      18      63      3      HE      -0.0365      -8.8218      -16.098      -86.338      0.07793      -9.0722      -12.054      -34.872      0.09633      -8.9587      -13.683      -66.063      0.0501      -8.4384      -15.892      -4.2046      0.05266      0.05187      0.05078      0.05105      0.05265      0.05195      0.0505      0.05079      0.0525      0.05178      0.05038      0.05087      0.05263      0.05178      0.05025      0.05051
      28      63      4      HE      0.04944      -9.9031      -8.7197      -13.994      0.04813      -9.3478      -7.5706      -25.831      -0.2246      -9.8567      -5.1508      -28.856      0.05071      -9.303      -5.0256      -26.296      0.05193      0.05135      0.0516      0.05053      0.05186      0.05136      0.05141      0.05045      0.05186      0.05118      0.05127      0.05042      0.05175      0.05118      0.05127      0.05039
      17      63      3      HE      0.05501      -8.6693      -13.845      -32.732      0.01464      -7.9055      -3.9821      -31.678      0.1016      -7.6919      -14.152      -33.059      0.05169      -7.8398      -9.9466      -33.32      0.05206      0.05188      0.05177      0.05144      0.05192      0.05161      0.0514      0.05105      0.05206      0.05156      0.0515      0.05118      0.05193      0.05153      0.05142      0.05113
      18      63      5      HE      0.09027      -8.8034      -10.165      -33.204      0.01756      -8.7686      -5.25      -5.1743      0.04057      -8.8316      -5.0068      -7.5472      0.00256      -8.464      -5.6367      -6.6879      0.05194      0.05155      0.0526      0.05247      0.0519      0.05153      0.05227      0.05212      0.05202      0.05147      0.05218      0.05224      0.05185      0.05129      0.05211      0.0521
      18      63      1      HE      -0.0278      -9.2513      -16.866      6.80842      -0.0038      -9.2552      -10.268      34.9746      0.00735      -8.6527      -13.062      34.6071      0.00886      -8.5882      -12.392      55.9682      0.05155      0.05304      0.05214      0.05155      0.05157      0.05304      0.05176      0.05134      0.05169      0.05296      0.05182      0.05121      0.05147      0.05275      0.05172      0.05113
      18      63      4      HE      0.10779      -7.7297      -6.8976      6.22906      0.07077      -7.5305      -2.7707      12.3176      0.07438      -6.9015      -2.8602      20.2031      0.04739      -7.358      -6.2869      -34.985      0.0523      0.05239      0.0522      0.05289      0.05219      0.05224      0.05208      0.0529      0.05226      0.05216      0.05197      0.05278      0.05212      0.05207      0.0519      0.05287
      18      64      1      HE      0.04729      1.93831      4.98411      -21.555      -0.0385      1.58075      6.18923      -0.1511      0.05494      1.56328      6.12739      21.3369      -0.0119      1.23157      5.39393      10.5372      0.05149      0.0518      0.0525      0.0523      0.05129      0.05193      0.05211      0.05218      0.05121      0.05187      0.05201      0.05176      0.05126      0.05193      0.05199      0.0521
      18      64      4      HE      0.09801      2.3426      4.81888      -37.311      0.02764      2.28609      9.27878      4.75554      0.07904      2.61696      9.24764      0.67989      0.09541      1.8154      10.2902      -10.092      0.05119      0.05141      0.05189      0.05173      0.05092      0.0514      0.05158      0.05177      0.05101      0.05138      0.0515      0.05167      0.05092      0.05143      0.05144      0.05159
      18      64      5      HE      0.07677      -1.2327      3.89149      24.1276      0.01382      -1.3952      5.50915      24.3917      0.07232      -1.0994      0.65377      21.755      0.04034      -1.6932      3.41861      38.6827      0.0511      0.052      0.05229      0.05209      0.05084      0.05213      0.05205      0.05188      0.05094      0.05207      0.05213      0.05178      0.05092      0.05204      0.05203      0.05169
      17      64      3      HE      0.08717      -1.0923      3.95774      33.8597      0.06872      -0.9658      1.51968      62.0131      0.14544      -1.2072      2.76213      43.8121      0.1052      -1.0742      7.28641      0.03429      0.0515      0.0517      0.05138      0.05092      0.05127      0.05174      0.05111      0.05081      0.05142      0.05173      0.0511      0.05082      0.05132      0.0517      0.05107      0.05078
      27      63      4      HE      -0.1644      4.78843      6.45884      32.0955      0.06563      5.36294      10.566      59.0798      -0.1667      4.78988      10.0879      54.3499      0.06451      4.60713      10.1917      57.3341      0.05126      0.05207      0.05165      0.05132      0.05114      0.05223      0.05141      0.05103      0.05119      0.05214      0.05131      0.05097      0.05114      0.05204      0.05125      0.05106
      18      64      3      HE      0.09438      0.79962      1.38216      21.1341      0.09867      0.97627      5.99562      9.43733      0.11163      0.62833      4.44013      23.7712      0.11983      1.58329      5.63474      17.6611      0.05175      0.0525      0.0514      0.05166      0.0516      0.05251      0.05115      0.0519      0.05161      0.05246      0.0511      0.05166      0.0516      0.05237      0.05103      0.05174
      27      63      7      HE      0.03121      -12.805      -19.822      -61.534      0.07866      -12.305      -15.09      -42.218      0.09812      -12.195      -14.489      -41.923      0.06109      -12.095      -14.267      -62.563      0.05264      0.05411      0.05225      0.05136      0.05264      0.05396      0.0518      0.05105      0.05243      0.05382      0.05171      0.05102      0.05257      0.05386      0.05174      0.05106
      27      63      3      HE      -0.0085      -6.198      -10.487      -16.577      0.07355      -6.1419      -7.9568      27.1108      -0.0026      -6.1879      -7.2327      -18.48      0.01953      -6.5759      -3.4858      -25.024      0.0512      0.0511      0.05109      0.05142      0.05117      0.05121      0.05082      0.0512      0.05119      0.05114      0.05074      0.05139      0.05113      0.05122      0.0507      0.05141
      27      63      5      HE      0.05088      -2.7356      -6.0376      -29.051      0.02036      -3.4568      -2.6771      32.3105      0.05933      -2.9327      -2.1107      -14.762      0.01357      -3.5746      -2.6394      -4.2871      0.05152      0.05212      0.05219      0.05168      0.05147      0.0523      0.05171      0.05136      0.05145      0.05218      0.05153      0.05143      0.05138      0.05211      0.05156      0.05134
      27      63      6      HE      0.02117      -3.9394      -2.8871      -37.177      -0.022      -3.8213      -1.0352      -41.083      -0.0126      -3.4313      -5.4041      -25.581      0.00132      -4.4561      -2.1809      -58.556      0.05199      0.05259      0.05182      0.0504      0.05199      0.05273      0.05158      0.0504      0.05204      0.05266      0.05154      0.05032      0.05189      0.05261      0.05153      0.05032
      29      63      3      HE      0.03123      -2.8183      -5.7352      -16.427      0.02389      -2.0519      1.61618      50.2712      0.05097      -1.8931      3.04481      -5.5848      0.03256      -2.5279      -1.3749      9.53381      0.05092      0.05146      0.0507      0.04978      0.05085      0.05114      0.05033      0.04956      0.05093      0.05109      0.05028      0.04971      0.05084      0.05111      0.05029      0.04962
      27      63      1      HE      0.12237      -8.5464      -5.6979      27.7537      0.04782      -9.3466      -1.6787      15.4913      0.10173      -9.5386      -4.8251      29.4746      0.10697      -9.1197      -3.9805      44.8037      0.05182      0.05155      0.0516      0.05231      0.05169      0.05183      0.05139      0.05242      0.05153      0.05166      0.05133      0.05208      0.05167      0.05166      0.05125      0.05203
      18      64      2      HE      0.02755      -8.5979      -7.1173      -2.5338      -0.0636      -9.1269      -5.5756      -21.872      0.01093      -9.0824      -6.7283      -33.003      0.01706      -9.7685      -6.0544      2.0606      0.05167      0.05183      0.05089      0.05118      0.05153      0.05194      0.05074      0.05124      0.05149      0.05182      0.0507      0.05119      0.05141      0.05178      0.05067      0.05097
      17      64      2      HE      0.09796      -10.207      -13.961      -49.6      0.06014      -10.459      -9.4165      -61.466      0.06736      -10.864      -9.6681      -55.255      0.00381      -11.288      -10.564      -50.053      0.05123      0.05107      0.05173      0.05212      0.05103      0.05125      0.05156      0.05201      0.0509      0.05115      0.05151      0.0518      0.05102      0.05121      0.05145      0.05194
      16      64      4      HE      0.10867      -8.5244      -9.9491      -13.183      -0.0249      -9.3627      -6.1062      -13.997      0.07902      -9.4308      -7.3375      -14.696      -0.0002      -9.3042      -4.8156      -3.16      0.0514      0.05176      0.05104      0.05066      0.05115      0.05207      0.05086      0.05042      0.05116      0.05192      0.0507      0.05035      0.05112      0.05187      0.05078      0.05038
      27      63      2      HE      -0.0312      -8.346      -1.3427      7.88031      -0.0182      -9.1085      1.67155      36.4477      -0.01      -9.3333      -1.3055      11.276      0.06911      -8.6188      -2.2094      29.6215      0.0512      0.05151      0.05101      0.04943      0.05102      0.05166      0.05093      0.0495      0.05102      0.05164      0.05083      0.0494      0.05095      0.05157      0.05077      0.0492
      27      65      1      HE      0.11643      -11.165      -10.263      -38.737      0.13152      -11.664      -9.724      -30.837      0.10801      -11.946      -13.662      -22.11      0.0372      -11.729      -11.653      -22.889      0.05187      0.05302      0.05127      0.05252      0.05186      0.05301      0.05111      0.0524      0.05171      0.05289      0.05097      0.05232      0.05174      0.05277      0.05092      0.05218
      18      65      2      HE      0.1348      -5.5052      0.77885      -10.407      0.12266      -4.3104      -3.231      -24.126      -0.1187      -4.8475      -0.7026      -33.703      -0.2035      -5.2704      -6.7493      -26.393      0.05154      0.05175      0.05153      0.05119      0.05144      0.05143      0.05143      0.05126      0.05135      0.05134      0.0513      0.05128      0.05119      0.05121      0.05137      0.05123
      17      65      2      HE      0.11726      -5.3737      -6.6037      -22.533      0.06883      -5.3441      -4.3454      -20.571      0.09248      -5.6392      -3.2341      -34.77      0.0012      -5.7341      -4.4354      -21.75      0.05112      0.05053      0.05186      0.05041      0.05104      0.05038      0.05165      0.0505      0.05106      0.05039      0.05143      0.0504      0.05087      0.05043      0.05146      0.05031
      16      65      4      HE      0.08424      -9.1379      -10.095      -63.797      0.11567      -9.5924      -6.8387      -49.086      0.10654      -9.6565      -7.1989      -45.548      0.08568      -10.477      -7.2141      -94.375      0.05158      0.05168      0.05097      0.05165      0.05146      0.05186      0.05077      0.05172      0.0515      0.05177      0.05072      0.05164      0.05137      0.05181      0.0507      0.05164
      27      65      2      HE      0.12267      -10.928      -8.8429      -48.433      0.1301      -10.368      -4.7677      -47.594      0.10079      -10.144      -6.8728      -75.834      0.13252      -11.222      -4.0181      -84.424      0.05112      0.05146      0.05175      0.05047      0.05103      0.0514      0.05148      0.05056      0.05106      0.0513      0.05142      0.0506      0.05079      0.05148      0.05133      0.05062
      27      65      5      HE      0.12919      -1.3758      1.26452      17.2651      0.19048      -0.5053      4.27513      -3.3624      0.01331      -0.3945      4.82352      -0.1732      0.05805      -1.2862      4.57835      31.3979      0.05198      0.05236      0.05281      0.05245      0.05223      0.05225      0.05249      0.05241      0.05172      0.05195      0.05233      0.0523      0.05166      0.05204      0.0523      0.05222
      27      65      3      HE      -0.1667      0.25969      -0.6275      36.2966      -0.155      0.36242      5.13216      26.6195      -0.1311      0.55576      2.5426      14.995      -0.1339      0.66334      2.99521      -1.1446      0.05204      0.05234      0.05281      0.05152      0.05219      0.05219      0.05259      0.05171      0.05164      0.05204      0.0525      0.05154      0.05156      0.05187      0.05249      0.05164
      27      65      7      HE      0.02498      -1.1587      -2.3544      -15.576      -0.0779      -0.7129      0.57654      -20.931      -0.0924      -1.613      -3.826      -11.838      0.00398      -0.8509      0.90722      -14.406      0.05264      0.05359      0.05281      0.05232      0.05288      0.0535      0.05261      0.05225      0.05263      0.05342      0.05266      0.05224      0.05254      0.05344      0.05245      0.05222
      29      65      3      HE      0.16523      -1.1187      -1.6738      37.2178      0.13538      -0.3748      -2.5755      18.7103      0.1205      -0.6008      1.57706      -4.2168      0.10929      -0.4042      1.6015      1.98997      0.05244      0.0524      0.05286      0.05142      0.05268      0.05205      0.05269      0.05167      0.05231      0.05197      0.05262      0.05152      0.05223      0.05192      0.05258      0.05148
      27      65      6      HE      0.14583      -2.2228      -4.0477      -33.909      0.15552      -1.7096      -4.7512      -37.766      0.11819      -1.6836      -1.4231      -31.8      0.13569      -1.7723      0.67102      -21.145      0.05284      0.05232      0.05267      0.05128      0.05299      0.05211      0.05252      0.05119      0.05255      0.05199      0.05232      0.05111      0.05258      0.05185      0.05229      0.05104
      18      65      3      HE      0.0566      -11.016      -10.806      23.0679      0.12429      -10.831      -8.0441      -0.2781      0.03258      -10.608      -6.8327      19.9514      0.043      -11.046      -7.2079      -42.165      0.05201      0.05232      0.05286      0.05142      0.05218      0.05224      0.05261      0.05164      0.05196      0.05208      0.05255      0.05146      0.05199      0.0521      0.05257      0.05164
      27      65      4      HE      0.04783      -4.5449      -5.3118      -14.656      0.06581      -3.3644      1.8694      10.3832      0.03546      -4.086      -0.3706      14.9018      0.05221      -3.8613      -0.367      29.0964      0.05083      0.05172      0.05096      0.05038      0.05103      0.05167      0.0507      0.05017      0.0509      0.05164      0.05056      0.05005      0.05062      0.05158      0.05064      0.04972
      17      65      3      HE      0.10111      -5.5547      -2.4742      -34.087      0.11045      -3.0356      -4.4277      -26.456      0.09316      -4.5748      -0.9845      -26.375      -0.1738      -5.5235      -5.0295      -12.846      0.05164      0.05235      0.05181      0.05248      0.05175      0.05175      0.05158      0.0524      0.05156      0.05201      0.05145      0.05237      0.05138      0.05207      0.05153      0.05213
      18      65      5      HE      0.04873      -5.9029      -10.795      -36.175      0.04851      -6.0058      -4.1514      -17.48      0.01925      -6.1356      -7.524      -28.478      0.0234      -5.9706      -3.2207      -21.944      0.0521      0.05167      0.052      0.0526      0.05234      0.05176      0.05175      0.05261      0.0522      0.05163      0.05177      0.05231      0.05201      0.05151      0.05164      0.05243
      18      65      1      HE      0.05713      -9.5036      -8.2579      3.68515      0.12447      -8.7951      -7.3707      15.9617      0.09789      -9.4388      -8.2535      4.1021      0.05824      -9.2754      -9.9051      -5.7774      0.05184      0.05267      0.05147      0.05215      0.05193      0.05247      0.05139      0.05209      0.05181      0.05252      0.05114      0.05201      0.05162      0.05246      0.05103      0.05195
      18      65      4      HE      0.03797      -9.8716      -6.8343      47.7419      0.03839      -9.8353      -1.9789      14.5935      0.0941      -9.2872      -5.5433      8.81515      0.0816      -9.8663      -6.4337      14.3434      0.0515      0.05134      0.05229      0.05077      0.05155      0.05128      0.05213      0.05055      0.05149      0.05116      0.05208      0.0506      0.05127      0.05118      0.05205      0.05063
      18      66      1      HE      -0.3791      -3.7453      -7.9824      -9.1747      0.23902      -2.4567      -1.4473      -15.49      -0.2511      -3.602      -1.8788      10.906      -0.1581      -3.315      -0.2897      29.6939      0.05204      0.0523      0.05196      0.05034      0.05203      0.05225      0.05141      0.05028      0.05162      0.05209      0.0514      0.05013      0.05191      0.05209      0.05137      0.0501
      18      66      4      HE      0.02731      0.68997      3.15755      61.3658      0.04324      0.63696      6.14165      61.0208      -0.1799      0.18865      4.04689      62.6995      -0.2279      0.54468      7.31899      70.9579      0.05224      0.05289      0.05374      0.05091      0.05226      0.05315      0.05358      0.05095      0.052      0.05299      0.0535      0.0508      0.05205      0.05299      0.05347      0.05081
      18      66      5      HE      0.12591      -3.3605      -10.493      -101.26      0.14134      -4.0208      -5.8365      -15.58      -0.0229      -3.9784      -6.1635      -35.52      0.10608      -4.2027      -1.613      -68.84      0.05206      0.05296      0.0521      0.0526      0.05203      0.05316      0.05182      0.05235      0.05184      0.05297      0.0516      0.05226      0.05185      0.05297      0.05155      0.0523
      17      66      3      HE      -0.1249      2.04873      7.48566      -13.645      0.06302      2.6809      6.75306      13.4508      -0.2356      1.74521      8.62867      33.934      0.10104      2.71827      4.36019      11.875      0.05213      0.05274      0.05249      0.05262      0.05213      0.05277      0.05219      0.05255      0.05179      0.05262      0.05212      0.05242      0.05182      0.0526      0.05206      0.05249
      28      65      4      HE      0.15046      -1.1164      -0.6784      29.6301      0.17133      -1.283      -2.874      25.7945      0.05768      -1.8561      0.7244      -34.63      0.12717      -1.7731      -1.2779      -27.824      0.05172      0.05226      0.0523      0.05112      0.05174      0.05256      0.05222      0.05127      0.05138      0.05234      0.05201      0.05118      0.05147      0.05236      0.05203      0.05128
      18      66      3      HE      0.1246      3.16647      -0.0162      -41.919      0.06359      2.18308      0.95847      -34.591      0.04505      2.159      -2.9011      -11.794      0.1019      2.41258      -1.7081      -20.733      0.05146      0.05147      0.0521      0.05112      0.05147      0.05171      0.05181      0.05098      0.05123      0.05165      0.05184      0.05092      0.05128      0.05164      0.05184      0.0508
      28      65      7      HE      0.01423      -9.6738      -8.0265      10.4859      0.00939      -9.7831      -9.4903      4.82538      0.07998      -9.8466      -9.1047      19.4396      0.02313      -10.135      -5.6662      25.1528      0.0507      0.05064      0.04947      0.05153      0.05069      0.05075      0.04939      0.05151      0.0506      0.0507      0.04935      0.0515      0.05066      0.05065      0.04925      0.05133
      28      65      3      HE      0.0528      -9.9952      -12.818      -51.945      -0.0115      -10.743      -9.4873      -45.011      0.05705      -10.69      -9.0598      -49.533      -0.0216      -10.497      -8.7758      -37.727      0.05232      0.05332      0.05301      0.05315      0.05233      0.05358      0.05263      0.05291      0.05226      0.05345      0.05258      0.05285      0.0523      0.05339      0.05265      0.05288
      28      65      5      HE      0.08939      -7.8834      -10.97      -11.121      0.04238      -7.8231      -5.1049      -73.675      0.07098      -8.2915      -7.3847      -28.314      0.03601      -7.8948      -4.6427      -90.221      0.05156      0.05226      0.05286      0.05219      0.05163      0.0523      0.05271      0.05237      0.05145      0.05227      0.0525      0.05228      0.05151      0.05221      0.05244      0.05243
      28      65      6      HE      -0.059      -8.1231      -9.7229      -80.366      -0.0059      -7.4113      -11.039      -66.668      -0.0262      -7.6396      -9.7327      -59.655      -0.0162      -7.6191      -8.4155      -79.686      0.0524      0.05319      0.05298      0.05204      0.05239      0.05308      0.05274      0.052      0.05232      0.05304      0.05271      0.05192      0.05239      0.05304      0.0527      0.05194
      26      65      7      HE      0.10754      -8.2636      -8.4392      -29.142      0.1492      -8.7916      -0.5148      -1.9552      0.1141      -8.6489      -2.5137      -9.5459      0.13602      -9.0788      0.51414      0.05606      0.05236      0.05326      0.05294      0.05227      0.05237      0.05342      0.05253      0.05208      0.05225      0.0533      0.05237      0.05205      0.05231      0.05329      0.05236      0.05202
      28      65      2      HE      0.01917      -9.1313      -10.261      -6.0716      0.03308      -9.7462      -10.589      -23.2      0.0812      -9.4453      -9.5107      -1.4048      0.08727      -8.9661      -9.1567      -10.172      0.05198      0.05302      0.05223      0.05196      0.05204      0.05315      0.05218      0.05217      0.0519      0.05305      0.05211      0.05207      0.05193      0.05304      0.05204      0.05193
      29      65      1      HE      0.02212      2.05948      6.14195      -28.28      0.12567      3.52474      6.27434      11.7365      0.11172      2.18428      9.58555      -16.673      0.10896      2.15625      9.59473      8.45682      0.05093      0.05168      0.05223      0.05042      0.05088      0.05124      0.05195      0.05016      0.05082      0.05141      0.05196      0.0502      0.05076      0.0514      0.05189      0.05007
      28      65      1      HE      0.01094      -2.044      -5.5285      -49.629      0.05873      -1.6742      -6.8269      -74.012      0.04553      -1.3734      -3.5368      -66.56      0.01243      -1.0187      -4.7665      -66.194      0.05041      0.05125      0.05153      0.05146      0.05033      0.05114      0.05124      0.05139      0.05028      0.05096      0.05117      0.05125      0.05025      0.05092      0.05112      0.05124
      18      66      2      HE      0.03646      1.19988      2.58409      -18.236      0.12149      1.69373      2.30846      -17.862      0.13007      1.55727      3.03359      -6.9416      0.04331      1.60532      -0.1347      -15.352      0.05115      0.05164      0.05141      0.05124      0.0511      0.05161      0.05115      0.0511      0.05093      0.05155      0.05102      0.05094      0.05097      0.05152      0.05108      0.05098
      17      66      2      HE      -0.0153      -2.0497      -4.8082      -54.883      0.01868      -1.6267      -0.3071      -54.997      -0.0381      -1.4999      -0.1841      -65.496      -0.0028      -1.7348      0.89393      -44.52      0.05184      0.05197      0.05233      0.05126      0.05176      0.05175      0.05192      0.05118      0.05168      0.05168      0.05195      0.05121      0.0517      0.05167      0.05186      0.05109
      16      66      4      HE      0.0271      1.50033      -2.9332      -38.092      0.03928      2.35981      3.16822      -60.131      0.05617      2.00581      4.7357      -48.76      -0.0263      1.42123      3.92882      -48.127      0.05091      0.05135      0.05218      0.05025      0.05084      0.05108      0.05185      0.05022      0.05081      0.05104      0.05167      0.05012      0.05072      0.0511      0.05171      0.0499
      29      65      2      HE      0.07781      -4.6362      -3.1291      24.7659      0.03043      -3.7054      1.66577      -4.0007      0.02099      -3.9777      -1.0223      -12.64      -0.0132      -4.1611      1.5793      -2.6208      0.05145      0.05143      0.05299      0.0506      0.05139      0.05116      0.05266      0.05064      0.05131      0.05112      0.0526      0.05062      0.05123      0.05112      0.05249      0.05057
      19      63      2      HE      -0.0056      0.19995      -3.6666      -87.296      -0.0181      0.50281      1.51721      -78.225      0.00101      0.64488      -0.992      -83.823      -0.0176      -0.2263      0.67515      -96.888      0.05093      0.05068      0.04978      0.05057      0.05093      0.05075      0.04955      0.05059      0.05067      0.0507      0.04944      0.05047      0.05074      0.05072      0.04941      0.05045
      20      63      3      HE      0.02326      -0.5954      -1.2803      -19.598      0.07004      -0.4273      6.90195      4.89784      0.06698      -0.5109      1.31079      1.69587      0.07849      -0.2811      6.04717      20.3884      0.04963      0.05092      0.05059      0.0508      0.04963      0.05118      0.05031      0.05051      0.04949      0.05101      0.05024      0.05054      0.04954      0.05102      0.05015      0.05048
      22      63      3      HE      -0.0109      -2.7652      -4.208      -20.647      -0.0178      -3.4702      -3.0491      -26.04      -0.0269      -3.0499      -0.8445      -86.362      0.0205      -3.5743      -4.1198      -25.923      0.051      0.05091      0.05067      0.05037      0.05104      0.05117      0.05037      0.05038      0.05088      0.05096      0.0503      0.05048      0.05091      0.05092      0.0504      0.05038
      24      63      3      HE      0.02479      -6.719      -12.649      -65.324      0.03296      -6.6689      -9.0492      -98.14      0.00759      -7.3245      -11.513      -81.12      0.04962      -6.6316      -9.4381      -79.705      0.05027      0.05018      0.04949      0.04832      0.05038      0.05047      0.04927      0.04847      0.05017      0.05036      0.04906      0.04825      0.05028      0.05036      0.04911      0.04831
      24      63      2      HE      0.10372      -1.6353      3.54479      22.3016      -0.0073      -1.9627      4.88221      -17.602      0.02881      -1.5968      4.17061      27.7009      0.11207      -1.0799      6.25274      -16.082      0.05045      0.05074      0.0499      0.04986      0.05061      0.05094      0.04969      0.04981      0.05035      0.05087      0.04961      0.04962      0.0504      0.05078      0.04956      0.04973
      26      63      2      HE      0.06867      -0.4051      0.77245      34.6841      0.06256      0.46718      4.17689      -6.8155      0.02476      -0.1846      0.49623      -14.125      0.06939      -0.285      4.07654      -10.584      0.05047      0.0505      0.05011      0.04968      0.05047      0.05043      0.04988      0.04974      0.05028      0.05044      0.04993      0.04975      0.0503      0.0504      0.0498      0.04968
      24      63      6      HE      0.04536      0.59392      -0.7358      6.37118      0.03712      0.19449      6.01521      1.81346      0.06491      0.47891      3.39629      37.6871      0.0638      -0.0062      3.01376      43.0979      0.05134      0.05163      0.05073      0.05119      0.05134      0.05178      0.05029      0.05117      0.0513      0.05171      0.05024      0.05099      0.05107      0.05172      0.05021      0.05096
      24      63      5      HE      0.0382      3.42373      2.83536      0.39316      -0.0452      3.30468      4.72428      0.46775      0.01231      3.21044      8.79771      25.7487      0.01732      2.69332      3.70278      7.1673      0.05082      0.05131      0.05048      0.04922      0.05077      0.05138      0.05011      0.0489      0.05071      0.05137      0.05005      0.04883      0.05056      0.05129      0.04995      0.04884
      26      63      5      HE      0.0256      5.07933      0.91541      12.3607      0.02634      5.53407      10.0789      5.32138      0.02223      4.61404      5.10994      -20.892      0.00259      4.91741      2.81913      2.2676      0.05114      0.0515      0.05117      0.05111      0.05115      0.05166      0.0509      0.05107      0.051      0.05162      0.05078      0.0509      0.05094      0.05157      0.05071      0.05087
      26      63      6      HE      0.07572      -1.8658      -3.8437      -28.832      0.05729      -1.9393      0.65245      -17.519      0.05415      -1.8176      -0.7986      -4.6641      0.06476      -1.9555      4.18813      -11.592      0.05146      0.05169      0.0509      0.04981      0.0514      0.05173      0.05071      0.04969      0.05133      0.05165      0.05063      0.04956      0.05122      0.05158      0.05051      0.04959
      19      63      3      HE      0.03881      -2.6326      -2.4973      29.3738      0.08409      -2.9563      1.57666      38.9715      -0.065      -3.2525      1.74119      1.91541      0.0527      -2.5712      -1.7174      49.931      0.05153      0.05175      0.05109      0.05051      0.05157      0.05185      0.05101      0.05031      0.05136      0.05162      0.05081      0.05026      0.05121      0.05155      0.05087      0.05027
      26      63      3      HE      0.03045      1.85061      1.62666      -4.5056      0.02521      1.75309      0.86484      11.6819      0.021      2.06664      5.13299      29.4733      0.01033      1.58363      6.42536      32.2818      0.05125      0.05136      0.05152      0.04932      0.0512      0.05129      0.05129      0.04915      0.05106      0.05121      0.05115      0.04906      0.05092      0.0512      0.05111      0.049
      19      63      5      HE      0.00567      -9.3487      -12.596      -25.28      0.03486      -9.8138      -12.375      -32.945      0.07401      -9.5842      -7.349      -37.51      0.04904      -9.7792      -9.9328      -41.153      0.05164      0.05167      0.05128      0.04938      0.05169      0.05181      0.05122      0.04936      0.0517      0.05169      0.05103      0.04915      0.05162      0.05169      0.05108      0.0493
      26      63      4      HE      0.09622      -9.8072      -10.716      -34.942      0.1194      -9.5578      -3.9723      -19.978      0.06055      -9.5526      -6.7289      -16.154      0.02268      -10.125      -2.1885      -14.479      0.0509      0.05164      0.05032      0.05294      0.05093      0.05159      0.04997      0.05277      0.05098      0.05156      0.04982      0.05269      0.05082      0.05156      0.04979      0.0527
      20      63      6      HE      -0.1643      -6.6539      -3.0261      11.5527      -0.1359      -7.1243      0.30494      47.4791      -0.1849      -7.2059      1.44653      36.1049      -0.0484      -7.4403      -0.6161      35.562      0.05102      0.05224      0.05174      0.0521      0.05114      0.05255      0.05157      0.05193      0.05109      0.05245      0.05145      0.05194      0.05096      0.05239      0.05149      0.05196
      20      63      5      HE      0.06803      -7.4927      -11.883      -36.116      0.01683      -7.9092      -11.03      -33.228      -0.0079      -7.7812      -10.599      -34.139      0.09883      -7.4226      -9.8835      -38.287      0.05081      0.05166      0.05141      0.05173      0.05084      0.05182      0.0513      0.05165      0.05094      0.05175      0.05127      0.05151      0.05081      0.05168      0.05118      0.05145
      22      63      5      HE      -0.0138      -8.6691      -14.907      -66.186      0.07237      -8.1211      -5.924      -51.437      -0.0282      -8.8767      -8.4528      -39.603      -0.0096      -9.1245      -5.8416      -10.339      0.05023      0.05204      0.05095      0.05147      0.0503      0.05216      0.0506      0.05144      0.05036      0.05221      0.05063      0.05132      0.05029      0.0521      0.05054      0.05113
      22      63      6      HE      -0.0261      -9.0142      -3.983      -4.9189      -0.0276      -8.8091      -7.3      38.0744      -0.0203      -8.6826      -4.1992      26.1981      0.06335      -9.1039      -4.5395      57.7528      0.05083      0.05132      0.0509      0.05181      0.05086      0.05143      0.05072      0.05151      0.0509      0.05132      0.05064      0.05139      0.05085      0.05139      0.05064      0.05098
      19      63      1      HE      0.07646      -2.9308      -0.3053      -38.209      0.099      -3.4513      2.77758      -18.165      0.0484      -3.2126      8.46028      -12.372      0.07115      -3.4741      7.05076      -7.0031      0.05148      0.05139      0.05183      0.04986      0.05133      0.05162      0.05151      0.04965      0.05138      0.05155      0.05134      0.04975      0.05121      0.05153      0.05134      0.04969
      20      63      1      HE      0.01797      -3.411      0.89917      16.4363      0.05006      -3.5419      -0.0134      24.0075      0.04044      -3.3638      5.61983      -13.927      0.04424      -3.368      2.75139      -14.198      0.05122      0.05108      0.0518      0.05144      0.05109      0.05137      0.05157      0.05139      0.0512      0.05128      0.05146      0.05135      0.05093      0.05131      0.05146      0.05132
      22      63      1      HE      -0.1208      0.63581      4.73483      16.2016      -0.0911      0.35821      5.46544      50.115      -0.1482      0.02379      2.86734      24.2447      -0.2071      -0.7611      5.04711      49.463      0.05185      0.05248      0.05083      0.05092      0.05173      0.05282      0.05069      0.05084      0.05177      0.05281      0.0505      0.05087      0.05152      0.05272      0.05054      0.05076
      24      63      1      HE      0.0731      -4.4248      -7.1968      -14.516      0.01185      -4.365      -3.995      -51.806      -0.0001      -3.8339      -5.7457      -5.1944      0.01933      -5.0002      -6.777      -38.354      0.0512      0.05205      0.05113      0.0521      0.05105      0.05217      0.05095      0.05222      0.05117      0.05207      0.05092      0.05207      0.05088      0.05206      0.05081      0.05214
      19      63      4      HE      -0.0759      0.43442      2.47624      -0.7099      0.0757      0.33612      3.28404      31.3478      0.07509      -0.0318      6.3086      73.2303      -0.1191      -0.1516      1.3879      24.7738      0.05094      0.05153      0.05036      0.0509      0.05078      0.05165      0.05022      0.05088      0.05084      0.05156      0.05013      0.05065      0.05061      0.05153      0.05005      0.05075
      26      63      1      HE      0.12113      -1.5783      1.07591      51.3776      0.07023      -2.0145      -0.1145      34.5819      0.09751      -2.536      5.23144      33.5573      0.09044      -1.9664      0.06069      91.8706      0.05179      0.05162      0.05108      0.05074      0.05165      0.05185      0.0509      0.0506      0.0517      0.05176      0.05079      0.05064      0.05142      0.05168      0.05073      0.05031
      19      63      6      HE      0.12026      2.05373      3.52009      20.5194      0.0958      1.76578      6.29882      11.47      -0.0214      0.61803      6.39871      -0.5671      -0.0943      0.55522      4.40119      13.174      0.05283      0.0532      0.05352      0.05162      0.05234      0.05339      0.0533      0.0518      0.05242      0.05333      0.05326      0.05159      0.0525      0.05337      0.05321      0.05179
      24      63      4      HE      0.08616      1.74934      2.02442      30.5082      0.07245      1.41583      5.70742      37.9453      0.15164      1.17844      5.63896      30.8215      0.09666      1.25303      7.15561      -2.8648      0.05263      0.05239      0.05318      0.05135      0.05214      0.05245      0.05308      0.05128      0.05236      0.0524      0.05298      0.05144      0.05228      0.05242      0.05282      0.05131
      22      63      2      HE      0.0476      -0.8931      0.29882      14.8684      0.04218      -1.1319      2.62763      8.78009      0.12803      -0.4861      4.5472      8.72504      0.03267      -1.1121      3.62307      22.4404      0.05259      0.05319      0.05215      0.05244      0.052      0.05324      0.05191      0.05228      0.0523      0.05323      0.05188      0.05225      0.05221      0.05317      0.05187      0.05213
      20      63      2      HE      0.10544      -0.3802      1.18919      -11.788      0.04731      -0.9742      0.37592      -12.796      0.12372      -1.0347      3.48022      -1.7194      0.07291      -0.9432      2.53555      -1.2051      0.05234      0.05224      0.05116      0.05219      0.05187      0.05239      0.05113      0.05214      0.05226      0.05228      0.05111      0.05203      0.05218      0.05234      0.05089      0.05208
      22      63      4      HE      -0.1221      3.85374      3.74548      -9.403      -0.1541      2.97768      11.0254      -8.27      -0.1312      3.15614      11.6959      -18.027      -0.0778      2.93843      7.6124      -14.979      0.05278      0.05251      0.05104      0.051      0.05239      0.05275      0.05086      0.05078      0.05262      0.05272      0.05075      0.05075      0.05252      0.05269      0.05071      0.05069
      20      63      4      HE      0.10299      -0.1288      1.21731      -48.395      0.04209      -0.2973      0.1453      -66.923      0.07729      -0.3652      0.23705      -57.75      0.13686      -0.6274      1.01849      -84.535      0.05331      0.05258      0.05244      0.0508      0.05278      0.05258      0.05219      0.05084      0.053      0.05256      0.05206      0.05073      0.05295      0.05258      0.05202      0.05074
      19      64      5      HE      -0.025      -4.1686      -8.9127      -47.363      -0.0396      -3.5012      0.59626      -58.131      -0.0366      -3.093      -1.8321      -32.269      -0.0209      -3.0724      -1.2392      -37.819      0.0511      0.05095      0.05138      0.05145      0.0511      0.05068      0.05104      0.05141      0.05098      0.05061      0.05107      0.05133      0.05084      0.05057      0.05102      0.0511
      19      64      6      HE      0.0182      -1.6867      -4.7177      -12.287      0.03955      -1.0438      -1.6027      -1.1255      0.09411      -0.8964      1.33961      42.9374      0.05801      -1.2476      -0.3522      16.2993      0.05122      0.05141      0.05015      0.05001      0.05114      0.05126      0.04995      0.04977      0.05109      0.05121      0.04995      0.04961      0.05099      0.05122      0.04972      0.04966
      21      63      2      HE      0.07443      -0.69      1.69686      -37.711      0.04591      -0.6003      4.99926      -9.177      0.07234      -0.6417      5.78726      -19.426      0.07318      -1.6294      2.87879      -28.102      0.05081      0.05102      0.05141      0.05077      0.05071      0.05099      0.05118      0.05074      0.05068      0.05096      0.05115      0.05067      0.05049      0.051      0.05101      0.05055
      20      64      2      HE      0.02902      -3.2607      -0.8135      -32.439      0.02782      -2.7929      -1.0725      -45.787      0.04186      -2.8867      0.74173      -47.918      0.03295      -2.8653      0.53583      -41.009      0.05148      0.05122      0.0511      0.05002      0.05147      0.05107      0.05097      0.05019      0.05144      0.05106      0.05101      0.05013      0.05138      0.05101      0.05081      0.04992
      21      63      4      HE      0.04775      -1.1981      -3.1299      6.83194      -0.0557      -0.3666      1.23227      3.82864      -0.058      -1.3406      -1.6017      1.85678      0.06675      -1.3463      -4.6973      -28.362      0.05144      0.0515      0.05152      0.05074      0.05144      0.05134      0.05151      0.05063      0.05128      0.05145      0.05147      0.05063      0.05125      0.05147      0.05146      0.05065
      20      64      4      HE      0.16378      -6.4181      -6.6338      -1.2351      0.09211      -5.9481      0.109      28.3393      0.0912      -5.5082      -1.6742      28.8966      -0.0032      -6.6549      -7.4719      34.7641      0.05123      0.0508      0.05018      0.05011      0.05106      0.05062      0.04982      0.05006      0.05098      0.05055      0.04979      0.05      0.05088      0.05064      0.04997      0.04983
      19      64      1      HE      0.01191      2.63023      3.81913      7.54746      -0.0112      1.36315      6.84456      16.7941      -0.0449      2.36776      3.86085      18.6446      0.04745      2.20227      4.41698      0.8978      0.05214      0.05208      0.05147      0.05223      0.05152      0.05212      0.05119      0.05212      0.05198      0.05203      0.05127      0.05208      0.0514      0.05204      0.05111      0.0521
      20      64      1      HE      0.06148      0.99409      3.24815      29.5189      0.12087      0.53092      5.24775      -2.3792      0.0421      0.95146      6.85364      -18.319      0.0009      -0.1343      8.06514      -2.3975      0.0522      0.05212      0.05188      0.05244      0.05162      0.05231      0.05165      0.05237      0.05212      0.05227      0.05165      0.05236      0.0514      0.05228      0.05161      0.05232
      21      63      1      HE      0.01551      1.05325      0.33491      -11.695      -0.0551      0.04917      6.94098      19.2119      0.0563      0.05257      7.13916      39.3635      -0.0631      0.78975      4.73567      -24.701      0.0518      0.0521      0.05177      0.05124      0.05126      0.05216      0.05143      0.05113      0.05184      0.05216      0.05144      0.05105      0.0511      0.05203      0.05142      0.05123
      23      63      1      HE      0.02125      0.79894      1.1919      15.3624      0.0238      0.66494      5.02109      3.90954      0.07354      1.25586      5.97966      6.61393      0.00881      0.73045      3.761      10.2521      0.05188      0.05164      0.05165      0.05035      0.05137      0.05177      0.05154      0.05024      0.05178      0.05174      0.05146      0.05006      0.05127      0.05165      0.05134      0.05021
      19      64      4      HE      -0.1441      1.71568      6.88536      1.52299      0.03807      0.87965      7.70581      -2.3526      0.04638      0.9906      6.29101      17.384      0.04037      0.45988      5.81371      10.204      0.05156      0.05146      0.05209      0.05235      0.05112      0.05166      0.05197      0.05215      0.05144      0.05169      0.05195      0.05204      0.05091      0.0516      0.05182      0.05196
      25      63      1      HE      0.07048      5.74197      0.95419      -2.7078      -0.008      5.44238      4.20173      23.6009      0.07511      5.70979      4.15626      -14.954      -0.0022      5.14064      2.84031      -11.17      0.05173      0.05203      0.05147      0.05027      0.05122      0.05204      0.0513      0.05015      0.05165      0.052      0.05119      0.05003      0.051      0.0519      0.05118      0.05002
      23      63      6      HE      0.09405      -4.3551      -3.6464      -49.639      0.00218      -4.2309      -1.6726      -52.589      0.08508      -3.9516      -1.2951      -48.321      0.06445      -3.4531      -3.6813      -53.519      0.05079      0.05163      0.05076      0.05149      0.05073      0.05175      0.0506      0.05164      0.05075      0.05172      0.0505      0.05165      0.05063      0.05165      0.05046      0.05156
      25      63      4      HE      -0.018      -2.8126      -2.246      6.22485      0.04189      -3.6892      -0.0021      6.58692      0.02205      -3.7365      3.17031      9.10649      -0.0228      -4.0524      0.33126      2.99869      0.05113      0.05133      0.05071      0.05183      0.05104      0.05159      0.05059      0.05174      0.05108      0.05151      0.05048      0.05169      0.0509      0.05151      0.05047      0.05157
      20      64      5      HE      -0.1527      0.4538      0.07869      -42.219      -0.1436      0.59157      3.25001      -11.062      -0.2176      -0.1547      0.67578      -36.963      -0.1887      -0.0343      4.12483      -8.0741      0.05088      0.05112      0.05097      0.05014      0.05081      0.05127      0.05077      0.0501      0.05085      0.05122      0.0508      0.05014      0.05064      0.05118      0.05069      0.04995
      21      63      6      HE      0.02364      -4.9905      -6.086      -48.788      0.06412      -5.1295      -2.6549      5.53229      0.10131      -4.6981      -1.4051      -33.61      -0.0013      -5.2618      -2.8162      -18.972      0.05114      0.05084      0.05101      0.04996      0.05103      0.05099      0.05079      0.04976      0.05104      0.05087      0.05073      0.0498      0.05084      0.05086      0.05067      0.04978
      23      63      4      HE      0.00651      0.92019      -3.2593      -37.189      0.04828      0.21481      4.62683      -15.386      0.09874      0.50159      4.1358      1.95749      0.05669      0.18117      1.06003      -31.808      0.05096      0.05179      0.05221      0.05127      0.05095      0.05199      0.05199      0.0511      0.051      0.05189      0.05183      0.05084      0.05074      0.05181      0.05181      0.05077
      20      64      6      HE      -0.0196      -1.9606      -0.4315      -27.891      -0.0097      -2.0603      -1.8      -18.441      0.08109      -1.601      0.1252      -6.6289      0.06303      -2.0529      4.77649      -21.213      0.05083      0.05106      0.05049      0.05068      0.0507      0.0512      0.05034      0.05077      0.05075      0.05109      0.05025      0.05065      0.05051      0.05104      0.0502      0.05063
      21      63      5      HE      -0.0004      3.50457      -7.0748      -52.42      0.00811      3.53039      4.80392      -49.302      0.01249      3.91956      5.36157      -38.129      0.0092      3.75626      0.30443      -40.829      0.05063      0.05065      0.05108      0.05018      0.05069      0.05072      0.05069      0.05012      0.05071      0.05064      0.05064      0.05013      0.05067      0.05057      0.05064      0.04995
      23      63      5      HE      0.00109      -0.2665      -4.7515      22.9673      -0.0034      -0.6058      0.83886      4.70478      0.02835      -0.9267      1.57434      3.08032      0.0009      -0.7055      1.32973      5.00464      0.05128      0.05278      0.05111      0.0506      0.05123      0.05275      0.05089      0.05048      0.05131      0.05269      0.05086      0.05035      0.05121      0.05269      0.0508      0.05026
      25      63      6      HE      -0.0175      -3.4993      -4.0505      -16.887      -0.0001      -2.5138      -1.7833      -7.1946      -0.0633      -2.864      3.8062      -21.282      -0.009      -2.637      -2.0924      -51.797      0.05123      0.0516      0.04999      0.05065      0.05122      0.0515      0.04975      0.05053      0.0512      0.05141      0.04964      0.05056      0.05109      0.05141      0.04974      0.05067
      25      63      5      HE      -0.0652      -6.5605      -8.9848      -41.827      -0.0556      -5.9422      -7.097      -30.761      -0.0578      -5.7499      -7.3393      -18.114      -0.0434      -6.4763      -7.1625      -28.807      0.05137      0.05183      0.05172      0.05129      0.05151      0.05166      0.05138      0.05103      0.05148      0.05159      0.05138      0.05088      0.05141      0.05164      0.05137      0.05097
      19      64      3      HE      0.06402      -6.5457      -8.6392      -21.095      0.04886      -6.5358      -4.1446      -13.418      0.00606      -6.5384      -6.278      -12.294      -0.0039      -6.9507      -3.9661      8.32186      0.05088      0.0507      0.05019      0.05118      0.05092      0.05078      0.04986      0.05111      0.05094      0.05063      0.04985      0.05093      0.05082      0.05066      0.04978      0.05102
      25      63      3      HE      -0.056      -9.379      -9.1694      7.56722      -0.0581      -8.2801      -3.7372      -3.0556      -0.0361      -8.982      -7.9761      28.7107      -0.0633      -8.4423      -7.6833      -11.76      0.05106      0.05143      0.05168      0.05171      0.0511      0.0514      0.05147      0.05137      0.05116      0.05141      0.05153      0.05136      0.05105      0.05135      0.05142      0.0514
      19      64      2      HE      0.08847      -8.163      -7.8412      -64.436      0.0895      -8.564      -3.0974      -14.871      0.05486      -8.813      0.67844      -41.296      0.09031      -8.6496      -0.7243      -22.042      0.05174      0.05281      0.05198      0.0532      0.05163      0.05293      0.0516      0.05294      0.05167      0.05285      0.05148      0.05295      0.05153      0.05283      0.05145      0.05294
      20      64      3      HE      0.00672      -9.6889      -8.7194      1.5288      0.00044      -9.6503      -6.3506      -43.384      0.01978      -9.8004      -6.1312      -40.448      -0.003      -10.325      -9.9997      -3.7723      0.05188      0.05284      0.05287      0.0516      0.05168      0.0528      0.05257      0.0518      0.0518      0.05274      0.05245      0.0517      0.05163      0.05274      0.05254      0.05163
      21      63      3      HE      -0.0107      -9.0733      -7.6772      -6.9577      -0.0072      -9.8698      -3.9641      1.91239      0.02535      -9.3327      -3.5723      -0.7738      -0.0075      -10.108      -1.5898      3.79547      0.05189      0.05265      0.0533      0.05357      0.05181      0.05278      0.05293      0.05369      0.05177      0.05269      0.05287      0.05353      0.05173      0.05271      0.05297      0.05347
      23      63      3      HE      -0.0114      -9.6146      -13      15.2132      -0.0267      -9.6337      -6.0942      -72.595      -0.0221      -9.3683      -10.741      -32.643      0.00294      -9.8451      -11.028      -41.413      0.05241      0.05248      0.05214      0.0531      0.05226      0.05253      0.05187      0.05336      0.05227      0.05255      0.05182      0.05325      0.05217      0.05252      0.05181      0.05325
      23      63      2      HE      0.15088      -9.4382      -8.6034      -63.715      0.14867      -9.0205      -4.1653      -12.175      0.05785      -9.523      -4.3981      -2.3331      0.06038      -9.341      -3.9298      -11.566      0.05179      0.0522      0.05234      0.05145      0.05164      0.05229      0.05202      0.05122      0.05169      0.0522      0.05203      0.05112      0.05162      0.05225      0.05191      0.05109
      25      63      2      HE      0.01184      -9.4774      -8.2597      -6.8545      0.10003      -9.5332      -3.5707      9.11994      0.14018      -9.7532      -4.67      22.0494      0.03129      -9.9097      -6.3634      21.4834      0.05184      0.05255      0.05317      0.05199      0.05171      0.05255      0.05295      0.05191      0.05169      0.05252      0.05287      0.0516      0.05165      0.05258      0.05282      0.05158
      19      65      2      HE      -0.2514      -2.9976      -1.5903      -78.244      -0.1839      -2.6497      -1.4691      -87.021      -0.2381      -3.0662      0.44073      -95.073      -0.1292      -2.575      0.93653      -113.25      0.05061      0.05074      0.05054      0.05043      0.05075      0.05099      0.05039      0.05078      0.05062      0.05103      0.05016      0.05078      0.05058      0.05066      0.05022      0.0509
      20      65      3      HE      0.04625      -9.4536      -9.5442      -11.152      0.07942      -8.7863      -0.7764      -12.728      0.01249      -9.1231      -1.0355      -0.8553      0.04397      -9.7724      -2.7067      -43.068      0.05105      0.05154      0.05171      0.05077      0.05118      0.05138      0.05143      0.05088      0.05091      0.0513      0.05141      0.05093      0.05094      0.05151      0.05132      0.05085
      21      65      3      HE      0.0254      -8.1739      -10.631      -78.967      -0.0138      -6.9755      -8.9646      -111.07      -0.0169      -7.6282      -9.8174      -101.74      0.04341      -7.378      -9.2475      -118.89      0.05008      0.05103      0.05091      0.05098      0.05019      0.05092      0.05085      0.05127      0.04999      0.05093      0.05067      0.05131      0.05005      0.0509      0.05068      0.05125
      23      65      3      HE      -0.0251      -8.967      -6.4374      -38.949      0.05629      -8.9652      -4.3881      -82.719      -0.0018      -8.4534      -3.0223      -131.41      -0.0297      -9.2021      -2.1046      -144.24      0.05075      0.05156      0.05147      0.05229      0.05098      0.05157      0.05122      0.0527      0.05075      0.0514      0.05118      0.05296      0.05088      0.05135      0.05117      0.05299
      23      65      2      HE      0.11391      -4.4375      -2.9455      -19.494      0.10567      -4.6437      -3.0916      -68.381      0.09204      -3.8862      -1.4641      -94.998      0.13253      -5.1799      -2.4727      -48.275      0.05042      0.05082      0.0504      0.0526      0.05045      0.0509      0.05017      0.05271      0.0503      0.05054      0.05016      0.05278      0.05024      0.05087      0.04997      0.05257
      25      65      2      HE      0.1236      -3.4501      -1.9936      6.77157      0.07818      -2.36      -0.1908      0.48158      0.0282      -3.4944      -1.5275      -14.895      0.06061      -3.8867      -2.5741      -26.08      0.05076      0.05196      0.05075      0.05116      0.05085      0.05177      0.05067      0.05134      0.05068      0.05193      0.05062      0.05136      0.05074      0.05201      0.05063      0.05116
      23      65      6      HE      0.14115      -0.1175      -3.4696      -36.567      0.13565      -0.4052      -0.5695      -16.915      0.06254      -0.4244      -0.1576      -30.677      0.11973      -0.3359      -1.8142      1.96764      0.05142      0.05228      0.05086      0.05114      0.05158      0.05248      0.05066      0.05114      0.0512      0.05221      0.05058      0.05091      0.05129      0.05227      0.05049      0.05081
      23      65      5      HE      0.06653      -1.4426      5.39379      42.0819      0.09927      -0.991      4.10268      25.5892      -0.0067      -1.3187      -0.9817      0.92227      0.05227      -1.3619      1.65525      32.4566      0.05318      0.05269      0.05081      0.05107      0.05338      0.05262      0.05075      0.05146      0.05298      0.05256      0.05073      0.05128      0.053      0.0525      0.05067      0.05117
      25      65      5      HE      0.04623      0.20133      1.75107      29.435      0.02839      1.13828      7.35107      -15.122      0.0433      0.34823      3.48115      2.95234      0.08597      1.12461      3.9421      -4.2987      0.05113      0.05132      0.05128      0.0504      0.05127      0.05102      0.05102      0.05053      0.05089      0.05108      0.05109      0.05046      0.05096      0.05094      0.05089      0.05029
      25      65      6      HE      -0.0171      -0.4022      -1.3647      7.28096      0.00342      -0.5138      -0.3864      -2.9228      -0.0203      -0.8076      1.48478      -37.679      0.01142      -0.1463      2.0801      -35.07      0.05214      0.05194      0.05168      0.05324      0.05241      0.05198      0.05144      0.05357      0.05194      0.05192      0.05139      0.0535      0.05199      0.05184      0.05133      0.05335
      19      65      3      HE      0.13828      -1.871      -3.5777      -5.3159      0.11831      -1.3426      1.05678      -16.461      0.03568      -1.644      0.38681      -47.681      -0.0928      -1.9812      -2.1416      -41.804      0.05189      0.05278      0.05149      0.05203      0.05208      0.0526      0.05145      0.05219      0.05152      0.05261      0.05138      0.05211      0.05162      0.05256      0.05123      0.05205
      25      65      3      HE      0.10466      -0.7792      2.43873      8.98105      0.07833      -0.2743      1.95226      10.0081      0.04349      -0.9652      1.25017      -28.642      0.05146      -0.9592      4.83834      -47.934      0.05144      0.05179      0.05233      0.05154      0.05169      0.0519      0.05219      0.05175      0.05113      0.0517      0.0521      0.05162      0.05128      0.05155      0.05206      0.05165
      19      65      5      HE      -0.1315      -1.9101      5.39454      -34.488      -0.1824      -1.7797      2.19356      -41.198      -0.1349      -1.7922      3.77764      -2.9152      -0.1518      -1.8628      0.05132      5.45408      0.05068      0.0504      0.04929      0.04943      0.05066      0.05036      0.04912      0.04961      0.05048      0.0503      0.04905      0.04947      0.05042      0.05029      0.04909      0.04932
      25      65      4      HE      -0.01      -8.7507      -5.9286      14.4921      0.03253      -8.1707      -5.6264      49.0346      0.00821      -8.6049      -11.466      74.1501      0.01272      -8.2761      -8.2825      -1.8206      0.05107      0.0511      0.05132      0.05093      0.05098      0.05086      0.05125      0.05069      0.05094      0.05076      0.05128      0.05051      0.05079      0.05071      0.05121      0.05084
      20      65      6      HE      0.0541      -6.1876      -5.3704      11.0907      0.00899      -6.5896      -2.0657      58.8315      0.01864      -6.9227      -0.841      28.5667      0.05292      -6.109      0.08394      14.4735      0.05068      0.05073      0.05025      0.05018      0.05076      0.05062      0.05005      0.04998      0.05053      0.05065      0.04988      0.04989      0.05054      0.05051      0.04978      0.04996
      20      65      5      HE      0.04122      -7.7424      -7.4653      20.5326      0.0316      -7.0286      -4.2985      23.4695      0.02674      -8.1716      -1.4751      -14.872      0.00796      -7.3508      -2.1388      17.4622      0.05038      0.05033      0.04998      0.05138      0.05049      0.05023      0.04987      0.05141      0.05028      0.05031      0.0497      0.05149      0.05032      0.05019      0.04967      0.05133
      21      65      5      HE      0.04998      -4.2551      -5.1096      -11.593      0.07685      -3.8724      -1.9441      -58.456      0.07766      -4.3388      -3.0472      -57.551      0.07923      -3.8974      -4.872      -8.597      0.05027      0.05132      0.05092      0.05023      0.05026      0.05125      0.05083      0.05039      0.05012      0.0513      0.05068      0.05034      0.05005      0.05121      0.05066      0.05031
      21      65      6      HE      0.06157      -4.2863      -4.5001      -48.647      0.03743      -3.1726      -5.3351      -19.713      0.13966      -3.5163      -7.9789      -44.216      0.05561      -3.2574      -7.2238      -35.756      0.05083      0.05126      0.0509      0.05186      0.05086      0.05111      0.05072      0.05168      0.05072      0.05099      0.0508      0.05172      0.05063      0.05097      0.05077      0.05159
      19      65      1      HE      0.10325      -2.9564      -4.3167      -38.761      0.12804      -2.6032      -1.0012      -65.24      0.06227      -2.0091      -2.1569      -27.405      0.10079      -2.5738      -3.5104      -43.017      0.05184      0.05247      0.0505      0.05257      0.05187      0.05249      0.05032      0.05258      0.05182      0.05234      0.05033      0.05258      0.05173      0.05235      0.05031      0.05249
      20      65      1      HE      -0.0028      -6.1036      -2.0271      -16.363      0.01601      -4.4071      -3.0236      -37.023      -0.0447      -5.3563      -1.4726      -60.098      0.00359      -5.6604      -1.58      -34.168      0.05225      0.05253      0.05196      0.0523      0.05225      0.05225      0.05168      0.05251      0.05218      0.05235      0.05166      0.05253      0.05199      0.0523      0.05159      0.05258
      21      65      1      HE      0.00613      -4.7322      -1.9774      8.8994      0.04812      -4.3602      -1.3925      28.8534      0.06317      -4.7679      3.7825      13.6899      -0.0087      -4.1825      3.06799      9.20147      0.05258      0.05274      0.05273      0.05354      0.05253      0.05277      0.05239      0.05341      0.05249      0.05273      0.05238      0.05345      0.05231      0.05272      0.05236      0.05341
      23      65      1      HE      -0.0183      -5.2893      -3.0372      -13.121      0.04609      -4.4176      -1.8747      -1.234      -0.007      -4.4025      -0.4434      19.4787      -0.0675      -5.2395      1.16499      36.88      0.05263      0.05379      0.05211      0.05289      0.05273      0.05363      0.05175      0.05272      0.05259      0.0535      0.05168      0.05263      0.05242      0.05355      0.05175      0.05244
      19      65      4      HE      0.02714      -4.9717      -1.0558      -7.2306      0.15514      -4.5551      1.42419      -6.1974      0.09239      -4.7979      -2.3974      -6.6603      -0.0251      -4.7226      -0.8148      -7.3092      0.05197      0.05307      0.05305      0.05231      0.05208      0.05305      0.05301      0.05217      0.05193      0.05304      0.05298      0.05209      0.05176      0.05297      0.05286      0.05206
      25      65      1      HE      0.035      -5.8792      -5.5076      -16.139      0.07111      -6.1317      -10.208      -32.385      0.00864      -5.6083      -6.4485      -25.146      -0.0018      -5.508      -5.6441      -30.34      0.05244      0.0538      0.05379      0.0525      0.05252      0.05387      0.05378      0.05259      0.05239      0.05363      0.05373      0.05261      0.05221      0.05361      0.05373      0.05257
      19      65      6      HE      0.11056      -5.2282      -6.7765      -30.738      0.02812      -5.5525      -6.0253      -47.399      0.11401      -5.2037      -6.5272      -45.14      0.08334      -5.5288      -7.7363      -40.373      0.05267      0.05376      0.05376      0.05246      0.05278      0.05361      0.05357      0.05261      0.05242      0.05352      0.05357      0.05258      0.05241      0.05356      0.05353      0.05247
      23      65      4      HE      0.03083      -5.762      -2.257      -16      0.11738      -5.2343      -2.7532      48.589      0.0875      -7.0014      -2.5835      23.6518      -0.0286      -5.9545      -0.1854      1.57557      0.05233      0.05231      0.0533      0.05211      0.05227      0.05228      0.05315      0.05175      0.05212      0.05241      0.05307      0.05187      0.05201      0.05229      0.05297      0.05189
      21      65      2      HE      0.0575      -5.3406      -4.5665      -19.493      -0.0502      -4.7883      -2.9501      38.3032      0.01363      -5.0862      -1.0007      5.87821      -0.0006      -5.1339      -1.5214      41.278      0.05236      0.05236      0.05299      0.05219      0.05247      0.05225      0.05286      0.05197      0.05234      0.05217      0.05265      0.05203      0.05231      0.05216      0.05267      0.05186
      20      65      2      HE      0.10726      -2.9235      0.89437      -45.215      0.08517      -2.8849      4.08371      -32.702      0.05149      -2.9467      3.41746      -68.064      0.07615      -3.5502      4.24398      -26.998      0.05241      0.05219      0.05264      0.05119      0.05247      0.05212      0.05232      0.05143      0.05245      0.05207      0.05232      0.05118      0.05223      0.05196      0.05216      0.05107
      21      65      4      HE      0.14983      -6.8566      -6.675      -16.91      0.1017      -5.3557      -6.1665      -59.797      0.19622      -5.853      -5.642      -46.481      0.14409      -5.7137      -2.4597      -48.527      0.0526      0.05354      0.05269      0.05238      0.05255      0.0532      0.05234      0.05275      0.0524      0.05306      0.05223      0.05263      0.0523      0.05308      0.0521      0.05267
      20      65      4      HE      0.09564      -6.7661      -2.5371      -2.8658      -0.0291      -6.3965      0.66217      -6.1883      0.00169      -6.142      0.53877      -9.8233      0.05856      -5.8128      -1.8129      11.8969      0.05244      0.05202      0.05305      0.05196      0.05237      0.05184      0.05283      0.05189      0.05244      0.05181      0.05283      0.05204      0.05205      0.05172      0.05267      0.05166
      19      66      5      HE      0.01368      0.78534      1.97797      -15.291      0.04626      1.10296      2.33608      -40.872      -0.0271      0.87216      3.94452      -22.738      -0.0122      0.72196      4.72844      -41.283      0.05187      0.05279      0.05241      0.05297      0.05177      0.05268      0.05222      0.05292      0.05179      0.05261      0.05207      0.05283      0.05176      0.05262      0.05206      0.05283
      19      66      6      HE      0.00227      2.83231      3.09231      -24.512      -0.0497      3.80813      5.40723      -20.024      0.01165      3.88548      7.97877      -12.508      0.00976      3.77359      5.88883      8.21419      0.05209      0.05254      0.053      0.05243      0.05206      0.05233      0.0528      0.05229      0.0521      0.05231      0.05256      0.05226      0.05203      0.05222      0.0525      0.05212
      22      65      2      HE      -0.0316      5.58585      9.53501      34.5929      -0.0129      5.48196      6.11316      43.0383      -0.0126      4.92851      9.84649      53.1812      -0.0218      4.88758      9.9084      36.0514      0.05197      0.05236      0.05242      0.053      0.05197      0.05244      0.05231      0.05311      0.05197      0.05249      0.05211      0.05285      0.05201      0.0524      0.05209      0.05286
      20      66      2      HE      0.05421      -1.2735      0.00155      -50.38      0.02162      -1.2286      5.44756      88.3097      0.06407      -0.7149      1.82585      33.3103      0.07429      -0.7205      0.97568      15.8549      0.05219      0.05347      0.0528      0.05288      0.05212      0.05328      0.0523      0.05219      0.0521      0.05316      0.05224      0.05231      0.05209      0.05307      0.05216      0.05221
      22      65      4      HE      0.08959      -3.1944      -1.9447      -44.803      0.02616      -2.7333      0.95326      12.5505      -0.008      -3.0452      1.35852      23.3442      0.08271      -2.3174      1.90082      -7.7331      0.05228      0.05237      0.05204      0.05117      0.05222      0.05236      0.05168      0.05075      0.05221      0.05228      0.05152      0.05041      0.05219      0.05224      0.0515      0.0505
      20      66      4      HE      -0.0685      2.37558      7.81648      51.3821      -0.0476      2.71454      4.96004      21.0912      -0.0232      2.63328      5.2301      39.5862      -0.04      2.96922      9.84632      10.2025      0.05205      0.05352      0.05222      0.0531      0.05192      0.05346      0.0521      0.05297      0.05195      0.05338      0.05208      0.05297      0.05192      0.05321      0.05198      0.0528
      19      66      1      HE      -0.0673      2.67061      4.30069      -16.321      -0.0307      2.56152      6.24646      -30.33      0.0244      2.62251      4.38485      -53.97      -0.0001      2.75264      4.7236      1.77572      0.05202      0.0524      0.05225      0.05338      0.05192      0.05252      0.05214      0.05361      0.05195      0.05235      0.05204      0.0535      0.05196      0.05205      0.05204      0.05347
      20      66      1      HE      -0.1472      -0.8607      1.44245      53.4744      -0.0844      -0.8846      6.54142      1.88852      -0.1766      -1.7482      4.04244      54.1402      -0.1276      -1.3798      4.25601      7.7067      0.05199      0.05265      0.05293      0.05249      0.05192      0.05269      0.05273      0.05269      0.05188      0.05274      0.05277      0.05251      0.0519      0.0526      0.05255      0.05253
      22      65      1      HE      0.07102      -1.815      1.96323      -5.5559      0.05186      -1.0954      1.16045      5.51229      0.09816      -0.8664      0.82763      -16.802      0.07395      -1.502      1.29071      -6.9009      0.05289      0.05336      0.05207      0.05392      0.05288      0.05313      0.05189      0.05379      0.05276      0.05295      0.05167      0.05374      0.05284      0.05301      0.05162      0.05374
      24      65      1      HE      0.07703      4.76003      4.68783      9.97156      0.06741      4.26317      5.92007      42.7662      0.09579      5.05889      8.3591      3.44704      0.06742      4.35122      10.6211      32.8597      0.05229      0.05254      0.05309      0.05164      0.05228      0.05261      0.05286      0.05133      0.05223      0.05246      0.05295      0.05137      0.05218      0.05242      0.05265      0.05146
      19      66      4      HE      0.05897      6.94284      10.6988      38.4599      0.04325      7.05677      13.8802      41.5538      0.0421      6.86393      12.3383      51.8666      0.03743      6.77756      12.3865      27.8357      0.05209      0.05133      0.05122      0.05214      0.05212      0.05128      0.05108      0.05207      0.05203      0.05102      0.05099      0.05201      0.05207      0.05105      0.05103      0.05208
      26      65      1      HE      -0.0098      0.22325      3.92397      21.2649      -0.0058      0.56282      4.67193      -2.4411      -0.0103      0.45552      4.92488      15.3203      -0.0123      0.87166      4.36172      17.6977      0.05263      0.05209      0.05219      0.05087      0.05255      0.05202      0.05203      0.05093      0.05251      0.05194      0.05194      0.05091      0.0525      0.05196      0.05195      0.0507
      24      65      6      HE      0.13165      1.97056      -0.533      -13.472      0.00083      2.60824      5.69006      -5.8635      0.03896      2.27532      5.39924      -5.8195      -0.0123      1.76112      5.40105      -6.9361      0.05117      0.05182      0.05014      0.05041      0.05117      0.05166      0.04967      0.05039      0.05107      0.05161      0.04966      0.05028      0.05108      0.05162      0.04966      0.05036
      26      65      4      HE      0.07459      -1.4316      -2.329      13.207      0.04925      -1.1198      5.061      59.629      0.03121      -0.8931      1.57311      63.0376      0.06544      -1.0273      3.39296      67.4529      0.05103      0.05138      0.05103      0.04993      0.051      0.0513      0.05075      0.04943      0.05083      0.05103      0.05076      0.04934      0.05094      0.05115      0.05075      0.04935
      20      66      5      HE      0.07922      1.95539      5.65982      17.6681      0.09694      2.27946      5.55068      3.57301      -0.0073      2.16703      4.66963      26.1757      0.03048      1.58889      4.41414      -54.631      0.05054      0.05129      0.05188      0.0517      0.05058      0.05135      0.05177      0.05185      0.05037      0.05131      0.05154      0.05165      0.0505      0.05133      0.05154      0.05175
      22      65      6      HE      0.03872      -2.4819      -3.159      -34.722      0.09794      -2.1327      -3.1003      -11.761      0.03422      -1.946      -2.5332      -4.6427      0.06323      -2.837      -4.116      -7.8377      0.05137      0.05071      0.05138      0.05068      0.05136      0.05051      0.0512      0.05068      0.05124      0.05045      0.05111      0.05049      0.05132      0.05052      0.05113      0.05062
      24      65      4      HE      -0.0243      1.88115      4.27836      38.3589      0.07393      2.44916      8.38124      72.9204      -0.0601      2.52823      3.54002      20.1665      -0.018      2.07024      5.8978      66.5136      0.05152      0.05194      0.05149      0.05104      0.05158      0.05178      0.05124      0.05085      0.05135      0.0517      0.05124      0.05076      0.05145      0.0517      0.05127      0.05078
      20      66      6      HE      -0.0186      -4.6628      -4.9858      30.8311      -0.003      -4.4576      -3.3893      16.3041      0.0531      -4.424      -2.5413      29.4116      -0.0044      -4.4743      1.7721      21.7969      0.05138      0.05171      0.05155      0.05155      0.05127      0.05165      0.05127      0.05177      0.05104      0.05154      0.05128      0.05155      0.05118      0.05149      0.05125      0.05165
      22      65      5      HE      -0.0704      -8.7718      -12.558      -76.985      0.01426      -8.065      -12.367      -58.965      0.02803      -9.2972      -12.536      -58.251      0.07816      -8.9347      -11.846      -53.904      0.0512      0.0521      0.05148      0.05141      0.05143      0.05194      0.05137      0.05158      0.05108      0.052      0.05133      0.05137      0.05136      0.05198      0.05125      0.05132
      24      65      5      HE      0.05203      -8.9729      -9.7711      -32.448      0.04673      -8.6589      -8.2291      -4.3494      0.04078      -8.7302      -8.5678      -26.88      0.08347      -8.4417      -9.647      6.8193      0.0516      0.05166      0.0513      0.05238      0.05171      0.05154      0.05124      0.05221      0.05149      0.05144      0.05124      0.05215      0.05165      0.05146      0.05098      0.05208
      26      65      6      HE      0.03665      -8.3693      -11.243      -45.304      0.00857      -7.1932      -4.6335      -18.871      0.01018      -7.553      -4.9718      -12.659      0.05672      -7.4092      -7.3645      -14.244      0.05201      0.0526      0.05295      0.05119      0.05206      0.05248      0.05248      0.05095      0.05188      0.05252      0.05254      0.05093      0.05203      0.05248      0.05245      0.05067
      26      65      5      HE      0.12807      -9.4842      -12.074      -17.974      0.13853      -9.1721      -5.1567      75.5414      0.1158      -9.3971      -3.3647      20.4836      0.14127      -9.2367      -6.5109      69.7712      0.05179      0.05175      0.05226      0.05131      0.05192      0.05185      0.05183      0.05081      0.05171      0.0518      0.05174      0.05099      0.05187      0.05172      0.05181      0.05074
      19      66      3      HE      -0.0846      -8.8968      -7.1843      -5.1978      -0.0368      -8.6498      -10.731      12.7628      -0.0632      -9.2012      -5.956      11.2825      -0.0276      -9.0354      -11.729      8.85229      0.05171      0.05215      0.05135      0.05201      0.05186      0.05219      0.05128      0.05185      0.0517      0.05215      0.05124      0.05192      0.05183      0.05207      0.0512      0.05171
      26      65      3      HE      0.06967      -7.7113      -9.9309      -20.816      0.06258      -7.3317      -7.921      -2.8665      0.04652      -7.1361      -9.3435      -17.108      0.09828      -7.2008      -9.0542      -14.784      0.05169      0.05193      0.0512      0.05078      0.05183      0.05183      0.05126      0.05061      0.05164      0.05165      0.05116      0.05053      0.05176      0.05162      0.05109      0.05028
      19      66      2      HE      -0.3583      -5.1746      -9.1828      -65.723      0.08      -3.2451      -5.762      -54.829      -0.3192      -4.341      -2.5918      -55.121      -0.2269      -4.2369      -5.3292      -45.048      0.05201      0.05236      0.0511      0.05349      0.05198      0.05235      0.0509      0.05353      0.05178      0.05218      0.05069      0.05332      0.05196      0.05224      0.05072      0.05324
      20      66      3      HE      -0.1841      0.01931      -3.7649      -5.9346      -0.2639      -0.706      -0.6795      -34.056      -0.1878      -0.1991      -0.4289      -2.5974      -0.1999      -0.2926      -0.8894      -7.3602      0.05151      0.05163      0.05243      0.05205      0.05143      0.05181      0.05224      0.05214      0.05134      0.05172      0.05218      0.05213      0.05139      0.05166      0.05201      0.05196
      22      65      3      HE      0.03354      -4.4491      -8.8268      -33.115      0.02792      -5.0079      -6.5158      -47.324      0.0339      -4.7532      -8.9102      -52.082      0.01686      -4.5542      -5.3259      -58.622      0.05197      0.05161      0.05138      0.05178      0.05189      0.05182      0.05132      0.05177      0.0519      0.05175      0.05122      0.05173      0.05187      0.0517      0.05117      0.05161
      24      65      3      HE      -0.2124      1.77126      3.64341      30.7954      -0.2346      1.18148      5.2649      41.907      -0.2176      1.89748      6.02128      6.90303      -0.2359      1.5123      7.76157      10.8582      0.05145      0.05259      0.05183      0.05103      0.0514      0.05277      0.05162      0.05091      0.05133      0.05262      0.05155      0.051      0.0513      0.05267      0.05145      0.05091
      24      65      2      HE      0.11487      -0.7888      0.66257      6.64117      0.1038      -0.3618      4.65115      13.4762      0.11462      -0.8142      1.11991      13.3692      0.09797      -0.6544      3.30591      21.1849      0.05134      0.05239      0.05225      0.04998      0.05127      0.05243      0.05211      0.05004      0.05124      0.05238      0.05204      0.04992      0.05121      0.05233      0.05199      0.04989
      26      65      2      HE      0.09104      3.71245      3.88262      -14.486      0.09945      4.08217      7.74333      -16.379      0.06406      3.23861      3.36343      -21.98      0.09685      3.5042      7.89108      -7.469      0.05194      0.05167      0.05256      0.05085      0.05183      0.05176      0.05232      0.05078      0.05183      0.05166      0.05237      0.05061      0.05174      0.05155      0.05222      0.0506
