#Linking QIE11 condition constant table...
#Printing QIE11 condition constant table! ShuntMode : 10
      29      63      1      HE      0.03921      -0.0532      -0.9501      -32.294      -0.0281      -0.1856      -0.6642      -6.5893      0.00628      0.0236      3.00713      -12.833      -0.0262      -0.0983      -0.3304      -0.0077      0.03104      0.03124      0.03124      0.03085      0.03089      0.0313      0.03108      0.03058      0.031      0.03125      0.03099      0.03065      0.03085      0.03118      0.03091      0.03048
      28      63      1      HE      -0.0379      0.08559      -1.7649      -4.6204      -0.117      0.08346      -0.2276      -1.1622      -0.1271      -0.032      0.31183      2.98042      0.04818      0.22226      0.6946      2.74995      0.03117      0.03145      0.03118      0.03045      0.03108      0.0315      0.03108      0.03041      0.03111      0.03141      0.03106      0.03037      0.03098      0.03139      0.03102      0.03033
      18      63      2      HE      -0.0243      2.00896      1.85546      8.01225      -0.0521      1.93467      3.84347      3.08517      -0.0158      2.10678      4.33085      4.67574      0.0019      1.96986      3.70608      0.29217      0.03122      0.03082      0.03054      0.03024      0.03114      0.03082      0.03046      0.03013      0.03124      0.03076      0.03049      0.03011      0.0311      0.03076      0.03034      0.03015
      17      63      2      HE      0.04775      3.52778      2.36964      -15.052      0.05288      4.16385      4.87213      -17.89      0.0472      4.05221      6.64051      -25.23      0.07232      4.09831      4.87675      -18.618      0.03114      0.03117      0.03104      0.03033      0.03105      0.03114      0.03092      0.03051      0.03112      0.03115      0.03087      0.03047      0.031      0.0311      0.03082      0.03033
      16      63      4      HE      0.02654      1.91749      1.46176      -3.9628      0.00545      1.62789      2.94162      -7.6944      0.03023      1.84222      1.39345      -19.083      -0.0079      1.83737      3.01807      -12.09      0.031      0.03131      0.03045      0.03026      0.03095      0.03138      0.0304      0.0303      0.03099      0.03125      0.0304      0.03031      0.0309      0.03118      0.03031      0.0303
      29      63      2      HE      0.02489      -0.3461      -1.2971      -31.218      -0.0231      -0.0687      -1.565      -27.584      -0.007      0.0089      -1.9853      -32.939      -0.0306      -0.2941      -0.7176      -49.323      0.03112      0.03144      0.0314      0.03115      0.03108      0.03144      0.03132      0.03115      0.03109      0.03142      0.03131      0.03109      0.03096      0.03136      0.03123      0.03107
      28      63      2      HE      -0.0223      0.76328      1.03755      -21.388      -0.016      0.91351      4.09092      -13.095      -0.0578      1.05444      2.45397      -14.3      -0.0191      0.73224      1.14964      -10.191      0.03095      0.03127      0.03127      0.03155      0.0309      0.03134      0.03116      0.03144      0.03095      0.03135      0.03109      0.03145      0.03102      0.03126      0.03112      0.03151
      28      63      5      HE      -0.0578      -1.6105      -5.1822      -34.594      -0.0677      -1.2873      -1.4802      -31.21      -0.0523      -1.8897      -1.2464      -10.637      -0.0947      -1.5175      -2.5985      -22.153      0.03105      0.03126      0.03068      0.03079      0.03106      0.03129      0.03052      0.0308      0.03106      0.03126      0.03048      0.03073      0.03113      0.0312      0.03045      0.03077
      28      63      3      HE      0.0234      -1.6531      -1.0022      -7.1366      0.03559      -1.5757      2.3239      15.4805      0.02784      -1.3596      2.71398      14.3015      0.03102      -1.7123      3.24301      14.6529      0.03107      0.03114      0.03113      0.03127      0.03112      0.03123      0.03091      0.03113      0.03104      0.03119      0.03084      0.03112      0.03116      0.03118      0.03076      0.0311
      28      63      7      HE      0.01315      1.72636      2.70115      5.37167      0.0177      1.78763      2.31773      9.36582      0.00403      1.29288      1.28954      3.60755      0.02353      1.36881      4.72471      1.96806      0.03124      0.03107      0.03112      0.03098      0.03125      0.0313      0.03097      0.03099      0.03118      0.03125      0.03099      0.03088      0.03131      0.03123      0.03092      0.03086
      26      63      7      HE      -0.0283      3.22307      0.02948      -28.569      0.02504      3.04164      0.45371      -41.413      0.00505      2.96623      0.51808      -21.241      0.02383      2.86488      3.06285      -35.676      0.03104      0.03071      0.03046      0.03042      0.03107      0.0309      0.03029      0.03043      0.03101      0.03084      0.03028      0.03033      0.03112      0.0308      0.03024      0.03036
      28      63      6      HE      -0.0406      -0.4161      -3.4967      -12.147      -0.0171      -0.3556      -1.5503      -18.405      -0.0342      -0.1825      -3.3284      -28.156      -0.0167      -0.3405      -0.4628      0.11626      0.03117      0.03096      0.0313      0.03114      0.03121      0.03102      0.03128      0.03118      0.03109      0.03098      0.03112      0.03112      0.03126      0.03098      0.03116      0.03105
      18      63      3      HE      -0.0219      -5.2931      -9.6591      -51.803      0.04676      -5.4433      -7.2328      -20.923      0.0578      -5.3752      -8.2102      -39.638      0.03006      -5.0631      -9.5352      -2.5227      0.0316      0.03112      0.03047      0.03063      0.03159      0.03117      0.0303      0.03047      0.0315      0.03107      0.03023      0.03052      0.03158      0.03107      0.03015      0.0303
      28      63      4      HE      0.02967      -5.9418      -5.2318      -8.3964      0.02888      -5.6087      -4.5423      -15.499      -0.1347      -5.914      -3.0905      -17.313      0.03043      -5.5818      -3.0154      -15.777      0.03116      0.03081      0.03096      0.03032      0.03111      0.03082      0.03084      0.03027      0.03111      0.03071      0.03076      0.03025      0.03105      0.03071      0.03076      0.03023
      17      63      3      HE      0.03301      -5.2016      -8.3075      -19.639      0.00878      -4.7433      -2.3892      -19.007      0.06096      -4.6151      -8.4916      -19.836      0.03102      -4.7039      -5.9679      -19.992      0.03124      0.03113      0.03106      0.03087      0.03115      0.03096      0.03084      0.03063      0.03123      0.03094      0.0309      0.03071      0.03116      0.03092      0.03085      0.03068
      18      63      5      HE      0.05416      -5.282      -6.0995      -19.922      0.01053      -5.2611      -3.15      -3.1045      0.02434      -5.2989      -3.004      -4.5283      0.00154      -5.0784      -3.382      -4.0127      0.03116      0.03093      0.03156      0.03148      0.03114      0.03092      0.03136      0.03127      0.03121      0.03088      0.03131      0.03134      0.03111      0.03077      0.03127      0.03126
      18      63      1      HE      -0.0166      -5.5508      -10.119      4.08505      -0.0023      -5.5531      -6.1609      20.9848      0.00441      -5.1916      -7.8372      20.7642      0.00532      -5.1529      -7.4355      33.5809      0.03093      0.03182      0.03128      0.03093      0.03094      0.03182      0.03105      0.03081      0.03101      0.03178      0.03109      0.03073      0.03088      0.03165      0.03103      0.03068
      18      63      4      HE      0.06467      -4.6378      -4.1385      3.73744      0.04246      -4.5183      -1.6624      7.39056      0.04463      -4.1409      -1.7161      12.1218      0.02843      -4.4148      -3.7722      -20.991      0.03138      0.03144      0.03132      0.03173      0.03131      0.03135      0.03125      0.03174      0.03136      0.0313      0.03118      0.03167      0.03127      0.03124      0.03114      0.03172
      18      64      1      HE      0.02838      1.16298      2.99046      -12.933      -0.0231      0.94845      3.71354      -0.0907      0.03296      0.93797      3.67643      12.8021      -0.0071      0.73894      3.23636      6.32237      0.03089      0.03108      0.0315      0.03138      0.03077      0.03116      0.03127      0.03131      0.03073      0.03112      0.03121      0.03106      0.03076      0.03116      0.03119      0.03126
      18      64      4      HE      0.0588      1.40556      2.89133      -22.386      0.01659      1.37166      5.56727      2.85332      0.04743      1.57017      5.54859      0.40793      0.05725      1.08924      6.17416      -6.0555      0.03072      0.03085      0.03113      0.03104      0.03055      0.03084      0.03095      0.03106      0.03061      0.03083      0.0309      0.031      0.03055      0.03086      0.03086      0.03095
      18      64      5      HE      0.04606      -0.7396      2.3349      14.4765      0.00829      -0.8371      3.30549      14.635      0.04339      -0.6597      0.39226      13.053      0.0242      -1.0159      2.05117      23.2096      0.03066      0.0312      0.03137      0.03125      0.0305      0.03128      0.03123      0.03113      0.03057      0.03124      0.03128      0.03107      0.03055      0.03123      0.03122      0.03101
      17      64      3      HE      0.0523      -0.6553      2.37464      20.3158      0.04123      -0.5794      0.91181      37.2078      0.08726      -0.7243      1.65728      26.2873      0.06312      -0.6445      4.37185      0.02057      0.0309      0.03102      0.03083      0.03055      0.03076      0.03104      0.03067      0.03049      0.03085      0.03104      0.03066      0.03049      0.03079      0.03102      0.03064      0.03047
      27      63      4      HE      -0.0986      2.87306      3.8753      19.2573      0.03938      3.21777      6.33965      35.4479      -0.1      2.87393      6.05274      32.6099      0.03871      2.76428      6.11505      34.4004      0.03076      0.03124      0.03099      0.03079      0.03069      0.03134      0.03085      0.03062      0.03071      0.03128      0.03078      0.03058      0.03068      0.03123      0.03075      0.03064
      18      64      3      HE      0.05663      0.47977      0.8293      12.6804      0.0592      0.58576      3.59737      5.6624      0.06698      0.377      2.66408      14.2627      0.0719      0.94997      3.38084      10.5967      0.03105      0.0315      0.03084      0.031      0.03096      0.0315      0.03069      0.03114      0.03097      0.03148      0.03066      0.031      0.03096      0.03142      0.03062      0.03104
      27      63      7      HE      0.01873      -7.6831      -11.893      -36.92      0.04719      -7.3833      -9.054      -25.33      0.05887      -7.3172      -8.6937      -25.154      0.03666      -7.2571      -8.5604      -37.537      0.03159      0.03247      0.03135      0.03081      0.03158      0.03237      0.03108      0.03063      0.03146      0.03229      0.03103      0.03061      0.03154      0.03232      0.03104      0.03064
      27      63      3      HE      -0.0051      -3.7188      -6.2924      -9.9462      0.04413      -3.6851      -4.7741      16.2664      -0.0015      -3.7127      -4.3396      -11.088      0.01172      -3.9456      -2.0915      -15.014      0.03072      0.03066      0.03065      0.03085      0.0307      0.03073      0.03049      0.03072      0.03071      0.03068      0.03044      0.03084      0.03068      0.03073      0.03042      0.03085
      27      63      5      HE      0.03053      -1.6413      -3.6226      -17.43      0.01221      -2.0741      -1.6063      19.3863      0.0356      -1.7596      -1.2664      -8.8577      0.00814      -2.1447      -1.5837      -2.5723      0.03091      0.03127      0.03131      0.03101      0.03088      0.03138      0.03102      0.03081      0.03087      0.03131      0.03092      0.03086      0.03083      0.03127      0.03094      0.03081
      27      63      6      HE      0.0127      -2.3636      -1.7323      -22.306      -0.0132      -2.2927      -0.6211      -24.649      -0.0076      -2.0587      -3.2424      -15.349      0.00079      -2.6737      -1.3085      -35.134      0.0312      0.03156      0.03109      0.03024      0.03119      0.03164      0.03095      0.03024      0.03122      0.0316      0.03092      0.03019      0.03113      0.03156      0.03092      0.03019
      29      63      3      HE      0.01874      -1.6909      -3.4411      -9.8565      0.01434      -1.2311      0.96971      30.1627      0.03058      -1.1358      1.82689      -3.3509      0.01953      -1.5167      -0.8249      5.72029      0.03055      0.03087      0.03042      0.02987      0.03051      0.03068      0.0302      0.02974      0.03056      0.03066      0.03017      0.02983      0.0305      0.03067      0.03018      0.02977
      27      63      1      HE      0.07342      -5.1278      -3.4187      16.6522      0.02869      -5.6079      -1.0072      9.2948      0.06104      -5.7231      -2.8951      17.6847      0.06418      -5.4718      -2.3883      26.8822      0.03109      0.03093      0.03096      0.03138      0.03101      0.0311      0.03084      0.03145      0.03092      0.031      0.0308      0.03125      0.031      0.031      0.03075      0.03122
      18      64      2      HE      0.01653      -5.1587      -4.2703      -1.5203      -0.0381      -5.4761      -3.3453      -13.123      0.00656      -5.4494      -4.037      -19.801      0.01024      -5.8611      -3.6326      1.23636      0.031      0.0311      0.03054      0.03071      0.03092      0.03116      0.03045      0.03074      0.0309      0.03109      0.03042      0.03071      0.03084      0.03107      0.0304      0.03058
      17      64      2      HE      0.05877      -6.1247      -8.3767      -29.76      0.03608      -6.2759      -5.6499      -36.879      0.04042      -6.5184      -5.8008      -33.153      0.00229      -6.7732      -6.3385      -30.031      0.03074      0.03064      0.03104      0.03127      0.03062      0.03075      0.03094      0.03121      0.03054      0.03069      0.0309      0.03108      0.03061      0.03072      0.03087      0.03116
      16      64      4      HE      0.0652      -5.1146      -5.9694      -7.9098      -0.0149      -5.6176      -3.6637      -8.3986      0.04741      -5.6585      -4.4025      -8.8179      -0.0001      -5.5825      -2.8894      -1.896      0.03084      0.03106      0.03062      0.0304      0.03069      0.03124      0.03052      0.03025      0.0307      0.03115      0.03042      0.03021      0.03067      0.03112      0.03047      0.03023
      27      63      2      HE      -0.0187      -5.0076      -0.8056      4.72819      -0.0109      -5.4651      1.00293      21.8686      -0.006      -5.6      -0.7833      6.76563      0.04147      -5.1713      -1.3256      17.7729      0.03072      0.0309      0.0306      0.02966      0.03061      0.031      0.03056      0.0297      0.03061      0.03098      0.0305      0.02964      0.03057      0.03094      0.03046      0.02952
      27      65      1      HE      0.06986      -6.699      -6.1581      -23.242      0.07891      -6.9986      -5.8344      -18.502      0.06481      -7.168      -8.1973      -13.266      0.02232      -7.0377      -6.9921      -13.733      0.03112      0.03181      0.03076      0.03151      0.03112      0.03181      0.03067      0.03144      0.03103      0.03173      0.03058      0.03139      0.03105      0.03166      0.03055      0.03131
      18      65      2      HE      0.08088      -3.3031      0.46731      -6.2444      0.07359      -2.5862      -1.9386      -14.475      -0.0712      -2.9085      -0.4215      -20.222      -0.1221      -3.1622      -4.0495      -15.836      0.03093      0.03105      0.03092      0.03071      0.03086      0.03086      0.03086      0.03075      0.03081      0.0308      0.03078      0.03077      0.03072      0.03073      0.03082      0.03074
      17      65      2      HE      0.07035      -3.2242      -3.9622      -13.52      0.0413      -3.2065      -2.6072      -12.342      0.05549      -3.3835      -1.9404      -20.862      0.00072      -3.4405      -2.6612      -13.05      0.03067      0.03032      0.03112      0.03025      0.03062      0.03023      0.03099      0.0303      0.03063      0.03024      0.03086      0.03024      0.03052      0.03026      0.03088      0.03019
      16      65      4      HE      0.05054      -5.4827      -6.0574      -38.278      0.0694      -5.7554      -4.1032      -29.452      0.06393      -5.7939      -4.3193      -27.329      0.05141      -6.2862      -4.3284      -56.625      0.03095      0.03101      0.03058      0.03099      0.03088      0.03111      0.03046      0.03103      0.0309      0.03106      0.03043      0.03098      0.03082      0.03109      0.03042      0.03099
      27      65      2      HE      0.0736      -6.5572      -5.3057      -29.06      0.07806      -6.2211      -2.8606      -28.556      0.06047      -6.0866      -4.1237      -45.5      0.07951      -6.7336      -2.4109      -50.654      0.03067      0.03087      0.03105      0.03028      0.03062      0.03084      0.03089      0.03034      0.03063      0.03078      0.03085      0.03036      0.03048      0.03089      0.0308      0.03037
      27      65      5      HE      0.07751      -0.8255      0.75871      10.359      0.11429      -0.3032      2.56508      -2.0174      0.00798      -0.2367      2.89411      -0.1039      0.03483      -0.7717      2.74701      18.8387      0.03119      0.03142      0.03169      0.03147      0.03134      0.03135      0.0315      0.03144      0.03103      0.03117      0.0314      0.03138      0.03099      0.03122      0.03138      0.03133
      27      65      3      HE      -0.1      0.15582      -0.3765      21.778      -0.093      0.21745      3.0793      15.9717      -0.0787      0.33345      1.52556      8.99705      -0.0803      0.398      1.79712      -0.6867      0.03122      0.0314      0.03169      0.03091      0.03131      0.03132      0.03155      0.03102      0.03098      0.03123      0.0315      0.03092      0.03094      0.03112      0.0315      0.03098
      27      65      7      HE      0.01499      -0.6952      -1.4126      -9.346      -0.0467      -0.4277      0.34593      -12.559      -0.0554      -0.9678      -2.2956      -7.1034      0.00239      -0.5105      0.54433      -8.6438      0.03158      0.03215      0.03169      0.03139      0.03173      0.0321      0.03156      0.03135      0.03158      0.03205      0.0316      0.03135      0.03153      0.03206      0.03147      0.03133
      29      65      3      HE      0.09914      -0.6712      -1.0042      22.3307      0.08123      -0.2249      -1.5453      11.2262      0.0723      -0.3605      0.94624      -2.53      0.06557      -0.2425      0.9609      1.19398      0.03147      0.03144      0.03172      0.03085      0.03161      0.03123      0.03161      0.031      0.03138      0.03118      0.03157      0.03091      0.03134      0.03115      0.03155      0.03089
      27      65      6      HE      0.0875      -1.3337      -2.4286      -20.345      0.09331      -1.0257      -2.8507      -22.659      0.07091      -1.0101      -0.8538      -19.08      0.08141      -1.0634      0.40261      -12.687      0.03171      0.03139      0.0316      0.03077      0.03179      0.03127      0.03151      0.03071      0.03153      0.03119      0.03139      0.03066      0.03155      0.03111      0.03137      0.03062
      18      65      3      HE      0.03396      -6.6096      -6.4836      13.8407      0.07457      -6.499      -4.8265      -0.1668      0.01955      -6.3649      -4.0996      11.9708      0.0258      -6.6278      -4.3247      -25.299      0.0312      0.03139      0.03172      0.03085      0.03131      0.03134      0.03156      0.03098      0.03118      0.03125      0.03153      0.03088      0.03119      0.03126      0.03154      0.03098
      27      65      4      HE      0.0287      -2.7269      -3.1871      -8.7938      0.03949      -2.0186      1.12164      6.22996      0.02127      -2.4516      -0.2224      8.9411      0.03132      -2.3168      -0.2202      17.4578      0.0305      0.03103      0.03057      0.03023      0.03062      0.031      0.03042      0.0301      0.03054      0.03098      0.03034      0.03003      0.03037      0.03095      0.03039      0.02983
      17      65      3      HE      0.06067      -3.3328      -1.4845      -20.452      0.06627      -1.8214      -2.6566      -15.874      0.0559      -2.7449      -0.5907      -15.825      -0.1043      -3.3141      -3.0177      -7.7076      0.03098      0.03141      0.03109      0.03149      0.03105      0.03105      0.03095      0.03144      0.03093      0.0312      0.03087      0.03142      0.03083      0.03124      0.03092      0.03128
      18      65      5      HE      0.02924      -3.5417      -6.4774      -21.705      0.02911      -3.6034      -2.4908      -10.488      0.01155      -3.6814      -4.5144      -17.087      0.01404      -3.5824      -1.9324      -13.166      0.03126      0.031      0.0312      0.03156      0.0314      0.03105      0.03105      0.03157      0.03132      0.03098      0.03106      0.03139      0.0312      0.03091      0.03098      0.03146
      18      65      1      HE      0.03428      -5.7021      -4.9547      2.21109      0.07468      -5.277      -4.4224      9.57703      0.05873      -5.6632      -4.9521      2.46126      0.03494      -5.5652      -5.943      -3.4664      0.0311      0.0316      0.03088      0.03129      0.03116      0.03148      0.03083      0.03125      0.03108      0.03151      0.03068      0.0312      0.03097      0.03148      0.03062      0.03117
      18      65      4      HE      0.02278      -5.9229      -4.1005      28.6451      0.02304      -5.9012      -1.1873      8.75613      0.05646      -5.5723      -3.3259      5.28909      0.04896      -5.9198      -3.8602      8.60604      0.0309      0.0308      0.03138      0.03046      0.03093      0.03077      0.03128      0.03033      0.03089      0.0307      0.03125      0.03036      0.03076      0.03071      0.03123      0.03038
      18      66      1      HE      -0.2275      -2.2471      -4.7894      -5.5048      0.14341      -1.474      -0.8684      -9.2944      -0.1506      -2.1612      -1.1273      6.54362      -0.0948      -1.989      -0.1738      17.8163      0.03123      0.03138      0.03117      0.0302      0.03122      0.03135      0.03085      0.03017      0.03097      0.03125      0.03084      0.03008      0.03115      0.03125      0.03082      0.03006
      18      66      4      HE      0.01639      0.41398      1.89453      36.8195      0.02594      0.38218      3.68499      36.6125      -0.1079      0.11319      2.42814      37.6197      -0.1367      0.32681      4.3914      42.5747      0.03134      0.03173      0.03224      0.03055      0.03136      0.03189      0.03215      0.03057      0.0312      0.0318      0.0321      0.03048      0.03123      0.0318      0.03208      0.03048
      18      66      5      HE      0.07555      -2.0163      -6.2959      -60.756      0.08481      -2.4125      -3.5019      -9.3481      -0.0137      -2.387      -3.6981      -21.312      0.06365      -2.5216      -0.9678      -41.304      0.03124      0.03178      0.03126      0.03156      0.03122      0.0319      0.03109      0.03141      0.0311      0.03178      0.03096      0.03135      0.03111      0.03178      0.03093      0.03138
      17      66      3      HE      -0.0749      1.22924      4.4914      -8.1873      0.03781      1.60854      4.05183      8.07053      -0.1413      1.04712      5.1772      20.3604      0.06062      1.63096      2.61611      7.125      0.03128      0.03164      0.03149      0.03157      0.03128      0.03166      0.03131      0.03153      0.03107      0.03157      0.03127      0.03145      0.03109      0.03156      0.03124      0.03149
      28      65      4      HE      0.09027      -0.6698      -0.407      17.778      0.1028      -0.7698      -1.7244      15.4767      0.03461      -1.1136      0.43464      -20.778      0.0763      -1.0638      -0.7667      -16.694      0.03103      0.03135      0.03138      0.03067      0.03104      0.03154      0.03133      0.03076      0.03083      0.0314      0.03121      0.03071      0.03088      0.03141      0.03122      0.03077
      18      66      3      HE      0.07476      1.89988      -0.0097      -25.151      0.03816      1.30985      0.57508      -20.754      0.02703      1.2954      -1.7407      -7.0765      0.06114      1.44755      -1.0249      -12.439      0.03088      0.03088      0.03126      0.03067      0.03088      0.03103      0.03108      0.03059      0.03074      0.03099      0.0311      0.03055      0.03077      0.03098      0.0311      0.03048
      28      65      7      HE      0.00854      -5.8043      -4.8159      6.29159      0.00563      -5.8698      -5.6942      2.89523      0.04799      -5.9079      -5.4628      11.6638      0.01388      -6.0813      -3.3997      15.0917      0.03042      0.03039      0.02968      0.03092      0.03041      0.03045      0.02963      0.03091      0.03036      0.03042      0.02961      0.0309      0.0304      0.03039      0.02955      0.0308
      28      65      3      HE      0.03168      -5.9971      -7.6913      -31.167      -0.0069      -6.4458      -5.6924      -27.007      0.03423      -6.4142      -5.4359      -29.719      -0.0129      -6.2987      -5.2655      -22.636      0.03139      0.03199      0.03181      0.03189      0.0314      0.03215      0.03158      0.03174      0.03136      0.03207      0.03155      0.03171      0.03138      0.03203      0.03159      0.03173
      28      65      5      HE      0.05364      -4.73      -6.582      -6.673      0.02543      -4.6938      -3.0629      -44.205      0.04259      -4.9749      -4.4308      -16.988      0.02161      -4.7368      -2.7856      -54.133      0.03094      0.03135      0.03172      0.03131      0.03098      0.03138      0.03163      0.03142      0.03087      0.03136      0.0315      0.03137      0.03091      0.03133      0.03146      0.03146
      28      65      6      HE      -0.0354      -4.8738      -5.8337      -48.219      -0.0035      -4.4467      -6.6235      -40.001      -0.0157      -4.5837      -5.8396      -35.793      -0.0097      -4.5714      -5.0493      -47.811      0.03144      0.03191      0.03179      0.03122      0.03144      0.03185      0.03165      0.0312      0.03139      0.03183      0.03162      0.03115      0.03143      0.03182      0.03162      0.03116
      26      65      7      HE      0.06452      -4.9582      -5.0635      -17.485      0.08952      -5.2749      -0.3089      -1.1731      0.06846      -5.1893      -1.5082      -5.7275      0.08161      -5.4473      0.30849      0.03364      0.03142      0.03196      0.03176      0.03136      0.03142      0.03205      0.03152      0.03125      0.03135      0.03198      0.03142      0.03123      0.03138      0.03198      0.03142      0.03121
      28      65      2      HE      0.0115      -5.4787      -6.1567      -3.643      0.01985      -5.8477      -6.3539      -13.92      0.04872      -5.6672      -5.7064      -0.8429      0.05236      -5.3797      -5.494      -6.1034      0.03119      0.03181      0.03134      0.03117      0.03122      0.03189      0.03131      0.0313      0.03114      0.03183      0.03127      0.03124      0.03116      0.03183      0.03122      0.03116
      29      65      1      HE      0.01327      1.23569      3.68517      -16.968      0.0754      2.11485      3.7646      7.0419      0.06703      1.31057      5.75133      -10.004      0.06538      1.29375      5.75684      5.07409      0.03056      0.03101      0.03134      0.03025      0.03053      0.03074      0.03117      0.03009      0.03049      0.03084      0.03118      0.03012      0.03046      0.03084      0.03113      0.03004
      28      65      1      HE      0.00656      -1.2264      -3.3171      -29.777      0.03524      -1.0045      -4.0961      -44.407      0.02732      -0.824      -2.1221      -39.936      0.00746      -0.6112      -2.8599      -39.717      0.03025      0.03075      0.03092      0.03088      0.0302      0.03068      0.03074      0.03084      0.03017      0.03057      0.0307      0.03075      0.03015      0.03055      0.03067      0.03074
      18      66      2      HE      0.02188      0.71993      1.55045      -10.942      0.07289      1.01624      1.38508      -10.717      0.07804      0.93436      1.82015      -4.1649      0.02598      0.96319      -0.0808      -9.2113      0.03069      0.03098      0.03085      0.03074      0.03066      0.03096      0.03069      0.03066      0.03056      0.03093      0.03061      0.03056      0.03058      0.03091      0.03065      0.03059
      17      66      2      HE      -0.0091      -1.2298      -2.8849      -32.93      0.01121      -0.976      -0.1843      -32.998      -0.0229      -0.8999      -0.1104      -39.297      -0.0016      -1.0409      0.53636      -26.712      0.03111      0.03118      0.0314      0.03076      0.03106      0.03105      0.03115      0.03071      0.03101      0.03101      0.03117      0.03073      0.03102      0.031      0.03111      0.03065
      16      66      4      HE      0.01626      0.9002      -1.7599      -22.855      0.02357      1.41589      1.90093      -36.079      0.0337      1.20348      2.84142      -29.256      -0.0157      0.85274      2.35729      -28.876      0.03055      0.03081      0.03131      0.03015      0.0305      0.03065      0.03111      0.03013      0.03049      0.03062      0.031      0.03007      0.03043      0.03066      0.03103      0.02994
      29      65      2      HE      0.04669      -2.7817      -1.8774      14.8595      0.01826      -2.2232      0.99946      -2.4004      0.0126      -2.3866      -0.6134      -7.5844      -0.0079      -2.4966      0.94758      -1.5725      0.03087      0.03086      0.03179      0.03036      0.03083      0.0307      0.0316      0.03038      0.03079      0.03067      0.03156      0.03037      0.03074      0.03067      0.0315      0.03034
      19      63      2      HE      -0.0033      0.11997      -2.1999      -52.377      -0.0108      0.30168      0.91033      -46.935      0.00061      0.38693      -0.5952      -50.293      -0.0105      -0.1357      0.40509      -58.132      0.03056      0.03041      0.02987      0.03034      0.03056      0.03045      0.02973      0.03035      0.0304      0.03042      0.02967      0.03028      0.03045      0.03043      0.02965      0.03027
      20      63      3      HE      0.01396      -0.3572      -0.7682      -11.759      0.04202      -0.2564      4.14117      2.9387      0.04019      -0.3065      0.78648      1.01752      0.04709      -0.1686      3.6283      12.233      0.02978      0.03055      0.03036      0.03048      0.02978      0.03071      0.03018      0.03031      0.02969      0.0306      0.03014      0.03033      0.02972      0.03061      0.03009      0.03029
      22      63      3      HE      -0.0065      -1.6591      -2.5248      -12.388      -0.0106      -2.0821      -1.8294      -15.624      -0.0161      -1.83      -0.5067      -51.817      0.0123      -2.1445      -2.4719      -15.554      0.0306      0.03055      0.0304      0.03022      0.03062      0.0307      0.03022      0.03023      0.03053      0.03057      0.03018      0.03029      0.03054      0.03055      0.03024      0.03023
      24      63      3      HE      0.01487      -4.0314      -7.5896      -39.194      0.01978      -4.0013      -5.4295      -58.884      0.00455      -4.3947      -6.9081      -48.672      0.02977      -3.979      -5.6628      -47.823      0.03016      0.03011      0.02969      0.02899      0.03023      0.03028      0.02956      0.02908      0.0301      0.03021      0.02943      0.02895      0.03017      0.03021      0.02946      0.02899
      24      63      2      HE      0.06223      -0.9812      2.12687      13.3809      -0.0044      -1.1776      2.92933      -10.561      0.01728      -0.9581      2.50236      16.6205      0.06724      -0.6479      3.75164      -9.6493      0.03027      0.03045      0.02994      0.02991      0.03037      0.03057      0.02981      0.02989      0.03021      0.03052      0.02976      0.02977      0.03024      0.03047      0.02974      0.02984
      26      63      2      HE      0.0412      -0.243      0.46347      20.8104      0.03754      0.28031      2.50613      -4.0893      0.01486      -0.1107      0.29774      -8.4754      0.04163      -0.171      2.44593      -6.3508      0.03028      0.0303      0.03007      0.02981      0.03028      0.03026      0.02993      0.02985      0.03017      0.03026      0.02996      0.02985      0.03018      0.03024      0.02988      0.02981
      24      63      6      HE      0.02722      0.35635      -0.4414      3.82271      0.02227      0.1167      3.60913      1.08808      0.03894      0.28735      2.03778      22.6122      0.03828      -0.0037      1.80825      25.8587      0.0308      0.03098      0.03044      0.03071      0.0308      0.03107      0.03018      0.0307      0.03078      0.03103      0.03015      0.03059      0.03064      0.03103      0.03012      0.03058
      24      63      5      HE      0.02292      2.05424      1.70122      0.2359      -0.0271      1.98281      2.83457      0.28065      0.00739      1.92626      5.27863      15.4492      0.01039      1.61599      2.22167      4.30038      0.03049      0.03079      0.03029      0.02953      0.03046      0.03083      0.03006      0.02934      0.03043      0.03082      0.03003      0.0293      0.03034      0.03078      0.02997      0.0293
      26      63      5      HE      0.01536      3.0476      0.54924      7.41645      0.0158      3.32044      6.04737      3.19283      0.01334      2.76842      3.06596      -12.535      0.00156      2.95045      1.69148      1.36056      0.03068      0.0309      0.0307      0.03066      0.03069      0.031      0.03054      0.03064      0.0306      0.03097      0.03047      0.03054      0.03056      0.03094      0.03043      0.03052
      26      63      6      HE      0.04543      -1.1194      -2.3062      -17.299      0.03437      -1.1636      0.39147      -10.511      0.03249      -1.0905      -0.4792      -2.7984      0.03886      -1.1733      2.51288      -6.9554      0.03087      0.03101      0.03054      0.02989      0.03084      0.03104      0.03042      0.02981      0.0308      0.03099      0.03038      0.02973      0.03073      0.03095      0.03031      0.02976
      19      63      3      HE      0.02328      -1.5796      -1.4983      17.6243      0.05046      -1.7738      0.94599      23.3829      -0.039      -1.9515      1.04471      1.14924      0.03162      -1.5427      -1.0304      29.9586      0.03092      0.03105      0.03065      0.0303      0.03094      0.03111      0.03061      0.03018      0.03082      0.03097      0.03049      0.03016      0.03073      0.03093      0.03052      0.03016
      26      63      3      HE      0.01827      1.11037      0.97599      -2.7033      0.01512      1.05185      0.5189      7.00919      0.0126      1.23998      3.0798      17.684      0.0062      0.95018      3.85522      19.3691      0.03075      0.03082      0.03091      0.02959      0.03072      0.03077      0.03078      0.02949      0.03064      0.03073      0.03069      0.02944      0.03055      0.03072      0.03067      0.0294
      19      63      5      HE      0.0034      -5.6092      -7.5579      -15.168      0.02092      -5.8882      -7.4255      -19.767      0.04441      -5.7505      -4.4094      -22.506      0.02943      -5.8675      -5.9597      -24.692      0.03098      0.031      0.03077      0.02963      0.03101      0.03109      0.03073      0.02962      0.03102      0.03101      0.03062      0.02949      0.03097      0.03102      0.03065      0.02958
      26      63      4      HE      0.05773      -5.8843      -6.43      -20.965      0.07164      -5.7346      -2.3833      -11.987      0.03633      -5.7315      -4.0373      -9.6929      0.01361      -6.0755      -1.3131      -8.6878      0.03054      0.03098      0.03019      0.03177      0.03056      0.03095      0.02998      0.03166      0.03059      0.03094      0.02989      0.03161      0.03049      0.03094      0.02987      0.03162
      20      63      6      HE      -0.0986      -3.9923      -1.8157      6.93165      -0.0815      -4.2745      0.18296      28.4874      -0.111      -4.3235      0.86792      21.6629      -0.029      -4.4642      -0.3696      21.3372      0.03061      0.03134      0.03105      0.03126      0.03068      0.03153      0.03094      0.03116      0.03065      0.03147      0.03087      0.03116      0.03058      0.03143      0.0309      0.03118
      20      63      5      HE      0.04082      -4.4956      -7.1302      -21.669      0.0101      -4.7455      -6.6182      -19.937      -0.0047      -4.6687      -6.3598      -20.483      0.0593      -4.4535      -5.9301      -22.972      0.03049      0.031      0.03085      0.03104      0.0305      0.03109      0.03078      0.03099      0.03057      0.03105      0.03076      0.03091      0.03049      0.03101      0.03071      0.03087
      22      63      5      HE      -0.0083      -5.2014      -8.9446      -39.711      0.04342      -4.8727      -3.5544      -30.862      -0.0169      -5.326      -5.0717      -23.762      -0.0058      -5.4747      -3.505      -6.2037      0.03014      0.03122      0.03057      0.03088      0.03018      0.03129      0.03036      0.03086      0.03022      0.03133      0.03038      0.03079      0.03017      0.03126      0.03032      0.03068
      22      63      6      HE      -0.0156      -5.4085      -2.3898      -2.9513      -0.0166      -5.2854      -4.38      22.8446      -0.0121      -5.2096      -2.5195      15.7188      0.03801      -5.4623      -2.7237      34.6517      0.0305      0.03079      0.03054      0.03108      0.03052      0.03086      0.03043      0.0309      0.03054      0.03079      0.03038      0.03084      0.03051      0.03083      0.03038      0.03059
      19      63      1      HE      0.04587      -1.7585      -0.1831      -22.925      0.0594      -2.0708      1.66655      -10.899      0.02904      -1.9276      5.07617      -7.4234      0.04269      -2.0844      4.23046      -4.2018      0.03089      0.03083      0.0311      0.02992      0.0308      0.03097      0.03091      0.02979      0.03083      0.03093      0.0308      0.02985      0.03072      0.03092      0.0308      0.02982
      20      63      1      HE      0.01078      -2.0466      0.5395      9.86184      0.03004      -2.1251      -0.008      14.4045      0.02426      -2.0182      3.3719      -8.3566      0.02654      -2.0208      1.65083      -8.5188      0.03073      0.03065      0.03108      0.03086      0.03065      0.03082      0.03094      0.03084      0.03072      0.03077      0.03087      0.03081      0.03056      0.03078      0.03088      0.03079
      22      63      1      HE      -0.0725      0.38149      2.8409      9.72097      -0.0546      0.21493      3.27926      30.069      -0.0889      0.01428      1.72041      14.5468      -0.1243      -0.4566      3.02827      29.6778      0.03111      0.03149      0.0305      0.03055      0.03104      0.03169      0.03041      0.03051      0.03106      0.03168      0.0303      0.03052      0.03091      0.03163      0.03033      0.03045
      24      63      1      HE      0.04386      -2.6549      -4.318      -8.7101      0.00711      -2.619      -2.397      -31.084      -0      -2.3003      -3.4474      -3.1166      0.0116      -3.0001      -4.0662      -23.012      0.03072      0.03123      0.03068      0.03126      0.03063      0.0313      0.03057      0.03133      0.0307      0.03124      0.03055      0.03124      0.03053      0.03123      0.03049      0.03129
      19      63      4      HE      -0.0455      0.26065      1.48574      -0.4259      0.04542      0.20167      1.97042      18.8086      0.04505      -0.019      3.78516      43.9382      -0.0714      -0.091      0.83274      14.8643      0.03056      0.03092      0.03022      0.03054      0.03047      0.03099      0.03013      0.03053      0.0305      0.03094      0.03008      0.03039      0.03037      0.03092      0.03003      0.03045
      26      63      1      HE      0.07268      -0.9469      0.64555      30.8266      0.04214      -1.2087      -0.0687      20.7491      0.0585      -1.5216      3.13886      20.1344      0.05426      -1.1798      0.03642      55.1223      0.03107      0.03097      0.03065      0.03044      0.03099      0.03111      0.03054      0.03036      0.03102      0.03105      0.03047      0.03038      0.03085      0.03101      0.03044      0.03019
      19      63      6      HE      0.07216      1.23224      2.11205      12.3116      0.05748      1.05947      3.77929      6.88205      -0.0128      0.37082      3.83923      -0.3402      -0.0565      0.33313      2.64071      7.90445      0.0317      0.03192      0.03211      0.03097      0.0314      0.03203      0.03198      0.03108      0.03145      0.032      0.03196      0.03095      0.0315      0.03202      0.03193      0.03107
      24      63      4      HE      0.0517      1.0496      1.21465      18.3049      0.04347      0.8495      3.42445      22.7672      0.09099      0.70706      3.38338      18.4929      0.058      0.75182      4.29337      -1.7188      0.03158      0.03143      0.03191      0.03081      0.03128      0.03147      0.03185      0.03077      0.03142      0.03144      0.03179      0.03087      0.03137      0.03145      0.03169      0.03079
      22      63      2      HE      0.02856      -0.5358      0.17929      8.92108      0.02531      -0.6791      1.57658      5.26806      0.07682      -0.2916      2.72832      5.23502      0.0196      -0.6672      2.17384      13.4642      0.03156      0.03191      0.03129      0.03147      0.0312      0.03195      0.03115      0.03137      0.03138      0.03194      0.03113      0.03135      0.03133      0.0319      0.03112      0.03128
      20      63      2      HE      0.06326      -0.2281      0.71351      -7.0729      0.02839      -0.5845      0.22555      -7.6779      0.07423      -0.6208      2.08813      -1.0316      0.04375      -0.5659      1.52133      -0.723      0.03141      0.03135      0.03069      0.03131      0.03112      0.03143      0.03068      0.03128      0.03135      0.03137      0.03066      0.03122      0.03131      0.0314      0.03053      0.03125
      22      63      4      HE      -0.0733      2.31224      2.24729      -5.6418      -0.0924      1.78661      6.61529      -4.962      -0.0787      1.89368      7.01755      -10.816      -0.0467      1.76306      4.56744      -8.9875      0.03167      0.03151      0.03062      0.0306      0.03144      0.03165      0.03052      0.03047      0.03157      0.03163      0.03045      0.03045      0.03151      0.03161      0.03043      0.03041
      20      63      4      HE      0.06179      -0.0772      0.73039      -29.037      0.02526      -0.1783      0.08718      -40.153      0.04638      -0.2191      0.14223      -34.65      0.08211      -0.3764      0.61109      -50.721      0.03198      0.03155      0.03146      0.03048      0.03167      0.03155      0.03132      0.0305      0.0318      0.03154      0.03124      0.03044      0.03177      0.03155      0.03121      0.03045
      19      64      5      HE      -0.015      -2.5012      -5.3476      -28.418      -0.0238      -2.1007      0.35776      -34.878      -0.022      -1.8558      -1.0992      -19.361      -0.0125      -1.8434      -0.7435      -22.691      0.03066      0.03057      0.03083      0.03087      0.03066      0.03041      0.03062      0.03085      0.03059      0.03037      0.03064      0.0308      0.0305      0.03034      0.03061      0.03066
      19      64      6      HE      0.01092      -1.012      -2.8306      -7.3726      0.02373      -0.6262      -0.9616      -0.6753      0.05647      -0.5378      0.80377      25.7624      0.03481      -0.7485      -0.2113      9.77961      0.03073      0.03085      0.03009      0.03001      0.03069      0.03076      0.02997      0.02986      0.03066      0.03072      0.02997      0.02976      0.03059      0.03073      0.02983      0.02979
      21      63      2      HE      0.04466      -0.414      1.01812      -22.626      0.02755      -0.3602      2.99956      -5.5062      0.0434      -0.385      3.47236      -11.655      0.04391      -0.9776      1.72728      -16.861      0.03049      0.03061      0.03084      0.03046      0.03043      0.0306      0.03071      0.03044      0.03041      0.03058      0.03069      0.0304      0.03029      0.0306      0.03061      0.03033
      20      64      2      HE      0.01741      -1.9564      -0.4881      -19.463      0.01669      -1.6757      -0.6435      -27.472      0.02511      -1.732      0.44504      -28.751      0.01977      -1.7192      0.3215      -24.605      0.03089      0.03073      0.03066      0.03001      0.03088      0.03064      0.03058      0.03011      0.03086      0.03063      0.03061      0.03008      0.03083      0.03061      0.03049      0.02995
      21      63      4      HE      0.02865      -0.7188      -1.8779      4.09916      -0.0334      -0.22      0.73936      2.29718      -0.0348      -0.8043      -0.961      1.11407      0.04005      -0.8078      -2.8184      -17.017      0.03086      0.0309      0.03091      0.03044      0.03086      0.03081      0.0309      0.03038      0.03077      0.03087      0.03088      0.03038      0.03075      0.03088      0.03088      0.03039
      20      64      4      HE      0.09827      -3.8509      -3.9803      -0.7411      0.05526      -3.5688      0.0654      17.0035      0.05472      -3.3049      -1.0045      17.338      -0.0019      -3.9929      -4.4831      20.8584      0.03074      0.03048      0.03011      0.03007      0.03064      0.03037      0.02989      0.03003      0.03059      0.03033      0.02988      0.03      0.03053      0.03038      0.02998      0.0299
      19      64      1      HE      0.00715      1.57814      2.29148      4.52848      -0.0067      0.81789      4.10674      10.0764      -0.0269      1.42065      2.31651      11.1867      0.02847      1.32136      2.65019      0.53868      0.03129      0.03125      0.03088      0.03134      0.03091      0.03127      0.03071      0.03127      0.03119      0.03122      0.03076      0.03125      0.03084      0.03122      0.03067      0.03126
      20      64      1      HE      0.03689      0.59645      1.94889      17.7113      0.07252      0.31855      3.14865      -1.4275      0.02526      0.57088      4.11219      -10.991      0.00054      -0.0805      4.83909      -1.4385      0.03132      0.03127      0.03113      0.03146      0.03097      0.03139      0.03099      0.03142      0.03127      0.03136      0.03099      0.03142      0.03084      0.03137      0.03097      0.03139
      21      63      1      HE      0.0093      0.63195      0.20095      -7.017      -0.033      0.0295      4.16459      11.5271      0.03378      0.03154      4.2835      23.6181      -0.0378      0.47385      2.8414      -14.821      0.03108      0.03126      0.03106      0.03075      0.03076      0.03129      0.03086      0.03068      0.03111      0.0313      0.03086      0.03063      0.03066      0.03122      0.03085      0.03074
      23      63      1      HE      0.01275      0.47936      0.71514      9.21747      0.01428      0.39897      3.01265      2.34573      0.04412      0.75352      3.5878      3.96836      0.00529      0.43827      2.2566      6.15126      0.03113      0.03098      0.03099      0.03021      0.03082      0.03106      0.03092      0.03014      0.03107      0.03105      0.03087      0.03004      0.03076      0.03099      0.0308      0.03012
      19      64      4      HE      -0.0864      1.02941      4.13121      0.91379      0.02284      0.52779      4.62349      -1.4115      0.02783      0.59436      3.7746      10.4304      0.02422      0.27593      3.48823      6.1224      0.03093      0.03088      0.03125      0.03141      0.03067      0.031      0.03118      0.03129      0.03086      0.03101      0.03117      0.03122      0.03055      0.03096      0.03109      0.03117
      25      63      1      HE      0.04229      3.44518      0.57252      -1.6247      -0.0048      3.26543      2.52104      14.1605      0.04507      3.42588      2.49376      -8.9726      -0.0013      3.08438      1.70419      -6.7022      0.03104      0.03122      0.03088      0.03016      0.03073      0.03122      0.03078      0.03009      0.03099      0.0312      0.03071      0.03002      0.0306      0.03114      0.03071      0.03001
      23      63      6      HE      0.05643      -2.6131      -2.1878      -29.783      0.00131      -2.5386      -1.0036      -31.553      0.05105      -2.3709      -0.777      -28.993      0.03867      -2.0718      -2.2087      -32.111      0.03047      0.03098      0.03046      0.03089      0.03044      0.03105      0.03036      0.03098      0.03045      0.03103      0.0303      0.03099      0.03038      0.03099      0.03028      0.03093
      25      63      4      HE      -0.0108      -1.6875      -1.3476      3.73491      0.02513      -2.2135      -0.0012      3.95215      0.01323      -2.2419      1.90219      5.46389      -0.0137      -2.4314      0.19875      1.79921      0.03068      0.0308      0.03042      0.0311      0.03063      0.03095      0.03035      0.03104      0.03065      0.0309      0.03029      0.03102      0.03054      0.03091      0.03028      0.03094
      20      64      5      HE      -0.0916      0.27228      0.04722      -25.331      -0.0861      0.35494      1.95001      -6.6376      -0.1305      -0.0928      0.40547      -22.177      -0.1132      -0.0206      2.4749      -4.8444      0.03053      0.03067      0.03058      0.03008      0.03048      0.03076      0.03046      0.03006      0.03051      0.03073      0.03048      0.03008      0.03039      0.03071      0.03042      0.02997
      21      63      6      HE      0.01418      -2.9943      -3.6516      -29.273      0.03847      -3.0777      -1.5929      3.31937      0.06079      -2.8188      -0.8431      -20.166      -0.0008      -3.157      -1.6897      -11.383      0.03069      0.0305      0.0306      0.02997      0.03062      0.03059      0.03047      0.02986      0.03063      0.03052      0.03044      0.02988      0.03051      0.03051      0.0304      0.02987
      23      63      4      HE      0.00391      0.55211      -1.9556      -22.313      0.02897      0.12889      2.7761      -9.2319      0.05925      0.30095      2.48148      1.17449      0.03401      0.1087      0.63602      -19.084      0.03057      0.03108      0.03132      0.03076      0.03057      0.03119      0.03119      0.03066      0.0306      0.03113      0.0311      0.0305      0.03044      0.03109      0.03108      0.03046
      20      64      6      HE      -0.0118      -1.1763      -0.2589      -16.734      -0.0058      -1.2362      -1.08      -11.065      0.04865      -0.9606      0.07512      -3.9773      0.03782      -1.2317      2.86589      -12.728      0.0305      0.03064      0.0303      0.03041      0.03042      0.03072      0.0302      0.03046      0.03045      0.03066      0.03015      0.03039      0.03031      0.03063      0.03012      0.03038
      21      63      5      HE      -0.0002      2.10274      -4.2449      -31.452      0.00486      2.11823      2.88235      -29.581      0.00749      2.35173      3.21694      -22.877      0.00552      2.25376      0.18266      -24.497      0.03038      0.03039      0.03065      0.03011      0.03042      0.03043      0.03042      0.03007      0.03043      0.03038      0.03039      0.03008      0.0304      0.03034      0.03038      0.02997
      23      63      5      HE      0.00066      -0.1599      -2.8509      13.7803      -0.002      -0.3634      0.50331      2.82287      0.01701      -0.556      0.9446      1.84819      0.00054      -0.4233      0.79784      3.00278      0.03077      0.03167      0.03066      0.03036      0.03074      0.03165      0.03053      0.03029      0.03079      0.03162      0.03052      0.03021      0.03073      0.03162      0.03048      0.03016
      25      63      6      HE      -0.0105      -2.0996      -2.4303      -10.132      -0      -1.5083      -1.0699      -4.3167      -0.038      -1.7184      2.28372      -12.769      -0.0054      -1.5822      -1.2554      -31.078      0.03074      0.03096      0.03      0.03039      0.03073      0.0309      0.02985      0.03032      0.03072      0.03085      0.02979      0.03033      0.03065      0.03085      0.02984      0.0304
      25      63      5      HE      -0.0391      -3.9363      -5.3909      -25.096      -0.0334      -3.5653      -4.2582      -18.456      -0.0347      -3.4499      -4.4036      -10.868      -0.026      -3.8858      -4.2975      -17.284      0.03082      0.0311      0.03103      0.03078      0.03091      0.031      0.03083      0.03062      0.03089      0.03095      0.03083      0.03053      0.03085      0.03098      0.03082      0.03058
      19      64      3      HE      0.03841      -3.9274      -5.1835      -12.657      0.02931      -3.9215      -2.4867      -8.0511      0.00363      -3.923      -3.7668      -7.3769      -0.0023      -4.1704      -2.3796      4.99312      0.03053      0.03042      0.03012      0.03071      0.03055      0.03047      0.02992      0.03067      0.03056      0.03038      0.02991      0.03056      0.03049      0.03039      0.02987      0.03061
      25      63      3      HE      -0.0336      -5.6274      -5.5016      4.54033      -0.0349      -4.968      -2.2423      -1.8333      -0.0216      -5.3892      -4.7856      17.2264      -0.0379      -5.0654      -4.61      -7.0565      0.03064      0.03086      0.03101      0.03103      0.03066      0.03084      0.03088      0.03082      0.0307      0.03084      0.03092      0.03082      0.03063      0.03081      0.03085      0.03084
      19      64      2      HE      0.05308      -4.8978      -4.7047      -38.662      0.0537      -5.1384      -1.8584      -8.9226      0.03291      -5.2878      0.40707      -24.777      0.05418      -5.1897      -0.4345      -13.225      0.03105      0.03169      0.03119      0.03192      0.03098      0.03176      0.03096      0.03176      0.031      0.03171      0.03089      0.03177      0.03092      0.0317      0.03087      0.03176
      20      64      3      HE      0.00403      -5.8134      -5.2316      0.91728      0.00026      -5.7901      -3.8103      -26.03      0.01187      -5.8802      -3.6787      -24.268      -0.0018      -6.1951      -5.9998      -2.2634      0.03113      0.03171      0.03172      0.03096      0.03101      0.03168      0.03154      0.03108      0.03108      0.03165      0.03147      0.03102      0.03098      0.03165      0.03153      0.03098
      21      63      3      HE      -0.0064      -5.4439      -4.6063      -4.1746      -0.0043      -5.9219      -2.3784      1.14743      0.01521      -5.5996      -2.1434      -0.4643      -0.0045      -6.0652      -0.9539      2.27728      0.03114      0.03159      0.03198      0.03214      0.03109      0.03167      0.03176      0.03221      0.03106      0.03161      0.03172      0.03212      0.03104      0.03163      0.03178      0.03208
      23      63      3      HE      -0.0068      -5.7688      -7.8001      9.12796      -0.016      -5.7802      -3.6565      -43.557      -0.0133      -5.621      -6.4446      -19.586      0.00176      -5.907      -6.617      -24.848      0.03145      0.03149      0.03129      0.03186      0.03136      0.03152      0.03112      0.03201      0.03136      0.03153      0.03109      0.03195      0.0313      0.03151      0.03109      0.03195
      23      63      2      HE      0.09053      -5.6629      -5.162      -38.229      0.0892      -5.4123      -2.4992      -7.3054      0.03471      -5.7138      -2.6389      -1.3999      0.03623      -5.6046      -2.3578      -6.9396      0.03108      0.03132      0.03141      0.03087      0.03098      0.03138      0.03121      0.03073      0.03102      0.03132      0.03122      0.03067      0.03097      0.03135      0.03114      0.03066
      25      63      2      HE      0.0071      -5.6864      -4.9558      -4.1127      0.06002      -5.7199      -2.1424      5.47196      0.08411      -5.8519      -2.802      13.2296      0.01877      -5.9458      -3.8181      12.89      0.03111      0.03153      0.0319      0.0312      0.03103      0.03153      0.03177      0.03115      0.03101      0.03151      0.03172      0.03096      0.03099      0.03155      0.03169      0.03095
      19      65      2      HE      -0.1508      -1.7985      -0.9541      -46.946      -0.1103      -1.5898      -0.8814      -52.212      -0.1428      -1.8397      0.26444      -57.044      -0.0775      -1.545      0.56192      -67.952      0.03037      0.03044      0.03032      0.03026      0.03045      0.03059      0.03024      0.03047      0.03037      0.03062      0.0301      0.03047      0.03035      0.0304      0.03013      0.03054
      20      65      3      HE      0.02775      -5.6722      -5.7265      -6.6917      0.04765      -5.2717      -0.4658      -7.637      0.00749      -5.4738      -0.6213      -0.5132      0.02638      -5.8634      -1.624      -25.841      0.03063      0.03092      0.03102      0.03046      0.03071      0.03083      0.03086      0.03053      0.03055      0.03078      0.03084      0.03056      0.03056      0.03091      0.03079      0.03051
      21      65      3      HE      0.01524      -4.9043      -6.3786      -47.38      -0.0083      -4.1853      -5.3787      -66.643      -0.0101      -4.5769      -5.8904      -61.046      0.02605      -4.4268      -5.5485      -71.334      0.03005      0.03062      0.03055      0.03059      0.03012      0.03055      0.03051      0.03076      0.02999      0.03056      0.0304      0.03078      0.03003      0.03054      0.03041      0.03075
      23      65      3      HE      -0.015      -5.3802      -3.8624      -23.369      0.03377      -5.3791      -2.6328      -49.631      -0.0011      -5.072      -1.8134      -78.848      -0.0178      -5.5212      -1.2628      -86.547      0.03045      0.03093      0.03088      0.03137      0.03059      0.03094      0.03073      0.03162      0.03045      0.03084      0.03071      0.03178      0.03053      0.03081      0.0307      0.03179
      23      65      2      HE      0.06834      -2.6625      -1.7673      -11.696      0.0634      -2.7862      -1.855      -41.029      0.05522      -2.3317      -0.8784      -56.998      0.07952      -3.1079      -1.4836      -28.965      0.03025      0.03049      0.03024      0.03156      0.03027      0.03054      0.0301      0.03163      0.03018      0.03033      0.03009      0.03167      0.03014      0.03052      0.02998      0.03154
      25      65      2      HE      0.07416      -2.0701      -1.1962      4.06294      0.04691      -1.416      -0.1145      0.28895      0.01692      -2.0966      -0.9165      -8.9371      0.03637      -2.332      -1.5444      -15.648      0.03046      0.03118      0.03045      0.0307      0.03051      0.03106      0.0304      0.03081      0.03041      0.03116      0.03037      0.03082      0.03044      0.03121      0.03038      0.0307
      23      65      6      HE      0.08469      -0.0705      -2.0817      -21.94      0.08139      -0.2431      -0.3417      -10.149      0.03752      -0.2546      -0.0946      -18.406      0.07184      -0.2015      -1.0885      1.18058      0.03085      0.03137      0.03052      0.03068      0.03095      0.03149      0.0304      0.03068      0.03072      0.03133      0.03035      0.03055      0.03077      0.03136      0.0303      0.03049
      23      65      5      HE      0.03992      -0.8655      3.23627      25.2491      0.05956      -0.5946      2.46161      15.3535      -0.004      -0.7912      -0.589      0.55336      0.03136      -0.8171      0.99315      19.4739      0.03191      0.03161      0.03049      0.03064      0.03203      0.03157      0.03045      0.03088      0.03179      0.03153      0.03044      0.03077      0.0318      0.0315      0.0304      0.0307
      25      65      5      HE      0.02774      0.1208      1.05064      17.661      0.01703      0.68297      4.41064      -9.0736      0.02598      0.20894      2.08869      1.7714      0.05158      0.67476      2.36526      -2.5792      0.03068      0.03079      0.03077      0.03024      0.03076      0.03061      0.03061      0.03032      0.03054      0.03065      0.03065      0.03028      0.03058      0.03056      0.03054      0.03018
      25      65      6      HE      -0.0103      -0.2413      -0.8188      4.36858      0.00205      -0.3083      -0.2318      -1.7537      -0.0122      -0.4846      0.89087      -22.607      0.00685      -0.0877      1.24806      -21.042      0.03128      0.03117      0.03101      0.03195      0.03145      0.03119      0.03087      0.03214      0.03116      0.03115      0.03084      0.0321      0.03119      0.0311      0.0308      0.03201
      19      65      3      HE      0.08297      -1.1226      -2.1466      -3.1895      0.07098      -0.8055      0.63407      -9.877      0.02141      -0.9864      0.23209      -28.609      -0.0557      -1.1887      -1.2849      -25.082      0.03113      0.03167      0.0309      0.03122      0.03125      0.03156      0.03087      0.03131      0.03091      0.03157      0.03083      0.03126      0.03097      0.03153      0.03074      0.03123
      25      65      3      HE      0.06279      -0.4675      1.46324      5.38863      0.047      -0.1646      1.17135      6.00487      0.02609      -0.5791      0.7501      -17.185      0.03088      -0.5755      2.903      -28.76      0.03086      0.03107      0.0314      0.03092      0.03101      0.03114      0.03132      0.03105      0.03068      0.03102      0.03126      0.03097      0.03077      0.03093      0.03124      0.03099
      19      65      5      HE      -0.0789      -1.146      3.23672      -20.693      -0.1094      -1.0678      1.31613      -24.718      -0.0809      -1.0753      2.26658      -1.7491      -0.0911      -1.1177      0.03079      3.27245      0.03041      0.03024      0.02957      0.02966      0.03039      0.03021      0.02947      0.02976      0.03029      0.03018      0.02943      0.02968      0.03025      0.03017      0.02945      0.02959
      25      65      4      HE      -0.006      -5.2504      -3.5571      8.69526      0.01952      -4.9024      -3.3759      29.4207      0.00493      -5.1629      -6.8799      44.49      0.00763      -4.9656      -4.9695      -1.0924      0.03064      0.03066      0.03079      0.03056      0.03059      0.03052      0.03075      0.03041      0.03056      0.03046      0.03077      0.03031      0.03047      0.03042      0.03072      0.0305
      20      65      6      HE      0.03246      -3.7125      -3.2222      6.65447      0.00539      -3.9537      -1.2394      35.2989      0.01118      -4.1536      -0.5046      17.14      0.03175      -3.6654      0.05036      8.68413      0.03041      0.03044      0.03015      0.03011      0.03046      0.03037      0.03003      0.02999      0.03032      0.03039      0.02993      0.02994      0.03032      0.03031      0.02987      0.02998
      20      65      5      HE      0.02473      -4.6454      -4.4792      12.3195      0.01896      -4.2171      -2.5791      14.0817      0.01605      -4.9029      -0.885      -8.9232      0.00478      -4.4104      -1.2833      10.4773      0.03023      0.0302      0.02999      0.03083      0.03029      0.03014      0.02992      0.03085      0.03017      0.03018      0.02982      0.0309      0.03019      0.03011      0.0298      0.0308
      21      65      5      HE      0.02999      -2.553      -3.0657      -6.9561      0.04611      -2.3234      -1.1664      -35.074      0.0466      -2.6032      -1.8283      -34.531      0.04754      -2.3384      -2.9232      -5.1582      0.03016      0.03079      0.03055      0.03014      0.03016      0.03075      0.0305      0.03023      0.03007      0.03078      0.03041      0.0302      0.03003      0.03073      0.03039      0.03018
      21      65      6      HE      0.03694      -2.5718      -2.7      -29.188      0.02246      -1.9035      -3.2011      -11.828      0.0838      -2.1098      -4.7873      -26.53      0.03337      -1.9544      -4.3342      -21.453      0.0305      0.03075      0.03054      0.03112      0.03051      0.03067      0.03043      0.03101      0.03043      0.0306      0.03048      0.03103      0.03038      0.03058      0.03046      0.03095
      19      65      1      HE      0.06195      -1.7738      -2.59      -23.256      0.07683      -1.5619      -0.6007      -39.144      0.03736      -1.2054      -1.2941      -16.443      0.06048      -1.5443      -2.1062      -25.81      0.0311      0.03148      0.0303      0.03154      0.03112      0.0315      0.03019      0.03155      0.03109      0.0314      0.0302      0.03155      0.03104      0.03141      0.03019      0.0315
      20      65      1      HE      -0.0016      -3.6621      -1.2163      -9.8183      0.00961      -2.6442      -1.8142      -22.214      -0.0268      -3.2138      -0.8835      -36.059      0.00215      -3.3962      -0.948      -20.5      0.03135      0.03152      0.03118      0.03138      0.03135      0.03135      0.03101      0.03151      0.03131      0.03141      0.031      0.03152      0.03119      0.03138      0.03096      0.03155
      21      65      1      HE      0.00368      -2.8393      -1.1864      5.33964      0.02887      -2.6161      -0.8355      17.3121      0.0379      -2.8607      2.2695      8.21398      -0.0052      -2.5095      1.8408      5.52088      0.03155      0.03164      0.03164      0.03212      0.03152      0.03166      0.03143      0.03205      0.03149      0.03164      0.03143      0.03207      0.03139      0.03163      0.03142      0.03205
      23      65      1      HE      -0.0109      -3.1736      -1.8223      -7.873      0.02766      -2.6506      -1.1248      -0.7404      -0.0042      -2.6415      -0.266      11.6872      -0.0405      -3.1437      0.699      22.128      0.03158      0.03227      0.03127      0.03173      0.03164      0.03218      0.03105      0.03163      0.03155      0.0321      0.03101      0.03158      0.03145      0.03213      0.03105      0.03146
      19      65      4      HE      0.01629      -2.983      -0.6335      -4.3383      0.09309      -2.7331      0.85451      -3.7184      0.05543      -2.8787      -1.4384      -3.9962      -0.0151      -2.8336      -0.4889      -4.3855      0.03118      0.03184      0.03183      0.03139      0.03125      0.03183      0.03181      0.0313      0.03116      0.03182      0.03179      0.03125      0.03105      0.03178      0.03171      0.03123
      25      65      1      HE      0.021      -3.5275      -3.3046      -9.6839      0.04266      -3.679      -6.1248      -19.431      0.00518      -3.3649      -3.8691      -15.087      -0.001      -3.3048      -3.3865      -18.204      0.03147      0.03228      0.03227      0.0315      0.03151      0.03232      0.03227      0.03156      0.03143      0.03218      0.03224      0.03156      0.03133      0.03216      0.03224      0.03154
      19      65      6      HE      0.06633      -3.1369      -4.0659      -18.443      0.01687      -3.3315      -3.6152      -28.439      0.06841      -3.1222      -3.9163      -27.084      0.05001      -3.3172      -4.6417      -24.224      0.0316      0.03226      0.03225      0.03148      0.03167      0.03217      0.03214      0.03157      0.03145      0.03211      0.03214      0.03155      0.03145      0.03213      0.03212      0.03148
      23      65      4      HE      0.0185      -3.4572      -1.3542      -9.6003      0.07043      -3.1406      -1.6519      29.1534      0.0525      -4.2008      -1.5501      14.1911      -0.0171      -3.5727      -0.1112      0.94534      0.0314      0.03139      0.03198      0.03126      0.03136      0.03137      0.03189      0.03105      0.03127      0.03145      0.03184      0.03112      0.03121      0.03137      0.03178      0.03113
      21      65      2      HE      0.0345      -3.2044      -2.7399      -11.696      -0.0301      -2.873      -1.7701      22.9819      0.00818      -3.0517      -0.6004      3.52693      -0.0003      -3.0803      -0.9129      24.7668      0.03142      0.03141      0.03179      0.03131      0.03148      0.03135      0.03172      0.03118      0.0314      0.0313      0.03159      0.03122      0.03139      0.03129      0.0316      0.03112
      20      65      2      HE      0.06436      -1.7541      0.53662      -27.129      0.0511      -1.7309      2.45023      -19.621      0.0309      -1.768      2.05048      -40.838      0.04569      -2.1301      2.54639      -16.199      0.03144      0.03131      0.03158      0.03072      0.03148      0.03127      0.03139      0.03086      0.03147      0.03124      0.03139      0.03071      0.03134      0.03118      0.0313      0.03064
      21      65      4      HE      0.0899      -4.1139      -4.005      -10.146      0.06102      -3.2134      -3.6999      -35.878      0.11773      -3.5118      -3.3852      -27.888      0.08645      -3.4282      -1.4758      -29.116      0.03156      0.03212      0.03161      0.03143      0.03153      0.03192      0.0314      0.03165      0.03144      0.03183      0.03134      0.03158      0.03138      0.03185      0.03126      0.0316
      20      65      4      HE      0.05738      -4.0597      -1.5223      -1.7195      -0.0174      -3.8379      0.3973      -3.713      0.00101      -3.6852      0.32326      -5.8939      0.03514      -3.4876      -1.0877      7.13818      0.03146      0.03121      0.03183      0.03118      0.03142      0.03111      0.0317      0.03113      0.03146      0.03109      0.0317      0.03123      0.03123      0.03103      0.0316      0.031
      19      66      5      HE      0.00821      0.47121      1.18678      -9.1749      0.02775      0.66178      1.40165      -24.523      -0.0163      0.5233      2.36671      -13.642      -0.0073      0.43318      2.83706      -24.77      0.03112      0.03167      0.03145      0.03178      0.03106      0.03161      0.03133      0.03175      0.03107      0.03157      0.03124      0.0317      0.03106      0.03157      0.03124      0.0317
      19      66      6      HE      0.00136      1.69939      1.85538      -14.707      -0.0298      2.28488      3.24434      -12.014      0.00699      2.33129      4.78726      -7.505      0.00586      2.26415      3.5333      4.92852      0.03126      0.03152      0.0318      0.03146      0.03123      0.0314      0.03168      0.03138      0.03126      0.03138      0.03153      0.03136      0.03122      0.03133      0.0315      0.03127
      22      65      2      HE      -0.0189      3.35151      5.721      20.7557      -0.0077      3.28918      3.66789      25.8229      -0.0075      2.95711      5.90789      31.9087      -0.0131      2.93255      5.94504      21.6308      0.03118      0.03142      0.03145      0.0318      0.03118      0.03146      0.03139      0.03186      0.03118      0.03149      0.03127      0.03171      0.03121      0.03144      0.03125      0.03171
      20      66      2      HE      0.03253      -0.7641      0.00093      -30.228      0.01297      -0.7371      3.26854      52.9858      0.03844      -0.4289      1.09551      19.9862      0.04457      -0.4323      0.58541      9.51294      0.03132      0.03208      0.03168      0.03173      0.03127      0.03197      0.03138      0.03132      0.03126      0.0319      0.03134      0.03138      0.03125      0.03184      0.0313      0.03133
      22      65      4      HE      0.05375      -1.9166      -1.1668      -26.882      0.01569      -1.64      0.57196      7.53033      -0.0048      -1.8271      0.81511      14.0065      0.04962      -1.3904      1.14049      -4.6398      0.03137      0.03142      0.03122      0.0307      0.03133      0.03142      0.03101      0.03045      0.03133      0.03137      0.03091      0.03024      0.03132      0.03134      0.0309      0.0303
      20      66      4      HE      -0.0411      1.42535      4.68989      30.8292      -0.0286      1.62872      2.97602      12.6547      -0.0139      1.57997      3.13806      23.7517      -0.024      1.78153      5.90779      6.12152      0.03123      0.03211      0.03133      0.03186      0.03115      0.03207      0.03126      0.03178      0.03117      0.03203      0.03125      0.03178      0.03115      0.03193      0.03119      0.03168
      19      66      1      HE      -0.0403      1.60237      2.58041      -9.7926      -0.0184      1.53691      3.74787      -18.198      0.01464      1.57351      2.63091      -32.382      -0      1.65159      2.83416      1.06543      0.03121      0.03144      0.03135      0.03203      0.03115      0.03151      0.03128      0.03217      0.03117      0.03141      0.03123      0.0321      0.03118      0.03123      0.03122      0.03208
      20      66      1      HE      -0.0883      -0.5164      0.86547      32.0846      -0.0506      -0.5308      3.92485      1.13311      -0.1059      -1.0489      2.42546      32.4841      -0.0765      -0.8279      2.55361      4.62402      0.0312      0.03159      0.03176      0.0315      0.03115      0.03161      0.03164      0.03162      0.03113      0.03164      0.03166      0.03151      0.03114      0.03156      0.03153      0.03152
      22      65      1      HE      0.04261      -1.089      1.17794      -3.3335      0.03112      -0.6572      0.69627      3.30738      0.05889      -0.5198      0.49658      -10.081      0.04437      -0.9012      0.77443      -4.1405      0.03173      0.03201      0.03124      0.03235      0.03173      0.03188      0.03114      0.03227      0.03166      0.03177      0.031      0.03224      0.0317      0.03181      0.03097      0.03225
      24      65      1      HE      0.04622      2.85602      2.8127      5.98293      0.04044      2.5579      3.55204      25.6597      0.05747      3.03533      5.01546      2.06823      0.04045      2.61073      6.3727      19.7158      0.03138      0.03152      0.03185      0.03098      0.03137      0.03157      0.03171      0.0308      0.03134      0.03147      0.03177      0.03082      0.03131      0.03145      0.03159      0.03088
      19      66      4      HE      0.03538      4.1657      6.4193      23.0759      0.02595      4.23406      8.32815      24.9323      0.02526      4.11836      7.40298      31.1199      0.02246      4.06653      7.43195      16.7014      0.03125      0.0308      0.03073      0.03129      0.03127      0.03077      0.03065      0.03124      0.03122      0.03061      0.03059      0.0312      0.03124      0.03063      0.03062      0.03125
      26      65      1      HE      -0.0059      0.13395      2.35438      12.7589      -0.0034      0.33769      2.80316      -1.4647      -0.0061      0.27331      2.95493      9.19222      -0.0073      0.523      2.61703      10.6186      0.03158      0.03125      0.03132      0.03052      0.03153      0.03121      0.03122      0.03056      0.03151      0.03116      0.03116      0.03055      0.0315      0.03118      0.03117      0.03042
      24      65      6      HE      0.07899      1.18234      -0.3198      -8.0836      0.0005      1.56494      3.41404      -3.5181      0.02338      1.36519      3.23955      -3.4917      -0.0074      1.05667      3.24063      -4.1616      0.0307      0.03109      0.03009      0.03025      0.0307      0.03099      0.0298      0.03024      0.03064      0.03096      0.0298      0.03017      0.03065      0.03097      0.0298      0.03022
      26      65      4      HE      0.04476      -0.859      -1.3974      7.92423      0.02955      -0.6718      3.0366      35.7774      0.01872      -0.5359      0.94386      37.8226      0.03926      -0.6164      2.03577      40.4717      0.03062      0.03083      0.03062      0.02996      0.0306      0.03078      0.03045      0.02966      0.0305      0.03062      0.03046      0.02961      0.03056      0.03069      0.03045      0.02961
      20      66      5      HE      0.04753      1.17324      3.39589      10.6008      0.05817      1.36768      3.33041      2.14381      -0.0044      1.30022      2.80178      15.7054      0.01829      0.95333      2.64848      -32.778      0.03032      0.03077      0.03113      0.03102      0.03035      0.03081      0.03106      0.03111      0.03022      0.03078      0.03092      0.03099      0.0303      0.0308      0.03092      0.03105
      22      65      6      HE      0.02323      -1.4891      -1.8954      -20.833      0.05877      -1.2796      -1.8602      -7.057      0.02053      -1.1676      -1.5199      -2.7856      0.03794      -1.7022      -2.4696      -4.7026      0.03082      0.03043      0.03083      0.03041      0.03082      0.03031      0.03072      0.03041      0.03074      0.03027      0.03067      0.0303      0.03079      0.03031      0.03068      0.03037
      24      65      4      HE      -0.0146      1.12869      2.56702      23.0153      0.04436      1.4695      5.02874      43.7522      -0.036      1.51694      2.12401      12.0999      -0.0108      1.24215      3.53868      39.9082      0.03091      0.03116      0.03089      0.03063      0.03095      0.03107      0.03075      0.03051      0.03081      0.03102      0.03074      0.03046      0.03087      0.03102      0.03076      0.03047
      20      66      6      HE      -0.0112      -2.7977      -2.9915      18.4987      -0.0018      -2.6746      -2.0336      9.78251      0.03186      -2.6544      -1.5247      17.647      -0.0026      -2.6846      1.06326      13.0781      0.03083      0.03102      0.03093      0.03093      0.03076      0.03099      0.03076      0.03106      0.03062      0.03092      0.03077      0.03093      0.03071      0.03089      0.03075      0.03099
      22      65      5      HE      -0.0422      -5.2631      -7.5352      -46.191      0.00855      -4.839      -7.4203      -35.379      0.01682      -5.5783      -7.5221      -34.95      0.0469      -5.3608      -7.1077      -32.342      0.03072      0.03126      0.03089      0.03085      0.03086      0.03116      0.03082      0.03095      0.03065      0.0312      0.0308      0.03082      0.03082      0.03119      0.03075      0.03079
      24      65      5      HE      0.03122      -5.3837      -5.8627      -19.469      0.02804      -5.1953      -4.9374      -2.6096      0.02447      -5.2381      -5.1407      -16.128      0.05008      -5.065      -5.7882      4.09158      0.03096      0.031      0.03078      0.03143      0.03103      0.03093      0.03075      0.03132      0.03089      0.03086      0.03074      0.03129      0.03099      0.03087      0.03059      0.03125
      26      65      6      HE      0.02199      -5.0216      -6.746      -27.182      0.00514      -4.3159      -2.7801      -11.322      0.00611      -4.5318      -2.9831      -7.5958      0.03403      -4.4455      -4.4187      -8.5466      0.03121      0.03156      0.03177      0.03071      0.03123      0.03149      0.03149      0.03057      0.03113      0.03151      0.03152      0.03056      0.03122      0.03149      0.03147      0.0304
      26      65      5      HE      0.07684      -5.6905      -7.2447      -10.784      0.08312      -5.5032      -3.094      45.3248      0.06948      -5.6383      -2.0188      12.2902      0.08476      -5.542      -3.9065      41.8627      0.03107      0.03105      0.03136      0.03079      0.03115      0.03111      0.0311      0.03048      0.03102      0.03108      0.03105      0.03059      0.03112      0.03103      0.03108      0.03044
      19      66      3      HE      -0.0507      -5.3381      -4.3106      -3.1187      -0.0221      -5.1899      -6.4389      7.6577      -0.0379      -5.5207      -3.5736      6.76953      -0.0166      -5.4212      -7.0378      5.31137      0.03103      0.03129      0.03081      0.03121      0.03112      0.03131      0.03077      0.03111      0.03102      0.03129      0.03074      0.03115      0.0311      0.03124      0.03072      0.03103
      26      65      3      HE      0.0418      -4.6268      -5.9585      -12.489      0.03755      -4.399      -4.7526      -1.7199      0.02791      -4.2817      -5.6061      -10.264      0.05897      -4.3204      -5.4325      -8.8709      0.03101      0.03116      0.03072      0.03047      0.0311      0.0311      0.03075      0.03036      0.03098      0.03099      0.0307      0.03032      0.03106      0.03097      0.03065      0.03017
      19      66      2      HE      -0.215      -3.1047      -5.5097      -39.433      0.048      -1.9471      -3.4572      -32.897      -0.1915      -2.6046      -1.5551      -33.072      -0.1361      -2.5421      -3.1975      -27.028      0.03121      0.03142      0.03066      0.0321      0.03119      0.03141      0.03054      0.03212      0.03107      0.03131      0.03041      0.03199      0.03118      0.03134      0.03043      0.03194
      20      66      3      HE      -0.1105      0.01158      -2.2589      -3.5608      -0.1583      -0.4236      -0.4077      -20.433      -0.1126      -0.1194      -0.2573      -1.5584      -0.1199      -0.1755      -0.5336      -4.4161      0.0309      0.03098      0.03146      0.03123      0.03086      0.03108      0.03135      0.03128      0.0308      0.03103      0.03131      0.03128      0.03083      0.031      0.03121      0.03117
      22      65      3      HE      0.02013      -2.6694      -5.2961      -19.869      0.01675      -3.0047      -3.9095      -28.394      0.02034      -2.8519      -5.3461      -31.249      0.01012      -2.7325      -3.1955      -35.173      0.03118      0.03097      0.03083      0.03107      0.03114      0.03109      0.03079      0.03106      0.03114      0.03105      0.03073      0.03104      0.03112      0.03102      0.0307      0.03097
      24      65      3      HE      -0.1274      1.06276      2.18605      18.4772      -0.1407      0.70889      3.15894      25.1442      -0.1305      1.13849      3.61277      4.14182      -0.1415      0.90738      4.65694      6.51492      0.03087      0.03156      0.0311      0.03062      0.03084      0.03166      0.03097      0.03054      0.0308      0.03157      0.03093      0.0306      0.03078      0.0316      0.03087      0.03055
      24      65      2      HE      0.06892      -0.4733      0.39754      3.9847      0.06228      -0.217      2.79069      8.08575      0.06877      -0.4885      0.67194      8.02155      0.05878      -0.3926      1.98355      12.7109      0.0308      0.03143      0.03135      0.02999      0.03076      0.03146      0.03127      0.03003      0.03074      0.03143      0.03122      0.02995      0.03072      0.0314      0.03119      0.02994
      26      65      2      HE      0.05463      2.22747      2.32957      -8.692      0.05967      2.4493      4.646      -9.8278      0.03844      1.94316      2.01806      -13.188      0.05811      2.10252      4.73465      -4.4814      0.03116      0.031      0.03154      0.03051      0.0311      0.03106      0.03139      0.03047      0.0311      0.03099      0.03142      0.03037      0.03104      0.03093      0.03133      0.03036
