#Linking QIE11 condition constant table...
#Printing QIE11 condition constant table! ShuntMode : 8
      29      63      1      HE      0.04901      -0.0665      -1.1877      -40.367      -0.0351      -0.2321      -0.8303      -8.2366      0.00785      0.0295      3.75891      -16.041      -0.0328      -0.1228      -0.413      -0.0096      0.0388      0.03905      0.03905      0.03857      0.03861      0.03913      0.03885      0.03822      0.03874      0.03906      0.03873      0.03831      0.03856      0.03898      0.03863      0.0381
      28      63      1      HE      -0.0474      0.10699      -2.2062      -5.7755      -0.1463      0.10433      -0.2845      -1.4527      -0.1588      -0.04      0.38979      3.72553      0.06023      0.27782      0.86825      3.43744      0.03896      0.03932      0.03897      0.03807      0.03885      0.03938      0.03886      0.03801      0.03889      0.03927      0.03883      0.03796      0.03873      0.03923      0.03878      0.03792
      18      63      2      HE      -0.0304      2.5112      2.31933      10.0153      -0.0651      2.41834      4.80433      3.85646      -0.0198      2.63347      5.41356      5.84467      0.00238      2.46233      4.63259      0.36521      0.03903      0.03852      0.03817      0.0378      0.03893      0.03852      0.03807      0.03767      0.03905      0.03845      0.03812      0.03764      0.03887      0.03845      0.03792      0.03769
      17      63      2      HE      0.05969      4.40972      2.96205      -18.815      0.0661      5.20481      6.09016      -22.363      0.059      5.06527      8.30064      -31.538      0.0904      5.12288      6.09594      -23.272      0.03893      0.03896      0.0388      0.03791      0.03882      0.03893      0.03864      0.03814      0.0389      0.03894      0.03859      0.03809      0.03875      0.03888      0.03853      0.03791
      16      63      4      HE      0.03317      2.39686      1.8272      -4.9535      0.00682      2.03486      3.67702      -9.618      0.03779      2.30278      1.74181      -23.854      -0.0098      2.29671      3.77259      -15.112      0.03874      0.03913      0.03807      0.03782      0.03869      0.03922      0.038      0.03788      0.03874      0.03906      0.03801      0.03789      0.03862      0.03897      0.03789      0.03787
      29      63      2      HE      0.03111      -0.4326      -1.6213      -39.022      -0.0289      -0.0859      -1.9563      -34.48      -0.0088      0.01112      -2.4816      -41.174      -0.0382      -0.3676      -0.8969      -61.654      0.03889      0.0393      0.03924      0.03894      0.03885      0.03929      0.03915      0.03893      0.03886      0.03927      0.03914      0.03886      0.0387      0.0392      0.03904      0.03883
      28      63      2      HE      -0.0279      0.9541      1.29693      -26.735      -0.0201      1.14188      5.11365      -16.369      -0.0722      1.31805      3.06747      -17.875      -0.0239      0.9153      1.43705      -12.738      0.03868      0.03909      0.03909      0.03944      0.03863      0.03917      0.03895      0.03929      0.03869      0.03919      0.03886      0.03931      0.03877      0.03908      0.0389      0.03939
      28      63      5      HE      -0.0722      -2.0132      -6.4777      -43.243      -0.0847      -1.6092      -1.8503      -39.012      -0.0653      -2.3621      -1.558      -13.296      -0.1184      -1.8969      -3.2481      -27.692      0.03881      0.03907      0.03835      0.03849      0.03882      0.03911      0.03816      0.0385      0.03882      0.03908      0.0381      0.03841      0.03891      0.039      0.03807      0.03846
      28      63      3      HE      0.02926      -2.0664      -1.2528      -8.9207      0.04449      -1.9696      2.90488      19.3506      0.0348      -1.6995      3.39248      17.8768      0.03877      -2.1404      4.05376      18.3161      0.03884      0.03892      0.03891      0.03908      0.0389      0.03904      0.03864      0.03891      0.0388      0.03899      0.03855      0.0389      0.03895      0.03897      0.03845      0.03888
      28      63      7      HE      0.01643      2.15795      3.37643      6.71459      0.02213      2.23454      2.89716      11.7072      0.00503      1.6161      1.61192      4.50944      0.02941      1.71101      5.90589      2.46007      0.03904      0.03883      0.0389      0.03873      0.03907      0.03913      0.03871      0.03874      0.03897      0.03907      0.03874      0.0386      0.03914      0.03904      0.03865      0.03857
      26      63      7      HE      -0.0354      4.02884      0.03685      -35.711      0.0313      3.80205      0.56713      -51.766      0.00631      3.70779      0.6476      -26.551      0.02978      3.5811      3.82857      -44.596      0.0388      0.03839      0.03807      0.03803      0.03884      0.03863      0.03787      0.03803      0.03876      0.03854      0.03784      0.03792      0.0389      0.0385      0.0378      0.03794
      28      63      6      HE      -0.0508      -0.5201      -4.3709      -15.184      -0.0214      -0.4445      -1.9378      -23.007      -0.0428      -0.2281      -4.1605      -35.195      -0.0209      -0.4256      -0.5785      0.14533      0.03896      0.0387      0.03913      0.03893      0.03901      0.03878      0.0391      0.03898      0.03886      0.03872      0.0389      0.0389      0.03907      0.03872      0.03895      0.03881
      18      63      3      HE      -0.0274      -6.6164      -12.073      -64.754      0.05845      -6.8041      -9.041      -26.154      0.07225      -6.719      -10.262      -49.547      0.03757      -6.3288      -11.919      -3.1534      0.0395      0.0389      0.03808      0.03829      0.03949      0.03896      0.03788      0.03809      0.03938      0.03883      0.03779      0.03815      0.03947      0.03884      0.03769      0.03788
      28      63      4      HE      0.03708      -7.4273      -6.5397      -10.495      0.0361      -7.0109      -5.6779      -19.373      -0.1684      -7.3925      -3.8631      -21.642      0.03803      -6.9772      -3.7692      -19.722      0.03895      0.03852      0.0387      0.0379      0.03889      0.03852      0.03856      0.03784      0.03889      0.03838      0.03845      0.03781      0.03882      0.03838      0.03845      0.03779
      17      63      3      HE      0.04126      -6.502      -10.384      -24.549      0.01098      -5.9291      -2.9866      -23.759      0.0762      -5.7689      -10.614      -24.795      0.03877      -5.8799      -7.4599      -24.99      0.03904      0.03891      0.03883      0.03858      0.03894      0.0387      0.03855      0.03829      0.03904      0.03867      0.03863      0.03838      0.03895      0.03865      0.03856      0.03835
      18      63      5      HE      0.0677      -6.6025      -7.6243      -24.903      0.01317      -6.5764      -3.9375      -3.8807      0.03043      -6.6237      -3.7551      -5.6604      0.00192      -6.348      -4.2275      -5.0159      0.03895      0.03866      0.03945      0.03935      0.03893      0.03864      0.03921      0.03909      0.03901      0.0386      0.03913      0.03918      0.03889      0.03847      0.03908      0.03908
      18      63      1      HE      -0.0208      -6.9385      -12.649      5.10631      -0.0028      -6.9414      -7.7011      26.231      0.00551      -6.4895      -9.7966      25.9553      0.00665      -6.4411      -9.2944      41.9761      0.03866      0.03978      0.0391      0.03866      0.03868      0.03978      0.03882      0.03851      0.03876      0.03972      0.03886      0.03841      0.0386      0.03956      0.03879      0.03835
      18      63      4      HE      0.08084      -5.7973      -5.1732      4.6718      0.05308      -5.6479      -2.078      9.23821      0.05578      -5.1761      -2.1451      15.1523      0.03554      -5.5185      -4.7152      -26.239      0.03922      0.0393      0.03915      0.03967      0.03914      0.03918      0.03906      0.03967      0.0392      0.03912      0.03897      0.03959      0.03909      0.03905      0.03893      0.03965
      18      64      1      HE      0.03547      1.45373      3.73808      -16.166      -0.0288      1.18556      4.64192      -0.1133      0.0412      1.17246      4.59554      16.0026      -0.0089      0.92367      4.04545      7.90296      0.03862      0.03885      0.03937      0.03922      0.03847      0.03895      0.03908      0.03913      0.03841      0.0389      0.03901      0.03882      0.03845      0.03894      0.03899      0.03907
      18      64      4      HE      0.0735      1.75695      3.61416      -27.983      0.02073      1.71457      6.95909      3.56665      0.05928      1.96272      6.93573      0.50992      0.07156      1.36155      7.71769      -7.5693      0.03839      0.03856      0.03892      0.0388      0.03819      0.03855      0.03869      0.03883      0.03826      0.03853      0.03862      0.03875      0.03819      0.03858      0.03858      0.03869
      18      64      5      HE      0.05758      -0.9245      2.91862      18.0957      0.01036      -1.0464      4.13186      18.2937      0.05424      -0.8246      0.49032      16.3162      0.03026      -1.2699      2.56396      29.012      0.03832      0.039      0.03922      0.03907      0.03813      0.0391      0.03904      0.03891      0.03821      0.03905      0.0391      0.03883      0.03819      0.03903      0.03902      0.03877
      17      64      3      HE      0.06538      -0.8192      2.96831      25.3948      0.05154      -0.7243      1.13976      46.5098      0.10908      -0.9054      2.0716      32.8591      0.0789      -0.8056      5.46481      0.02572      0.03862      0.03877      0.03854      0.03819      0.03846      0.0388      0.03833      0.03811      0.03857      0.0388      0.03833      0.03812      0.03849      0.03877      0.03831      0.03809
      27      63      4      HE      -0.1233      3.59132      4.84413      24.0716      0.04922      4.02221      7.92456      44.3098      -0.125      3.59241      7.56593      40.7624      0.04839      3.45534      7.64382      43.0006      0.03844      0.03905      0.03874      0.03849      0.03836      0.03917      0.03856      0.03827      0.03839      0.0391      0.03848      0.03822      0.03835      0.03903      0.03844      0.0383
      18      64      3      HE      0.07079      0.59971      1.03662      15.8505      0.074      0.7322      4.49671      7.078      0.08373      0.47125      3.3301      17.8284      0.08987      1.18747      4.22605      13.2458      0.03881      0.03938      0.03855      0.03875      0.0387      0.03938      0.03837      0.03892      0.03871      0.03935      0.03833      0.03875      0.0387      0.03928      0.03827      0.0388
      27      63      7      HE      0.02341      -9.6039      -14.866      -46.15      0.05899      -9.2291      -11.317      -31.663      0.07359      -9.1465      -10.867      -31.443      0.04582      -9.0713      -10.7      -46.922      0.03948      0.04058      0.03919      0.03852      0.03948      0.04047      0.03885      0.03829      0.03932      0.04036      0.03878      0.03827      0.03943      0.0404      0.0388      0.0383
      27      63      3      HE      -0.0064      -4.6485      -7.8655      -12.432      0.05516      -4.6064      -5.9676      20.3331      -0.0019      -4.6409      -5.4245      -13.86      0.01465      -4.932      -2.6144      -18.768      0.0384      0.03832      0.03832      0.03856      0.03838      0.03841      0.03811      0.0384      0.03839      0.03835      0.03805      0.03854      0.03834      0.03841      0.03803      0.03856
      27      63      5      HE      0.03816      -2.0517      -4.5282      -21.788      0.01527      -2.5926      -2.0078      24.2329      0.0445      -2.1995      -1.583      -11.072      0.01018      -2.6809      -1.9796      -3.2153      0.03864      0.03909      0.03914      0.03876      0.0386      0.03922      0.03878      0.03852      0.03859      0.03913      0.03865      0.03858      0.03854      0.03908      0.03867      0.03851
      27      63      6      HE      0.01588      -2.9546      -2.1653      -27.883      -0.0165      -2.8659      -0.7764      -30.812      -0.0095      -2.5734      -4.053      -19.186      0.00099      -3.3421      -1.6357      -43.917      0.039      0.03944      0.03886      0.0378      0.03899      0.03955      0.03869      0.0378      0.03903      0.03949      0.03865      0.03774      0.03892      0.03945      0.03865      0.03774
      29      63      3      HE      0.02342      -2.1137      -4.3014      -12.32      0.01792      -1.5389      1.21213      37.7034      0.03822      -1.4198      2.28361      -4.1886      0.02442      -1.8959      -1.0312      7.15036      0.03819      0.03859      0.03802      0.03733      0.03814      0.03835      0.03775      0.03717      0.0382      0.03832      0.03771      0.03728      0.03813      0.03833      0.03772      0.03722
      27      63      1      HE      0.09177      -6.4098      -4.2734      20.8152      0.03587      -7.0099      -1.259      11.6184      0.0763      -7.1539      -3.6188      22.1059      0.08023      -6.8398      -2.9853      33.6027      0.03887      0.03866      0.0387      0.03923      0.03877      0.03887      0.03855      0.03932      0.03865      0.03874      0.0385      0.03906      0.03875      0.03875      0.03844      0.03902
      18      64      2      HE      0.02066      -6.4484      -5.3379      -1.9003      -0.0477      -6.8451      -4.1817      -16.404      0.0082      -6.8118      -5.0462      -24.752      0.01279      -7.3264      -4.5408      1.54545      0.03875      0.03888      0.03817      0.03838      0.03865      0.03895      0.03806      0.03843      0.03862      0.03886      0.03803      0.03839      0.03856      0.03884      0.038      0.03823
      17      64      2      HE      0.07347      -7.6559      -10.47      -37.2      0.0451      -7.8449      -7.0624      -46.099      0.05052      -8.148      -7.2511      -41.441      0.00286      -8.4666      -7.9231      -37.539      0.03842      0.0383      0.0388      0.03909      0.03827      0.03844      0.03867      0.03901      0.03818      0.03836      0.03863      0.03885      0.03827      0.03841      0.03858      0.03895
      16      64      4      HE      0.08151      -6.3933      -7.4618      -9.8873      -0.0187      -7.022      -4.5796      -10.498      0.05927      -7.0731      -5.5031      -11.022      -0.0002      -6.9781      -3.6117      -2.37      0.03855      0.03882      0.03828      0.038      0.03836      0.03905      0.03815      0.03781      0.03837      0.03894      0.03802      0.03776      0.03834      0.03891      0.03809      0.03778
      27      63      2      HE      -0.0234      -6.2595      -1.007      5.91024      -0.0136      -6.8313      1.25366      27.3358      -0.0075      -7      -0.9791      8.45704      0.05183      -6.4641      -1.6571      22.2161      0.0384      0.03863      0.03825      0.03707      0.03826      0.03875      0.0382      0.03713      0.03827      0.03873      0.03812      0.03705      0.03821      0.03868      0.03808      0.0369
      27      65      1      HE      0.08732      -8.3737      -7.6976      -29.052      0.09864      -8.7483      -7.293      -23.128      0.08101      -8.96      -10.246      -16.582      0.0279      -8.7972      -8.7401      -17.166      0.0389      0.03976      0.03845      0.03939      0.0389      0.03976      0.03833      0.0393      0.03878      0.03966      0.03823      0.03924      0.03881      0.03958      0.03819      0.03913
      18      65      2      HE      0.1011      -4.1289      0.58414      -7.8056      0.09199      -3.2328      -2.4232      -18.094      -0.089      -3.6356      -0.5269      -25.277      -0.1526      -3.9528      -5.0619      -19.795      0.03866      0.03882      0.03865      0.03839      0.03858      0.03857      0.03857      0.03844      0.03851      0.0385      0.03848      0.03846      0.03839      0.03841      0.03852      0.03842
      17      65      2      HE      0.08794      -4.0303      -4.9528      -16.9      0.05162      -4.0081      -3.2591      -15.428      0.06936      -4.2294      -2.4256      -26.077      0.0009      -4.3006      -3.3265      -16.313      0.03834      0.0379      0.0389      0.03781      0.03828      0.03778      0.03874      0.03787      0.03829      0.0378      0.03858      0.0378      0.03815      0.03783      0.03859      0.03773
      16      65      4      HE      0.06318      -6.8534      -7.5718      -47.848      0.08675      -7.1943      -5.129      -36.815      0.07991      -7.2424      -5.3991      -34.161      0.06426      -7.8578      -5.4106      -70.781      0.03869      0.03876      0.03823      0.03874      0.0386      0.03889      0.03808      0.03879      0.03862      0.03883      0.03804      0.03873      0.03853      0.03886      0.03803      0.03873
      27      65      2      HE      0.092      -8.1965      -6.6322      -36.325      0.09757      -7.7764      -3.5758      -35.696      0.07559      -7.6083      -5.1546      -56.876      0.09939      -8.417      -3.0136      -63.318      0.03834      0.03859      0.03882      0.03786      0.03828      0.03855      0.03861      0.03792      0.03829      0.03848      0.03856      0.03795      0.03809      0.03861      0.0385      0.03797
      27      65      5      HE      0.09689      -1.0318      0.94839      12.9488      0.14286      -0.379      3.20635      -2.5218      0.00998      -0.2958      3.61764      -0.1299      0.04353      -0.9647      3.43376      23.5484      0.03898      0.03927      0.03961      0.03934      0.03917      0.03918      0.03937      0.03931      0.03879      0.03896      0.03924      0.03923      0.03874      0.03903      0.03922      0.03917
      27      65      3      HE      -0.125      0.19477      -0.4706      27.2225      -0.1163      0.27182      3.84912      19.9646      -0.0983      0.41682      1.90695      11.2463      -0.1004      0.4975      2.2464      -0.8584      0.03903      0.03925      0.03961      0.03864      0.03914      0.03915      0.03944      0.03878      0.03873      0.03903      0.03937      0.03865      0.03867      0.0389      0.03937      0.03873
      27      65      7      HE      0.01873      -0.869      -1.7658      -11.682      -0.0584      -0.5346      0.43241      -15.698      -0.0693      -1.2097      -2.8695      -8.8792      0.00298      -0.6382      0.68042      -10.804      0.03948      0.04019      0.03961      0.03924      0.03966      0.04013      0.03946      0.03919      0.03947      0.04007      0.03949      0.03918      0.03941      0.04008      0.03934      0.03916
      29      65      3      HE      0.12392      -0.8391      -1.2553      27.9133      0.10154      -0.2811      -1.9316      14.0328      0.09038      -0.4506      1.1828      -3.1626      0.08197      -0.3032      1.20112      1.49247      0.03933      0.0393      0.03965      0.03856      0.03951      0.03904      0.03952      0.03875      0.03923      0.03898      0.03946      0.03864      0.03917      0.03894      0.03943      0.03861
      27      65      6      HE      0.10937      -1.6671      -3.0358      -25.432      0.11664      -1.2822      -3.5634      -28.324      0.08864      -1.2627      -1.0673      -23.85      0.10177      -1.3292      0.50326      -15.859      0.03963      0.03924      0.0395      0.03846      0.03974      0.03908      0.03939      0.03839      0.03941      0.03899      0.03924      0.03833      0.03944      0.03889      0.03922      0.03828
      18      65      3      HE      0.04245      -8.262      -8.1045      17.3009      0.09322      -8.1238      -6.0331      -0.2086      0.02444      -7.9562      -5.1245      14.9635      0.03225      -8.2848      -5.4059      -31.624      0.039      0.03924      0.03965      0.03857      0.03913      0.03918      0.03946      0.03873      0.03897      0.03906      0.03942      0.0386      0.03899      0.03907      0.03943      0.03873
      27      65      4      HE      0.03587      -3.4086      -3.9839      -10.992      0.04936      -2.5233      1.40205      7.78745      0.02659      -3.0645      -0.278      11.1763      0.03916      -2.896      -0.2752      21.8223      0.03812      0.03879      0.03822      0.03779      0.03827      0.03875      0.03802      0.03763      0.03817      0.03873      0.03792      0.03754      0.03797      0.03868      0.03798      0.03729
      17      65      3      HE      0.07583      -4.166      -1.8557      -25.565      0.08284      -2.2767      -3.3208      -19.842      0.06987      -3.4311      -0.7383      -19.781      -0.1303      -4.1426      -3.7721      -9.6345      0.03873      0.03926      0.03886      0.03936      0.03881      0.03881      0.03868      0.0393      0.03867      0.039      0.03859      0.03928      0.03853      0.03905      0.03865      0.0391
      18      65      5      HE      0.03655      -4.4272      -8.0968      -27.131      0.03639      -4.5043      -3.1136      -13.11      0.01444      -4.6017      -5.643      -21.359      0.01755      -4.478      -2.4155      -16.458      0.03907      0.03875      0.039      0.03945      0.03925      0.03882      0.03881      0.03946      0.03915      0.03872      0.03882      0.03923      0.039      0.03864      0.03873      0.03932
      18      65      1      HE      0.04285      -7.1277      -6.1934      2.76386      0.09335      -6.5963      -5.528      11.9712      0.07342      -7.0791      -6.1901      3.07658      0.04368      -6.9565      -7.4288      -4.3331      0.03888      0.03951      0.0386      0.03911      0.03895      0.03935      0.03854      0.03907      0.03886      0.03939      0.03836      0.03901      0.03872      0.03935      0.03827      0.03896
      18      65      4      HE      0.02847      -7.4037      -5.1257      35.8064      0.0288      -7.3765      -1.4842      10.9451      0.07057      -6.9654      -4.1574      6.61136      0.0612      -7.3997      -4.8252      10.7575      0.03862      0.0385      0.03922      0.03808      0.03866      0.03846      0.03909      0.03791      0.03861      0.03837      0.03906      0.03795      0.03845      0.03839      0.03904      0.03798
      18      66      1      HE      -0.2843      -2.8089      -5.9868      -6.881      0.17926      -1.8425      -1.0855      -11.618      -0.1883      -2.7015      -1.4091      8.17952      -0.1185      -2.4863      -0.2173      22.2704      0.03903      0.03922      0.03897      0.03775      0.03902      0.03919      0.03856      0.03771      0.03872      0.03907      0.03855      0.0376      0.03893      0.03907      0.03853      0.03758
      18      66      4      HE      0.02049      0.51747      2.36816      46.0243      0.03243      0.47772      4.60624      45.7656      -0.1349      0.14149      3.03517      47.0246      -0.1709      0.40851      5.48925      53.2184      0.03918      0.03967      0.0403      0.03819      0.03919      0.03986      0.04019      0.03821      0.039      0.03975      0.04012      0.0381      0.03904      0.03974      0.04011      0.0381
      18      66      5      HE      0.09443      -2.5204      -7.8699      -75.945      0.10601      -3.0156      -4.3773      -11.685      -0.0171      -2.9838      -4.6226      -26.64      0.07956      -3.152      -1.2097      -51.63      0.03905      0.03972      0.03907      0.03945      0.03902      0.03987      0.03887      0.03926      0.03888      0.03973      0.0387      0.03919      0.03888      0.03973      0.03866      0.03923
      17      66      3      HE      -0.0937      1.53654      5.61425      -10.234      0.04726      2.01067      5.06479      10.0881      -0.1767      1.30891      6.4715      25.4505      0.07578      2.03871      3.27014      8.90625      0.0391      0.03956      0.03936      0.03946      0.0391      0.03957      0.03914      0.03941      0.03884      0.03947      0.03909      0.03931      0.03887      0.03945      0.03905      0.03937
      28      65      4      HE      0.11284      -0.8373      -0.5088      22.2226      0.1285      -0.9622      -2.1555      19.3459      0.04326      -1.3921      0.5433      -25.972      0.09538      -1.3298      -0.9584      -20.868      0.03879      0.03919      0.03922      0.03834      0.0388      0.03942      0.03916      0.03845      0.03853      0.03925      0.03901      0.03838      0.0386      0.03927      0.03902      0.03846
      18      66      3      HE      0.09345      2.37485      -0.0121      -31.439      0.0477      1.63731      0.71885      -25.943      0.03379      1.61925      -2.1758      -8.8457      0.07643      1.80943      -1.2811      -15.549      0.0386      0.0386      0.03907      0.03834      0.0386      0.03878      0.03885      0.03823      0.03842      0.03874      0.03888      0.03819      0.03846      0.03873      0.03888      0.0381
      28      65      7      HE      0.01068      -7.2553      -6.0199      7.86448      0.00704      -7.3373      -7.1177      3.61904      0.05999      -7.3849      -6.8285      14.5797      0.01735      -7.6017      -4.2496      18.8646      0.03803      0.03798      0.0371      0.03864      0.03801      0.03807      0.03704      0.03864      0.03795      0.03802      0.03701      0.03863      0.038      0.03799      0.03694      0.0385
      28      65      3      HE      0.0396      -7.4964      -9.6141      -38.959      -0.0086      -8.0572      -7.1155      -33.758      0.04279      -8.0178      -6.7948      -37.149      -0.0162      -7.8733      -6.5818      -28.295      0.03924      0.03999      0.03976      0.03986      0.03925      0.04018      0.03947      0.03968      0.03919      0.04009      0.03943      0.03964      0.03922      0.04004      0.03949      0.03966
      28      65      5      HE      0.06704      -5.9126      -8.2276      -8.3412      0.03178      -5.8673      -3.8286      -55.256      0.05324      -6.2186      -5.5385      -21.236      0.02701      -5.9211      -3.482      -67.666      0.03867      0.03919      0.03965      0.03914      0.03872      0.03922      0.03953      0.03928      0.03859      0.0392      0.03938      0.03921      0.03863      0.03916      0.03933      0.03932
      28      65      6      HE      -0.0443      -6.0923      -7.2922      -60.274      -0.0044      -5.5584      -8.2793      -50.001      -0.0196      -5.7297      -7.2995      -44.741      -0.0121      -5.7143      -6.3116      -59.764      0.0393      0.03989      0.03973      0.03903      0.03929      0.03981      0.03956      0.039      0.03924      0.03978      0.03953      0.03894      0.03929      0.03978      0.03952      0.03895
      26      65      7      HE      0.08065      -6.1977      -6.3294      -21.857      0.1119      -6.5937      -0.3861      -1.4664      0.08558      -6.4867      -1.8852      -7.1594      0.10202      -6.8091      0.38561      0.04205      0.03927      0.03995      0.0397      0.0392      0.03928      0.04006      0.0394      0.03906      0.03919      0.03998      0.03928      0.03904      0.03923      0.03997      0.03927      0.03902
      28      65      2      HE      0.01438      -6.8484      -7.6958      -4.5537      0.02481      -7.3097      -7.9423      -17.4      0.0609      -7.084      -7.133      -1.0536      0.06545      -6.7246      -6.8675      -7.6293      0.03899      0.03976      0.03917      0.03897      0.03903      0.03986      0.03913      0.03912      0.03893      0.03978      0.03908      0.03905      0.03894      0.03978      0.03903      0.03895
      29      65      1      HE      0.01659      1.54461      4.60646      -21.21      0.09425      2.64356      4.70576      8.80237      0.08379      1.63821      7.18917      -12.505      0.08172      1.61719      7.19605      6.34262      0.0382      0.03876      0.03917      0.03782      0.03816      0.03843      0.03896      0.03762      0.03811      0.03856      0.03897      0.03765      0.03807      0.03855      0.03892      0.03755
      28      65      1      HE      0.0082      -1.533      -4.1464      -37.222      0.04405      -1.2557      -5.1202      -55.509      0.03415      -1.03      -2.6526      -49.92      0.00932      -0.764      -3.5749      -49.646      0.03781      0.03844      0.03865      0.0386      0.03775      0.03835      0.03843      0.03854      0.03771      0.03822      0.03838      0.03844      0.03769      0.03819      0.03834      0.03843
      18      66      2      HE      0.02735      0.89991      1.93807      -13.677      0.09112      1.2703      1.73134      -13.396      0.09755      1.16795      2.27519      -5.2062      0.03248      1.20399      -0.101      -11.514      0.03836      0.03873      0.03856      0.03843      0.03832      0.03871      0.03836      0.03832      0.0382      0.03866      0.03826      0.0382      0.03823      0.03864      0.03831      0.03824
      17      66      2      HE      -0.0114      -1.5373      -3.6062      -41.162      0.01401      -1.22      -0.2303      -41.247      -0.0286      -1.1249      -0.1381      -49.122      -0.0021      -1.3011      0.67044      -33.39      0.03888      0.03897      0.03925      0.03845      0.03882      0.03881      0.03894      0.03838      0.03876      0.03876      0.03896      0.03841      0.03877      0.03875      0.03889      0.03832
      16      66      4      HE      0.02032      1.12525      -2.1999      -28.569      0.02946      1.76986      2.37616      -45.098      0.04213      1.50435      3.55177      -36.57      -0.0197      1.06592      2.94661      -36.095      0.03818      0.03852      0.03914      0.03769      0.03813      0.03831      0.03889      0.03766      0.03811      0.03828      0.03875      0.03759      0.03804      0.03833      0.03878      0.03743
      29      65      2      HE      0.05836      -3.4772      -2.3468      18.5744      0.02282      -2.779      1.24933      -3.0005      0.01574      -2.9833      -0.7667      -9.4805      -0.0099      -3.1208      1.18448      -1.9656      0.03858      0.03858      0.03974      0.03795      0.03854      0.03837      0.0395      0.03798      0.03848      0.03834      0.03945      0.03797      0.03843      0.03834      0.03937      0.03793
      19      63      2      HE      -0.0042      0.14997      -2.7499      -65.472      -0.0136      0.37711      1.13791      -58.669      0.00076      0.48366      -0.744      -62.867      -0.0132      -0.1697      0.50636      -72.666      0.0382      0.03801      0.03734      0.03793      0.0382      0.03806      0.03716      0.03794      0.038      0.03802      0.03708      0.03786      0.03806      0.03804      0.03706      0.03784
      20      63      3      HE      0.01745      -0.4465      -0.9602      -14.698      0.05253      -0.3205      5.17646      3.67338      0.05023      -0.3831      0.98309      1.2719      0.05886      -0.2108      4.53538      15.2913      0.03722      0.03819      0.03794      0.0381      0.03722      0.03839      0.03773      0.03788      0.03712      0.03825      0.03768      0.03791      0.03716      0.03826      0.03761      0.03786
      22      63      3      HE      -0.0082      -2.0739      -3.156      -15.485      -0.0133      -2.6026      -2.2868      -19.53      -0.0202      -2.2874      -0.6334      -64.771      0.01538      -2.6807      -3.0899      -19.442      0.03825      0.03818      0.03801      0.03778      0.03828      0.03838      0.03778      0.03778      0.03816      0.03822      0.03773      0.03786      0.03818      0.03819      0.0378      0.03778
      24      63      3      HE      0.01859      -5.0392      -9.487      -48.993      0.02472      -5.0016      -6.7869      -73.605      0.00569      -5.4934      -8.6351      -60.84      0.03722      -4.9737      -7.0785      -59.779      0.0377      0.03763      0.03712      0.03624      0.03778      0.03785      0.03695      0.03635      0.03763      0.03777      0.03679      0.03619      0.03771      0.03777      0.03683      0.03624
      24      63      2      HE      0.07779      -1.2265      2.65859      16.7262      -0.0055      -1.472      3.66166      -13.201      0.02161      -1.1976      3.12796      20.7757      0.08405      -0.8099      4.68956      -12.061      0.03784      0.03806      0.03742      0.03739      0.03796      0.03821      0.03727      0.03736      0.03776      0.03815      0.0372      0.03722      0.0378      0.03809      0.03717      0.0373
      26      63      2      HE      0.0515      -0.3038      0.57934      26.013      0.04692      0.35039      3.13266      -5.1116      0.01857      -0.1384      0.37217      -10.594      0.05204      -0.2138      3.05741      -7.9385      0.03785      0.03787      0.03759      0.03726      0.03785      0.03782      0.03741      0.03731      0.03771      0.03783      0.03745      0.03731      0.03772      0.0378      0.03735      0.03726
      24      63      6      HE      0.03402      0.44544      -0.5518      4.77838      0.02784      0.14587      4.51141      1.3601      0.04868      0.35919      2.54722      28.2653      0.04785      -0.0047      2.26032      32.3234      0.0385      0.03872      0.03805      0.03839      0.0385      0.03884      0.03772      0.03838      0.03847      0.03878      0.03768      0.03824      0.03831      0.03879      0.03766      0.03822
      24      63      5      HE      0.02865      2.56779      2.12652      0.29487      -0.0339      2.47851      3.54321      0.35082      0.00924      2.40783      6.59828      19.3115      0.01299      2.01999      2.77709      5.37547      0.03812      0.03848      0.03786      0.03691      0.03808      0.03853      0.03758      0.03668      0.03804      0.03853      0.03754      0.03662      0.03792      0.03847      0.03746      0.03663
      26      63      5      HE      0.0192      3.8095      0.68656      9.27057      0.01975      4.15055      7.55922      3.99103      0.01667      3.46053      3.83246      -15.669      0.00195      3.68806      2.11435      1.7007      0.03835      0.03863      0.03838      0.03833      0.03837      0.03875      0.03818      0.0383      0.03825      0.03871      0.03808      0.03817      0.0382      0.03868      0.03803      0.03815
      26      63      6      HE      0.05679      -1.3993      -2.8827      -21.624      0.04297      -1.4545      0.48933      -13.139      0.04061      -1.3632      -0.599      -3.498      0.04857      -1.4666      3.1411      -8.6943      0.03859      0.03876      0.03818      0.03736      0.03855      0.0388      0.03803      0.03727      0.0385      0.03874      0.03797      0.03717      0.03841      0.03869      0.03789      0.0372
      19      63      3      HE      0.02911      -1.9745      -1.8729      22.0304      0.06307      -2.2172      1.18249      29.2286      -0.0487      -2.4393      1.30589      1.43655      0.03953      -1.9284      -1.288      37.4482      0.03865      0.03881      0.03832      0.03788      0.03868      0.03889      0.03826      0.03773      0.03852      0.03872      0.03811      0.0377      0.03841      0.03866      0.03815      0.0377
      26      63      3      HE      0.02284      1.38796      1.21999      -3.3792      0.01891      1.31481      0.64863      8.76149      0.01575      1.54998      3.84974      22.105      0.00775      1.18772      4.81902      24.2114      0.03843      0.03852      0.03864      0.03699      0.0384      0.03847      0.03847      0.03687      0.0383      0.03841      0.03836      0.0368      0.03819      0.0384      0.03833      0.03675
      19      63      5      HE      0.00425      -7.0115      -9.4474      -18.96      0.02614      -7.3603      -9.2818      -24.709      0.05551      -7.1881      -5.5118      -28.132      0.03678      -7.3344      -7.4496      -30.865      0.03873      0.03875      0.03846      0.03703      0.03877      0.03886      0.03842      0.03702      0.03877      0.03877      0.03827      0.03686      0.03872      0.03877      0.03831      0.03697
      26      63      4      HE      0.07216      -7.3554      -8.0375      -26.207      0.08955      -7.1683      -2.9792      -14.984      0.04542      -7.1644      -5.0467      -12.116      0.01701      -7.5944      -1.6413      -10.859      0.03817      0.03873      0.03774      0.03971      0.0382      0.03869      0.03748      0.03958      0.03824      0.03867      0.03736      0.03952      0.03811      0.03867      0.03734      0.03953
      20      63      6      HE      -0.1232      -4.9904      -2.2696      8.66456      -0.1019      -5.3432      0.2287      35.6093      -0.1387      -5.4044      1.0849      27.0787      -0.0363      -5.5802      -0.462      26.6715      0.03826      0.03918      0.03881      0.03908      0.03836      0.03941      0.03868      0.03895      0.03832      0.03934      0.03859      0.03895      0.03822      0.03929      0.03862      0.03897
      20      63      5      HE      0.05102      -5.6195      -8.9128      -27.087      0.01262      -5.9319      -8.2727      -24.921      -0.0059      -5.8359      -7.9497      -25.604      0.07413      -5.5669      -7.4126      -28.715      0.03811      0.03875      0.03856      0.0388      0.03813      0.03887      0.03847      0.03874      0.03821      0.03881      0.03845      0.03864      0.03811      0.03876      0.03838      0.03859
      22      63      5      HE      -0.0103      -6.5018      -11.18      -49.639      0.05428      -6.0908      -4.443      -38.578      -0.0211      -6.6575      -6.3396      -29.702      -0.0072      -6.8434      -4.3812      -7.7546      0.03767      0.03903      0.03821      0.0386      0.03772      0.03912      0.03795      0.03858      0.03777      0.03916      0.03797      0.03849      0.03772      0.03908      0.03791      0.03834
      22      63      6      HE      -0.0195      -6.7606      -2.9872      -3.6892      -0.0207      -6.6068      -5.475      28.5558      -0.0152      -6.512      -3.1494      19.6486      0.04751      -6.8279      -3.4046      43.3146      0.03812      0.03849      0.03817      0.03886      0.03815      0.03857      0.03804      0.03863      0.03818      0.03849      0.03798      0.03855      0.03814      0.03854      0.03798      0.03824
      19      63      1      HE      0.05734      -2.1981      -0.2289      -28.657      0.07425      -2.5885      2.08319      -13.623      0.0363      -2.4095      6.34521      -9.2793      0.05336      -2.6056      5.28807      -5.2523      0.03861      0.03854      0.03887      0.0374      0.0385      0.03872      0.03863      0.03724      0.03853      0.03866      0.0385      0.03731      0.0384      0.03865      0.0385      0.03727
      20      63      1      HE      0.01347      -2.5582      0.67438      12.3273      0.03755      -2.6564      -0.0101      18.0056      0.03033      -2.5228      4.21487      -10.445      0.03318      -2.526      2.06354      -10.648      0.03841      0.03831      0.03885      0.03858      0.03832      0.03853      0.03868      0.03855      0.0384      0.03846      0.03859      0.03851      0.03819      0.03848      0.0386      0.03849
      22      63      1      HE      -0.0906      0.47686      3.55113      12.1512      -0.0683      0.26866      4.09908      37.5863      -0.1112      0.01784      2.15051      18.1835      -0.1553      -0.5708      3.78533      37.0972      0.03889      0.03936      0.03812      0.03819      0.0388      0.03961      0.03802      0.03813      0.03883      0.0396      0.03788      0.03815      0.03864      0.03954      0.03791      0.03807
      24      63      1      HE      0.05483      -3.3186      -5.3976      -10.887      0.00889      -3.2738      -2.9962      -38.855      -0.0001      -2.8754      -4.3093      -3.8958      0.0145      -3.7502      -5.0827      -28.765      0.0384      0.03904      0.03835      0.03907      0.03829      0.03913      0.03821      0.03917      0.03838      0.03905      0.03819      0.03905      0.03816      0.03904      0.03811      0.03911
      19      63      4      HE      -0.0569      0.32582      1.85718      -0.5324      0.05678      0.25209      2.46303      23.5108      0.05632      -0.0238      4.73145      54.9227      -0.0893      -0.1137      1.04092      18.5803      0.0382      0.03865      0.03777      0.03818      0.03809      0.03874      0.03767      0.03816      0.03813      0.03867      0.0376      0.03799      0.03796      0.03865      0.03754      0.03807
      26      63      1      HE      0.09084      -1.1837      0.80693      38.5332      0.05267      -1.5109      -0.0859      25.9364      0.07313      -1.902      3.92358      25.168      0.06783      -1.4748      0.04552      68.9029      0.03884      0.03872      0.03831      0.03806      0.03873      0.03889      0.03817      0.03795      0.03878      0.03882      0.03809      0.03798      0.03856      0.03876      0.03805      0.03773
      19      63      6      HE      0.09019      1.5403      2.64007      15.3895      0.07185      1.32433      4.72412      8.60256      -0.016      0.46352      4.79903      -0.4253      -0.0707      0.41642      3.30089      9.88057      0.03962      0.0399      0.04014      0.03872      0.03925      0.04004      0.03998      0.03885      0.03932      0.04      0.03995      0.03869      0.03938      0.04003      0.03991      0.03884
      24      63      4      HE      0.06462      1.31201      1.51832      22.8811      0.05434      1.06187      4.28057      28.459      0.11373      0.88383      4.22922      23.1161      0.07249      0.93978      5.36671      -2.1486      0.03947      0.03929      0.03989      0.03851      0.0391      0.03934      0.03981      0.03846      0.03927      0.0393      0.03973      0.03858      0.03921      0.03931      0.03961      0.03848
      22      63      2      HE      0.0357      -0.6698      0.22411      11.1513      0.03163      -0.8489      1.97072      6.58507      0.09602      -0.3645      3.4104      6.54378      0.0245      -0.834      2.7173      16.8303      0.03944      0.03989      0.03912      0.03933      0.039      0.03993      0.03893      0.03921      0.03922      0.03992      0.03891      0.03919      0.03916      0.03988      0.0389      0.0391
      20      63      2      HE      0.07908      -0.2851      0.89189      -8.8411      0.03548      -0.7306      0.28194      -9.5974      0.09279      -0.776      2.61016      -1.2895      0.05468      -0.7074      1.90166      -0.9038      0.03926      0.03918      0.03837      0.03914      0.0389      0.03929      0.03834      0.0391      0.03919      0.03921      0.03833      0.03902      0.03913      0.03925      0.03817      0.03906
      22      63      4      HE      -0.0916      2.89031      2.80911      -7.0522      -0.1156      2.23326      8.26911      -6.2025      -0.0984      2.36711      8.77194      -13.52      -0.0584      2.20382      5.7093      -11.234      0.03958      0.03939      0.03828      0.03825      0.03929      0.03956      0.03815      0.03809      0.03946      0.03954      0.03806      0.03806      0.03939      0.03952      0.03803      0.03802
      20      63      4      HE      0.07724      -0.0966      0.91298      -36.296      0.03157      -0.2229      0.10897      -50.192      0.05797      -0.2739      0.17779      -43.312      0.10264      -0.4706      0.76387      -63.401      0.03998      0.03944      0.03933      0.0381      0.03958      0.03944      0.03914      0.03813      0.03975      0.03942      0.03905      0.03805      0.03971      0.03943      0.03902      0.03806
      19      64      5      HE      -0.0187      -3.1265      -6.6845      -35.522      -0.0297      -2.6259      0.4472      -43.598      -0.0275      -2.3197      -1.374      -24.202      -0.0156      -2.3043      -0.9294      -28.364      0.03832      0.03821      0.03854      0.03859      0.03833      0.03801      0.03828      0.03856      0.03823      0.03796      0.0383      0.03849      0.03813      0.03793      0.03827      0.03832
      19      64      6      HE      0.01365      -1.265      -3.5382      -9.2158      0.02966      -0.7828      -1.202      -0.8441      0.07058      -0.6723      1.00471      32.203      0.04351      -0.9357      -0.2641      12.2245      0.03842      0.03856      0.03762      0.03751      0.03836      0.03845      0.03746      0.03733      0.03832      0.03841      0.03746      0.0372      0.03824      0.03842      0.03729      0.03724
      21      63      2      HE      0.05582      -0.5175      1.27265      -28.283      0.03443      -0.4502      3.74945      -6.8827      0.05425      -0.4813      4.34045      -14.569      0.05488      -1.2221      2.15909      -21.076      0.03811      0.03826      0.03855      0.03808      0.03803      0.03825      0.03839      0.03805      0.03801      0.03822      0.03836      0.03801      0.03787      0.03825      0.03826      0.03791
      20      64      2      HE      0.02176      -2.4455      -0.6101      -24.329      0.02087      -2.0947      -0.8044      -34.34      0.03139      -2.165      0.5563      -35.938      0.02471      -2.149      0.40187      -30.757      0.03861      0.03842      0.03833      0.03752      0.0386      0.0383      0.03823      0.03764      0.03858      0.03829      0.03826      0.0376      0.03854      0.03826      0.03811      0.03744
      21      63      4      HE      0.03581      -0.8985      -2.3474      5.12395      -0.0417      -0.275      0.9242      2.87148      -0.0435      -1.0054      -1.2013      1.39259      0.05007      -1.0097      -3.523      -21.272      0.03858      0.03862      0.03864      0.03805      0.03858      0.03851      0.03863      0.03797      0.03846      0.03859      0.0386      0.03797      0.03844      0.0386      0.03859      0.03799
      20      64      4      HE      0.12283      -4.8136      -4.9754      -0.9263      0.06908      -4.461      0.08175      21.2544      0.0684      -4.1312      -1.2556      21.6725      -0.0024      -4.9912      -5.6039      26.0731      0.03842      0.0381      0.03764      0.03759      0.0383      0.03797      0.03736      0.03754      0.03824      0.03791      0.03734      0.0375      0.03816      0.03798      0.03748      0.03737
      19      64      1      HE      0.00893      1.97268      2.86435      5.6606      -0.0084      1.02236      5.13342      12.5956      -0.0337      1.77582      2.89563      13.9834      0.03559      1.65171      3.31274      0.67335      0.03911      0.03906      0.0386      0.03917      0.03864      0.03909      0.03839      0.03909      0.03899      0.03903      0.03845      0.03906      0.03855      0.03903      0.03834      0.03907
      20      64      1      HE      0.04611      0.74557      2.43611      22.1392      0.09065      0.39819      3.93581      -1.7844      0.03157      0.71359      5.14023      -13.739      0.00068      -0.1007      6.04886      -1.7981      0.03915      0.03909      0.03891      0.03933      0.03871      0.03923      0.03873      0.03928      0.03909      0.0392      0.03874      0.03927      0.03855      0.03921      0.03871      0.03924
      21      63      1      HE      0.01163      0.78994      0.25118      -8.7712      -0.0413      0.03688      5.20573      14.4089      0.04222      0.03942      5.35437      29.5226      -0.0473      0.59231      3.55175      -18.526      0.03885      0.03908      0.03883      0.03843      0.03845      0.03912      0.03857      0.03835      0.03888      0.03912      0.03858      0.03829      0.03833      0.03902      0.03857      0.03842
      23      63      1      HE      0.01594      0.5992      0.89393      11.5218      0.01785      0.49871      3.76582      2.93216      0.05516      0.9419      4.48475      4.96045      0.00661      0.54783      2.82075      7.68908      0.03891      0.03873      0.03874      0.03776      0.03853      0.03882      0.03866      0.03768      0.03884      0.03881      0.03859      0.03755      0.03845      0.03874      0.0385      0.03766
      19      64      4      HE      -0.108      1.28676      5.16402      1.14224      0.02855      0.65974      5.77936      -1.7644      0.03478      0.74295      4.71826      13.038      0.03028      0.34491      4.36028      7.653      0.03867      0.0386      0.03907      0.03926      0.03834      0.03875      0.03898      0.03911      0.03858      0.03877      0.03896      0.03903      0.03819      0.0387      0.03886      0.03897
      25      63      1      HE      0.05286      4.30648      0.71565      -2.0309      -0.006      4.08179      3.1513      17.7007      0.05633      4.28235      3.11719      -11.215      -0.0016      3.85548      2.13023      -8.3778      0.0388      0.03902      0.0386      0.0377      0.03842      0.03903      0.03847      0.03761      0.03874      0.039      0.03839      0.03752      0.03825      0.03892      0.03838      0.03752
      23      63      6      HE      0.07054      -3.2663      -2.7348      -37.229      0.00163      -3.1732      -1.2545      -39.441      0.06381      -2.9637      -0.9713      -36.241      0.04834      -2.5898      -2.7609      -40.139      0.03809      0.03872      0.03807      0.03862      0.03805      0.03882      0.03795      0.03873      0.03806      0.03879      0.03788      0.03873      0.03797      0.03873      0.03784      0.03867
      25      63      4      HE      -0.0135      -2.1094      -1.6845      4.66863      0.03142      -2.7669      -0.0015      4.94019      0.01653      -2.8024      2.37774      6.82987      -0.0171      -3.0393      0.24844      2.24902      0.03835      0.0385      0.03803      0.03887      0.03828      0.03869      0.03794      0.0388      0.03831      0.03863      0.03786      0.03877      0.03818      0.03864      0.03785      0.03868
      20      64      5      HE      -0.1145      0.34035      0.05902      -31.664      -0.1077      0.44368      2.43751      -8.297      -0.1632      -0.116      0.50684      -27.722      -0.1415      -0.0257      3.09362      -6.0556      0.03816      0.03834      0.03823      0.0376      0.03811      0.03845      0.03808      0.03757      0.03814      0.03841      0.0381      0.0376      0.03798      0.03839      0.03802      0.03746
      21      63      6      HE      0.01773      -3.7429      -4.5645      -36.591      0.04809      -3.8471      -1.9912      4.14922      0.07598      -3.5235      -1.0538      -25.207      -0.001      -3.9463      -2.1122      -14.229      0.03836      0.03813      0.03825      0.03747      0.03828      0.03824      0.03809      0.03732      0.03828      0.03815      0.03805      0.03735      0.03813      0.03814      0.038      0.03733
      23      63      4      HE      0.00488      0.69014      -2.4445      -27.891      0.03621      0.16111      3.47012      -11.539      0.07406      0.37619      3.10185      1.46812      0.04252      0.13588      0.79503      -23.856      0.03822      0.03885      0.03915      0.03845      0.03821      0.03899      0.03899      0.03832      0.03825      0.03892      0.03887      0.03813      0.03806      0.03886      0.03886      0.03808
      20      64      6      HE      -0.0147      -1.4704      -0.3236      -20.918      -0.0073      -1.5452      -1.35      -13.831      0.06082      -1.2007      0.0939      -4.9717      0.04728      -1.5397      3.58237      -15.91      0.03813      0.03829      0.03787      0.03801      0.03803      0.0384      0.03775      0.03808      0.03806      0.03832      0.03769      0.03799      0.03788      0.03828      0.03765      0.03797
      21      63      5      HE      -0.0003      2.62843      -5.3061      -39.315      0.00608      2.64779      3.60294      -36.977      0.00937      2.93967      4.02117      -28.597      0.0069      2.8172      0.22833      -30.622      0.03797      0.03798      0.03831      0.03763      0.03802      0.03804      0.03802      0.03759      0.03803      0.03798      0.03798      0.0376      0.038      0.03792      0.03798      0.03747
      23      63      5      HE      0.00082      -0.1999      -3.5636      17.2254      -0.0025      -0.4543      0.62914      3.52859      0.02126      -0.695      1.18075      2.31024      0.00067      -0.5291      0.9973      3.75348      0.03846      0.03958      0.03833      0.03795      0.03842      0.03956      0.03817      0.03786      0.03848      0.03952      0.03815      0.03776      0.03841      0.03952      0.0381      0.0377
      25      63      6      HE      -0.0131      -2.6245      -3.0379      -12.665      -0      -1.8854      -1.3374      -5.3959      -0.0475      -2.148      2.85465      -15.961      -0.0067      -1.9778      -1.5693      -38.848      0.03842      0.0387      0.0375      0.03799      0.03841      0.03863      0.03731      0.0379      0.0384      0.03856      0.03723      0.03792      0.03832      0.03856      0.0373      0.038
      25      63      5      HE      -0.0489      -4.9204      -6.7386      -31.37      -0.0417      -4.4566      -5.3227      -23.07      -0.0433      -4.3124      -5.5045      -13.586      -0.0325      -4.8572      -5.3719      -21.605      0.03853      0.03887      0.03879      0.03847      0.03863      0.03875      0.03853      0.03827      0.03861      0.03869      0.03853      0.03816      0.03856      0.03873      0.03852      0.03823
      19      64      3      HE      0.04802      -4.9092      -6.4794      -15.821      0.03664      -4.9018      -3.1084      -10.063      0.00454      -4.9038      -4.7085      -9.2211      -0.0029      -5.213      -2.9746      6.2414      0.03816      0.03802      0.03765      0.03838      0.03819      0.03809      0.0374      0.03834      0.0382      0.03797      0.03739      0.0382      0.03812      0.03799      0.03734      0.03827
      25      63      3      HE      -0.042      -7.0342      -6.877      5.67542      -0.0436      -6.2101      -2.8029      -2.2917      -0.0271      -6.7365      -5.982      21.533      -0.0474      -6.3318      -5.7625      -8.8206      0.0383      0.03857      0.03876      0.03878      0.03833      0.03855      0.03861      0.03853      0.03837      0.03855      0.03865      0.03852      0.03829      0.03851      0.03856      0.03855
      19      64      2      HE      0.06635      -6.1222      -5.8809      -48.327      0.06712      -6.423      -2.323      -11.153      0.04114      -6.6098      0.50883      -30.972      0.06773      -6.4872      -0.5432      -16.532      0.03881      0.03961      0.03899      0.0399      0.03872      0.0397      0.0387      0.0397      0.03875      0.03964      0.03861      0.03971      0.03865      0.03962      0.03858      0.0397
      20      64      3      HE      0.00504      -7.2667      -6.5395      1.1466      0.00033      -7.2377      -4.7629      -32.538      0.01484      -7.3503      -4.5984      -30.336      -0.0022      -7.7439      -7.4997      -2.8292      0.03891      0.03963      0.03965      0.0387      0.03876      0.0396      0.03943      0.03885      0.03885      0.03956      0.03934      0.03878      0.03873      0.03956      0.03941      0.03872
      21      63      3      HE      -0.008      -6.8049      -5.7579      -5.2183      -0.0054      -7.4023      -2.973      1.43429      0.01901      -6.9995      -2.6792      -0.5803      -0.0056      -7.5815      -1.1924      2.8466      0.03892      0.03948      0.03997      0.04018      0.03886      0.03958      0.0397      0.04027      0.03883      0.03952      0.03965      0.04015      0.0388      0.03954      0.03973      0.0401
      23      63      3      HE      -0.0086      -7.211      -9.7501      11.4099      -0.02      -7.2253      -4.5706      -54.446      -0.0166      -7.0262      -8.0557      -24.482      0.0022      -7.3838      -8.2712      -31.06      0.03931      0.03936      0.03911      0.03982      0.0392      0.0394      0.0389      0.04002      0.0392      0.03941      0.03887      0.03994      0.03913      0.03939      0.03886      0.03994
      23      63      2      HE      0.11316      -7.0786      -6.4525      -47.786      0.1115      -6.7653      -3.124      -9.1318      0.04338      -7.1422      -3.2986      -1.7498      0.04528      -7.0058      -2.9473      -8.6746      0.03884      0.03915      0.03926      0.03859      0.03873      0.03922      0.03902      0.03842      0.03877      0.03915      0.03902      0.03834      0.03871      0.03919      0.03893      0.03832
      25      63      2      HE      0.00888      -7.1081      -6.1948      -5.1409      0.07502      -7.1499      -2.678      6.83996      0.10513      -7.3149      -3.5025      16.5371      0.02347      -7.4322      -4.7726      16.1125      0.03888      0.03941      0.03988      0.039      0.03878      0.03941      0.03971      0.03893      0.03876      0.03939      0.03965      0.0387      0.03874      0.03943      0.03961      0.03868
      19      65      2      HE      -0.1885      -2.2482      -1.1927      -58.683      -0.1379      -1.9873      -1.1018      -65.265      -0.1786      -2.2996      0.33055      -71.305      -0.0969      -1.9312      0.7024      -84.94      0.03796      0.03806      0.0379      0.03782      0.03806      0.03824      0.03779      0.03808      0.03797      0.03827      0.03762      0.03808      0.03793      0.038      0.03767      0.03818
      20      65      3      HE      0.03469      -7.0902      -7.1582      -8.3646      0.05956      -6.5897      -0.5823      -9.5463      0.00936      -6.8423      -0.7766      -0.6415      0.03298      -7.3293      -2.03      -32.301      0.03829      0.03865      0.03878      0.03808      0.03838      0.03854      0.03857      0.03816      0.03819      0.03848      0.03856      0.0382      0.0382      0.03863      0.03849      0.03814
      21      65      3      HE      0.01905      -6.1304      -7.9733      -59.225      -0.0103      -5.2316      -6.7234      -83.304      -0.0127      -5.7211      -7.363      -76.308      0.03256      -5.5335      -6.9356      -89.168      0.03756      0.03827      0.03818      0.03823      0.03764      0.03819      0.03814      0.03845      0.03749      0.0382      0.038      0.03848      0.03754      0.03817      0.03801      0.03844
      23      65      3      HE      -0.0188      -6.7252      -4.8281      -29.212      0.04222      -6.7239      -3.291      -62.039      -0.0013      -6.34      -2.2667      -98.56      -0.0223      -6.9016      -1.5785      -108.18      0.03806      0.03867      0.0386      0.03922      0.03824      0.03868      0.03841      0.03952      0.03806      0.03855      0.03838      0.03972      0.03816      0.03851      0.03838      0.03974
      23      65      2      HE      0.08543      -3.3281      -2.2091      -14.62      0.07925      -3.4827      -2.3187      -51.286      0.06903      -2.9146      -1.098      -71.248      0.0994      -3.8849      -1.8545      -36.206      0.03781      0.03811      0.0378      0.03945      0.03783      0.03817      0.03763      0.03953      0.03773      0.03791      0.03762      0.03959      0.03768      0.03816      0.03747      0.03943
      25      65      2      HE      0.0927      -2.5876      -1.4952      5.07867      0.05863      -1.77      -0.1431      0.36119      0.02115      -2.6208      -1.1456      -11.171      0.04546      -2.915      -1.9306      -19.56      0.03807      0.03897      0.03807      0.03837      0.03814      0.03883      0.038      0.03851      0.03801      0.03895      0.03797      0.03852      0.03806      0.03901      0.03797      0.03837
      23      65      6      HE      0.10586      -0.0881      -2.6022      -27.425      0.10174      -0.3039      -0.4271      -12.686      0.0469      -0.3183      -0.1182      -23.008      0.0898      -0.2519      -1.3606      1.47573      0.03857      0.03921      0.03815      0.03835      0.03868      0.03936      0.03799      0.03836      0.0384      0.03916      0.03794      0.03818      0.03847      0.0392      0.03787      0.03811
      23      65      5      HE      0.0499      -1.0819      4.04534      31.5614      0.07445      -0.7432      3.07701      19.1919      -0.005      -0.989      -0.7363      0.6917      0.0392      -1.0214      1.24144      24.3424      0.03988      0.03951      0.03811      0.0383      0.04004      0.03946      0.03807      0.0386      0.03974      0.03942      0.03804      0.03846      0.03975      0.03938      0.038      0.03838
      25      65      5      HE      0.03467      0.15099      1.3133      22.0762      0.02129      0.85371      5.5133      -11.342      0.03247      0.26118      2.61086      2.21425      0.06447      0.84345      2.95657      -3.224      0.03835      0.03849      0.03846      0.0378      0.03845      0.03826      0.03827      0.03789      0.03817      0.03831      0.03832      0.03784      0.03822      0.0382      0.03817      0.03772
      25      65      6      HE      -0.0128      -0.3016      -1.0235      5.46072      0.00257      -0.3854      -0.2898      -2.1921      -0.0152      -0.6057      1.11359      -28.259      0.00856      -0.1097      1.56007      -26.302      0.0391      0.03896      0.03876      0.03993      0.03931      0.03899      0.03858      0.04018      0.03895      0.03894      0.03855      0.04013      0.03899      0.03888      0.0385      0.04001
      19      65      3      HE      0.10371      -1.4033      -2.6832      -3.9869      0.08873      -1.0069      0.79259      -12.346      0.02676      -1.233      0.29011      -35.761      -0.0696      -1.4859      -1.6062      -31.353      0.03892      0.03958      0.03862      0.03902      0.03906      0.03945      0.03859      0.03914      0.03864      0.03946      0.03854      0.03908      0.03872      0.03942      0.03843      0.03904
      25      65      3      HE      0.07849      -0.5844      1.82905      6.73579      0.05875      -0.2057      1.46419      7.50608      0.03261      -0.7239      0.93763      -21.482      0.0386      -0.7194      3.62875      -35.951      0.03858      0.03884      0.03925      0.03865      0.03877      0.03892      0.03914      0.03881      0.03835      0.03877      0.03908      0.03871      0.03846      0.03866      0.03905      0.03874
      19      65      5      HE      -0.0986      -1.4326      4.0459      -25.866      -0.1368      -1.3348      1.64517      -30.898      -0.1011      -1.3442      2.83323      -2.1864      -0.1138      -1.3971      0.03849      4.09056      0.03801      0.0378      0.03697      0.03707      0.03799      0.03777      0.03684      0.0372      0.03786      0.03772      0.03679      0.0371      0.03782      0.03771      0.03682      0.03699
      25      65      4      HE      -0.0075      -6.563      -4.4464      10.869      0.0244      -6.128      -4.2198      36.7759      0.00616      -6.4536      -8.5999      55.6125      0.00954      -6.2071      -6.2119      -1.3655      0.0383      0.03832      0.03849      0.0382      0.03824      0.03815      0.03844      0.03802      0.03821      0.03807      0.03846      0.03788      0.03809      0.03803      0.03841      0.03813
      20      65      6      HE      0.04057      -4.6407      -4.0278      8.31809      0.00674      -4.9422      -1.5493      44.1236      0.01398      -5.192      -0.6308      21.425      0.03969      -4.5817      0.06295      10.8551      0.03801      0.03805      0.03769      0.03764      0.03807      0.03796      0.03754      0.03749      0.0379      0.03799      0.03741      0.03742      0.0379      0.03788      0.03734      0.03747
      20      65      5      HE      0.03092      -5.8068      -5.599      15.3994      0.0237      -5.2714      -3.2239      17.6021      0.02006      -6.1287      -1.1063      -11.154      0.00597      -5.5131      -1.6041      13.0966      0.03779      0.03775      0.03748      0.03853      0.03787      0.03767      0.0374      0.03856      0.03771      0.03773      0.03727      0.03862      0.03774      0.03764      0.03725      0.0385
      21      65      5      HE      0.03748      -3.1913      -3.8322      -8.6952      0.05764      -2.9043      -1.4581      -43.842      0.05825      -3.2541      -2.2854      -43.163      0.05942      -2.923      -3.654      -6.4478      0.0377      0.03849      0.03819      0.03768      0.0377      0.03843      0.03813      0.03779      0.03759      0.03847      0.03801      0.03776      0.03754      0.03841      0.03799      0.03773
      21      65      6      HE      0.04618      -3.2147      -3.375      -36.485      0.02808      -2.3794      -4.0013      -14.785      0.10474      -2.6372      -5.9842      -33.162      0.04171      -2.4431      -5.4178      -26.817      0.03812      0.03844      0.03817      0.0389      0.03814      0.03833      0.03804      0.03876      0.03804      0.03825      0.0381      0.03879      0.03798      0.03823      0.03808      0.03869
      19      65      1      HE      0.07744      -2.2173      -3.2375      -29.071      0.09603      -1.9524      -0.7509      -48.93      0.0467      -1.5068      -1.6177      -20.553      0.0756      -1.9303      -2.6328      -32.263      0.03888      0.03936      0.03787      0.03943      0.03891      0.03937      0.03774      0.03943      0.03886      0.03925      0.03774      0.03943      0.0388      0.03926      0.03773      0.03937
      20      65      1      HE      -0.0021      -4.5777      -1.5203      -12.272      0.01201      -3.3053      -2.2677      -27.767      -0.0335      -4.0172      -1.1044      -45.074      0.00269      -4.2453      -1.185      -25.626      0.03919      0.0394      0.03897      0.03923      0.03919      0.03919      0.03876      0.03938      0.03914      0.03926      0.03875      0.0394      0.03899      0.03922      0.03869      0.03944
      21      65      1      HE      0.0046      -3.5491      -1.4831      6.67455      0.03609      -3.2701      -1.0444      21.6401      0.04738      -3.5759      2.83688      10.2674      -0.0065      -3.1368      2.301      6.9011      0.03943      0.03955      0.03954      0.04015      0.0394      0.03958      0.03929      0.04006      0.03937      0.03955      0.03929      0.04008      0.03923      0.03954      0.03927      0.04006
      23      65      1      HE      -0.0137      -3.967      -2.2779      -9.8412      0.03457      -3.3132      -1.406      -0.9255      -0.0053      -3.3019      -0.3325      14.609      -0.0506      -3.9296      0.87374      27.66      0.03947      0.04034      0.03908      0.03967      0.03954      0.04022      0.03881      0.03954      0.03944      0.04012      0.03876      0.03947      0.03931      0.04016      0.03881      0.03933
      19      65      4      HE      0.02036      -3.7287      -0.7919      -5.4229      0.11636      -3.4163      1.06814      -4.648      0.06929      -3.5984      -1.798      -4.9952      -0.0188      -3.542      -0.6111      -5.4819      0.03898      0.0398      0.03978      0.03923      0.03906      0.03979      0.03976      0.03913      0.03895      0.03978      0.03973      0.03907      0.03882      0.03973      0.03964      0.03904
      25      65      1      HE      0.02625      -4.4094      -4.1307      -12.104      0.05333      -4.5988      -7.656      -24.288      0.00648      -4.2062      -4.8363      -18.859      -0.0013      -4.131      -4.2331      -22.755      0.03933      0.04035      0.04034      0.03937      0.03939      0.0404      0.04034      0.03944      0.03929      0.04022      0.0403      0.03945      0.03916      0.0402      0.0403      0.03943
      19      65      6      HE      0.08292      -3.9211      -5.0824      -23.053      0.02109      -4.1643      -4.519      -35.549      0.08551      -3.9027      -4.8954      -33.855      0.06251      -4.1466      -5.8022      -30.28      0.0395      0.04032      0.04032      0.03935      0.03958      0.04021      0.04018      0.03946      0.03931      0.04014      0.04018      0.03943      0.03931      0.04017      0.04015      0.03935
      23      65      4      HE      0.02312      -4.3215      -1.6928      -12      0.08803      -3.9257      -2.0649      36.4417      0.06563      -5.251      -1.9376      17.7388      -0.0214      -4.4658      -0.1391      1.18168      0.03925      0.03923      0.03997      0.03908      0.0392      0.03921      0.03986      0.03881      0.03909      0.03931      0.0398      0.03891      0.03901      0.03922      0.03973      0.03891
      21      65      2      HE      0.04313      -4.0055      -3.4248      -14.62      -0.0377      -3.5912      -2.2126      28.7274      0.01022      -3.8146      -0.7505      4.40866      -0.0004      -3.8504      -1.1411      30.9585      0.03927      0.03927      0.03974      0.03914      0.03935      0.03919      0.03964      0.03898      0.03925      0.03913      0.03949      0.03902      0.03924      0.03912      0.0395      0.0389
      20      65      2      HE      0.08045      -2.1926      0.67078      -33.911      0.06388      -2.1637      3.06278      -24.526      0.03862      -2.21      2.56309      -51.048      0.05711      -2.6626      3.18298      -20.249      0.03931      0.03914      0.03948      0.0384      0.03935      0.03909      0.03924      0.03857      0.03934      0.03906      0.03924      0.03839      0.03918      0.03897      0.03912      0.0383
      21      65      4      HE      0.11238      -5.1424      -5.0063      -12.682      0.07627      -4.0168      -4.6248      -44.847      0.14716      -4.3897      -4.2315      -34.86      0.10807      -4.2853      -1.8448      -36.395      0.03945      0.04015      0.03952      0.03929      0.03941      0.0399      0.03925      0.03956      0.0393      0.03979      0.03918      0.03947      0.03922      0.03981      0.03907      0.03951
      20      65      4      HE      0.07173      -5.0746      -1.9028      -2.1493      -0.0218      -4.7973      0.49663      -4.6412      0.00127      -4.6065      0.40408      -7.3674      0.04392      -4.3596      -1.3597      8.92273      0.03933      0.03902      0.03979      0.03897      0.03928      0.03888      0.03962      0.03892      0.03933      0.03886      0.03962      0.03903      0.03904      0.03879      0.0395      0.03875
      19      66      5      HE      0.01026      0.58901      1.48348      -11.468      0.03469      0.82722      1.75206      -30.654      -0.0203      0.65412      2.95839      -17.053      -0.0091      0.54147      3.54633      -30.962      0.0389      0.03959      0.03931      0.03973      0.03883      0.03951      0.03916      0.03969      0.03884      0.03946      0.03905      0.03963      0.03882      0.03946      0.03905      0.03962
      19      66      6      HE      0.0017      2.12423      2.31923      -18.384      -0.0373      2.8561      4.05542      -15.018      0.00874      2.91411      5.98407      -9.3813      0.00732      2.83019      4.41662      6.16065      0.03907      0.0394      0.03975      0.03933      0.03904      0.03925      0.0396      0.03922      0.03907      0.03923      0.03942      0.0392      0.03903      0.03917      0.03938      0.03909
      22      65      2      HE      -0.0237      4.18938      7.15126      25.9447      -0.0097      4.11147      4.58487      32.2787      -0.0094      3.69638      7.38487      39.8859      -0.0164      3.66569      7.4313      27.0385      0.03898      0.03927      0.03931      0.03975      0.03898      0.03933      0.03923      0.03983      0.03898      0.03937      0.03909      0.03964      0.03901      0.0393      0.03907      0.03964
      20      66      2      HE      0.04066      -0.9551      0.00117      -37.785      0.01621      -0.9214      4.08567      66.2323      0.04806      -0.5362      1.36939      24.9827      0.05571      -0.5404      0.73176      11.8911      0.03914      0.0401      0.0396      0.03966      0.03909      0.03996      0.03922      0.03915      0.03907      0.03987      0.03918      0.03923      0.03906      0.0398      0.03912      0.03916
      22      65      4      HE      0.06719      -2.3958      -1.4585      -33.602      0.01962      -2.05      0.71494      9.41292      -0.006      -2.2839      1.01889      17.5081      0.06203      -1.738      1.42561      -5.7998      0.03921      0.03928      0.03903      0.03838      0.03916      0.03927      0.03876      0.03806      0.03916      0.03921      0.03864      0.03781      0.03914      0.03918      0.03862      0.03787
      20      66      4      HE      -0.0514      1.78168      5.86236      38.5366      -0.0357      2.0359      3.72003      15.8184      -0.0174      1.97496      3.92257      29.6896      -0.03      2.22692      7.38474      7.6519      0.03904      0.04014      0.03917      0.03983      0.03894      0.04009      0.03907      0.03973      0.03896      0.04003      0.03906      0.03973      0.03894      0.03991      0.03899      0.0396
      19      66      1      HE      -0.0504      2.00296      3.22551      -12.24      -0.023      1.92114      4.68484      -22.748      0.0183      1.96689      3.28864      -40.478      -0.0001      2.06448      3.5427      1.33179      0.03902      0.0393      0.03919      0.04003      0.03894      0.03939      0.0391      0.04021      0.03896      0.03926      0.03903      0.04013      0.03897      0.03904      0.03903      0.0401
      20      66      1      HE      -0.1104      -0.6455      1.08184      40.1058      -0.0633      -0.6635      4.90606      1.41639      -0.1324      -1.3111      3.03183      40.6052      -0.0957      -1.0349      3.19201      5.78002      0.039      0.03949      0.0397      0.03937      0.03894      0.03951      0.03955      0.03952      0.03891      0.03955      0.03958      0.03938      0.03893      0.03945      0.03942      0.0394
      22      65      1      HE      0.05327      -1.3613      1.47242      -4.1669      0.03889      -0.8215      0.87034      4.13422      0.07362      -0.6498      0.62072      -12.601      0.05546      -1.1265      0.96804      -5.1757      0.03967      0.04002      0.03905      0.04044      0.03966      0.03985      0.03892      0.04034      0.03957      0.03971      0.03875      0.0403      0.03963      0.03976      0.03872      0.04031
      24      65      1      HE      0.05777      3.57002      3.51588      7.47867      0.05056      3.19738      4.44006      32.0746      0.07184      3.79416      6.26933      2.58528      0.05057      3.26341      7.96588      24.6448      0.03922      0.0394      0.03982      0.03873      0.03921      0.03946      0.03964      0.0385      0.03918      0.03934      0.03972      0.03853      0.03913      0.03931      0.03949      0.0386
      19      66      4      HE      0.04423      5.20713      8.02412      28.8449      0.03244      5.29258      10.4101      31.1654      0.03157      5.14795      9.25372      38.8999      0.02807      5.08317      9.28993      20.8768      0.03907      0.0385      0.03842      0.03911      0.03909      0.03846      0.03831      0.03905      0.03902      0.03827      0.03824      0.039      0.03905      0.03829      0.03827      0.03906
      26      65      1      HE      -0.0073      0.16744      2.94298      15.9486      -0.0043      0.42211      3.50395      -1.8308      -0.0077      0.34164      3.69366      11.4902      -0.0092      0.65374      3.27129      13.2733      0.03947      0.03907      0.03915      0.03815      0.03942      0.03901      0.03902      0.0382      0.03939      0.03895      0.03895      0.03818      0.03938      0.03897      0.03896      0.03803
      24      65      6      HE      0.09874      1.47792      -0.3998      -10.104      0.00062      1.95618      4.26754      -4.3976      0.02922      1.70649      4.04943      -4.3646      -0.0092      1.32084      4.05079      -5.202      0.03838      0.03886      0.03761      0.03781      0.03838      0.03874      0.03726      0.03779      0.0383      0.0387      0.03725      0.03771      0.03831      0.03872      0.03724      0.03777
      26      65      4      HE      0.05594      -1.0737      -1.7467      9.90528      0.03694      -0.8398      3.79575      44.7218      0.0234      -0.6698      1.17983      47.2782      0.04908      -0.7705      2.54472      50.5897      0.03828      0.03854      0.03827      0.03745      0.03825      0.03847      0.03806      0.03707      0.03812      0.03827      0.03807      0.03701      0.0382      0.03836      0.03806      0.03702
      20      66      5      HE      0.05941      1.46654      4.24487      13.2511      0.07271      1.7096      4.16301      2.67976      -0.0055      1.62528      3.50222      19.6317      0.02286      1.19167      3.3106      -40.973      0.0379      0.03847      0.03891      0.03878      0.03794      0.03851      0.03882      0.03888      0.03777      0.03848      0.03865      0.03874      0.03788      0.0385      0.03865      0.03881
      22      65      6      HE      0.02904      -1.8614      -2.3692      -26.041      0.07346      -1.5995      -2.3252      -8.8212      0.02566      -1.4595      -1.8999      -3.482      0.04742      -2.1278      -3.087      -5.8783      0.03853      0.03803      0.03854      0.03801      0.03852      0.03788      0.0384      0.03801      0.03843      0.03784      0.03834      0.03787      0.03849      0.03789      0.03835      0.03796
      24      65      4      HE      -0.0183      1.41086      3.20877      28.7692      0.05545      1.83687      6.28593      54.6903      -0.045      1.89618      2.65502      15.1249      -0.0135      1.55268      4.42335      49.8852      0.03864      0.03896      0.03861      0.03828      0.03868      0.03884      0.03843      0.03814      0.03851      0.03877      0.03843      0.03807      0.03859      0.03877      0.03846      0.03809
      20      66      6      HE      -0.0139      -3.4971      -3.7393      23.1233      -0.0023      -3.3432      -2.542      12.2281      0.03982      -3.318      -1.9059      22.0587      -0.0033      -3.3557      1.32908      16.3477      0.03853      0.03878      0.03866      0.03866      0.03845      0.03874      0.03845      0.03882      0.03828      0.03866      0.03846      0.03866      0.03839      0.03861      0.03844      0.03874
      22      65      5      HE      -0.0528      -6.5788      -9.419      -57.739      0.01069      -6.0488      -9.2754      -44.224      0.02102      -6.9729      -9.4026      -43.688      0.05862      -6.701      -8.8847      -40.428      0.0384      0.03908      0.03861      0.03856      0.03857      0.03895      0.03853      0.03868      0.03831      0.039      0.0385      0.03853      0.03852      0.03899      0.03844      0.03849
      24      65      5      HE      0.03902      -6.7297      -7.3283      -24.336      0.03505      -6.4942      -6.1718      -3.2621      0.03058      -6.5476      -6.4258      -20.16      0.0626      -6.3313      -7.2353      5.11447      0.0387      0.03875      0.03847      0.03929      0.03879      0.03866      0.03843      0.03915      0.03861      0.03858      0.03843      0.03911      0.03873      0.03859      0.03823      0.03906
      26      65      6      HE      0.02749      -6.277      -8.4325      -33.978      0.00643      -5.3949      -3.4751      -14.153      0.00764      -5.6647      -3.7288      -9.4947      0.04254      -5.5569      -5.5234      -10.683      0.03901      0.03945      0.03971      0.03839      0.03904      0.03936      0.03936      0.03821      0.03891      0.03939      0.0394      0.0382      0.03902      0.03936      0.03934      0.03801
      26      65      5      HE      0.09606      -7.1131      -9.0559      -13.48      0.10389      -6.879      -3.8675      56.656      0.08685      -7.0478      -2.5235      15.3627      0.10595      -6.9275      -4.8832      52.3284      0.03884      0.03881      0.0392      0.03848      0.03894      0.03889      0.03887      0.0381      0.03878      0.03885      0.03881      0.03824      0.0389      0.03879      0.03886      0.03805
      19      66      3      HE      -0.0634      -6.6726      -5.3882      -3.8983      -0.0276      -6.4874      -8.0486      9.57213      -0.0474      -6.9009      -4.467      8.46191      -0.0207      -6.7765      -8.7973      6.63922      0.03878      0.03911      0.03851      0.03901      0.0389      0.03914      0.03846      0.03889      0.03877      0.03911      0.03843      0.03894      0.03887      0.03906      0.0384      0.03879
      26      65      3      HE      0.05225      -5.7835      -7.4482      -15.612      0.04694      -5.4987      -5.9407      -2.1498      0.03489      -5.3521      -7.0076      -12.831      0.07371      -5.4006      -6.7906      -11.088      0.03877      0.03895      0.0384      0.03808      0.03887      0.03888      0.03844      0.03795      0.03873      0.03874      0.03837      0.03789      0.03882      0.03871      0.03832      0.03771
      19      66      2      HE      -0.2687      -3.8809      -6.8871      -49.292      0.06      -2.4338      -4.3215      -41.122      -0.2394      -3.2558      -1.9439      -41.34      -0.1701      -3.1777      -3.9969      -33.786      0.03901      0.03927      0.03832      0.04012      0.03898      0.03926      0.03817      0.04014      0.03884      0.03914      0.03801      0.03999      0.03897      0.03918      0.03804      0.03993
      20      66      3      HE      -0.1381      0.01448      -2.8236      -4.451      -0.1979      -0.5295      -0.5096      -25.542      -0.1408      -0.1493      -0.3216      -1.948      -0.1499      -0.2194      -0.6671      -5.5201      0.03863      0.03873      0.03932      0.03904      0.03857      0.03885      0.03918      0.03911      0.0385      0.03879      0.03914      0.0391      0.03854      0.03874      0.03901      0.03897
      22      65      3      HE      0.02516      -3.3368      -6.6201      -24.836      0.02094      -3.7559      -4.8869      -35.493      0.02542      -3.5649      -6.6826      -39.061      0.01265      -3.4156      -3.9944      -43.966      0.03898      0.03871      0.03853      0.03884      0.03892      0.03886      0.03849      0.03883      0.03893      0.03881      0.03842      0.0388      0.0389      0.03877      0.03838      0.03871
      24      65      3      HE      -0.1593      1.32845      2.73256      23.0965      -0.1759      0.88611      3.94867      31.4302      -0.1632      1.42311      4.51596      5.17727      -0.1769      1.13423      5.82118      8.14366      0.03859      0.03945      0.03887      0.03827      0.03855      0.03958      0.03872      0.03818      0.0385      0.03946      0.03866      0.03825      0.03847      0.0395      0.03859      0.03818
      24      65      2      HE      0.08615      -0.5916      0.49693      4.98087      0.07785      -0.2713      3.48836      10.1071      0.08596      -0.6106      0.83993      10.0269      0.07348      -0.4908      2.47943      15.8887      0.0385      0.03929      0.03918      0.03749      0.03845      0.03932      0.03908      0.03753      0.03843      0.03929      0.03903      0.03744      0.0384      0.03925      0.03899      0.03742
      26      65      2      HE      0.06828      2.78434      2.91197      -10.865      0.07459      3.06163      5.8075      -12.284      0.04804      2.42896      2.52257      -16.485      0.07264      2.62815      5.91831      -5.6017      0.03896      0.03875      0.03942      0.03814      0.03887      0.03882      0.03924      0.03809      0.03887      0.03874      0.03927      0.03796      0.0388      0.03866      0.03916      0.03795
