#Linking QIE11 condition constant table...
#Printing QIE11 condition constant table! ShuntMode : 1
      29      63      1      HE      0.39211      -0.5325      -9.5016      -322.94      -0.2815      -1.8568      -6.6426      -65.893      0.06277      0.23604      30.0712      -128.33      -0.2624      -0.983      -3.3046      -0.0773      0.31041      0.31236      0.31236      0.30855      0.30886      0.31304      0.31078      0.30579      0.30995      0.31247      0.30985      0.30649      0.30847      0.3118      0.30907      0.30477
      28      63      1      HE      -0.3793      0.85591      -17.649      -46.204      -1.1705      0.83461      -2.2759      -11.621      -1.2709      -0.3201      3.11834      29.8042      0.48184      2.22255      6.94599      27.4995      0.31171      0.31454      0.31177      0.30453      0.31081      0.31504      0.31085      0.30407      0.31113      0.31412      0.31061      0.30367      0.30981      0.31386      0.31021      0.30335
      18      63      2      HE      -0.2437      20.0896      18.5546      80.1224      -0.5215      19.3466      38.4346      30.8516      -0.1586      21.0677      43.3084      46.7573      0.01904      19.6986      37.0607      2.9217      0.31221      0.30818      0.30537      0.30242      0.31143      0.30818      0.30459      0.30134      0.31237      0.30759      0.30492      0.30112      0.31097      0.30759      0.30338      0.3015
      17      63      2      HE      0.4775      35.2777      23.6964      -150.52      0.52877      41.6384      48.7213      -178.9      0.47203      40.5221      66.4051      -252.3      0.72322      40.983      48.7675      -186.18      0.31145      0.3117      0.31037      0.3033      0.31053      0.31144      0.30915      0.30513      0.31117      0.3115      0.30874      0.30469      0.30996      0.31105      0.30824      0.30332
      16      63      4      HE      0.26539      19.1749      14.6175      -39.628      0.05453      16.2789      29.4161      -76.944      0.30233      18.4222      13.9344      -190.83      -0.0791      18.3736      30.1807      -120.9      0.30996      0.31306      0.30452      0.3026      0.30952      0.31375      0.30398      0.30304      0.30991      0.3125      0.30404      0.30312      0.30898      0.3118      0.30309      0.30299
      29      63      2      HE      0.24888      -3.4612      -12.97      -312.18      -0.2312      -0.6877      -15.65      -275.84      -0.0708      0.089      -19.853      -329.39      -0.3059      -2.9413      -7.1759      -493.23      0.31116      0.31438      0.31395      0.31152      0.31078      0.31435      0.31318      0.31146      0.31091      0.31416      0.3131      0.31089      0.3096      0.31356      0.31232      0.31068
      28      63      2      HE      -0.2238      7.63277      10.3754      -213.88      -0.1608      9.13508      40.9092      -130.95      -0.578      10.5444      24.5397      -143      -0.1915      7.3224      11.4964      -101.91      0.30945      0.31274      0.31272      0.31551      0.30904      0.31335      0.31158      0.31435      0.30954      0.31353      0.31088      0.3145      0.31016      0.31262      0.31119      0.31509
      28      63      5      HE      -0.578      -16.105      -51.822      -345.94      -0.6776      -12.873      -14.802      -312.1      -0.523      -18.897      -12.464      -106.37      -0.9476      -15.175      -25.985      -221.53      0.31047      0.31256      0.30676      0.30793      0.31058      0.31286      0.30524      0.30801      0.31057      0.3126      0.30481      0.30725      0.31127      0.31198      0.30452      0.30768
      28      63      3      HE      0.23404      -16.531      -10.022      -71.366      0.35593      -15.756      23.239      154.804      0.27839      -13.596      27.1398      143.015      0.31015      -17.123      32.43      146.529      0.31071      0.31136      0.3113      0.31268      0.3112      0.31231      0.3091      0.31127      0.31044      0.31189      0.30839      0.31119      0.31162      0.31179      0.30758      0.31103
      28      63      7      HE      0.13147      17.2636      27.0114      53.7167      0.17701      17.8763      23.1773      93.6581      0.04027      12.9287      12.8953      36.0755      0.23527      13.688      47.247      19.6805      0.31236      0.31066      0.31124      0.30981      0.31253      0.31303      0.30967      0.30994      0.31179      0.31253      0.30989      0.30881      0.31309      0.31233      0.30917      0.30855
      26      63      7      HE      -0.2831      32.2307      0.29484      -285.69      0.25036      30.4164      4.53706      -414.13      0.05046      29.6623      5.18077      -212.41      0.23825      28.6488      30.6285      -356.76      0.31038      0.30714      0.30456      0.30422      0.31072      0.30903      0.30293      0.30427      0.31012      0.30836      0.30275      0.30333      0.31119      0.30798      0.30242      0.30356
      28      63      6      HE      -0.4069      -4.1612      -34.967      -121.47      -0.1711      -3.5562      -15.503      -184.05      -0.3426      -1.8252      -33.284      -281.56      -0.1672      -3.405      -4.6286      1.16263      0.31171      0.30964      0.31304      0.31145      0.31207      0.31021      0.31277      0.3118      0.31086      0.3098      0.31118      0.31119      0.31256      0.30977      0.31162      0.3105
      18      63      3      HE      -0.2194      -52.931      -96.591      -518.03      0.46759      -54.433      -72.328      -209.23      0.57797      -53.752      -82.102      -396.38      0.30058      -50.63      -95.352      -25.227      0.31597      0.31124      0.30467      0.3063      0.31591      0.31168      0.30302      0.30471      0.31503      0.31065      0.3023      0.30521      0.31575      0.31071      0.30148      0.30304
      28      63      4      HE      0.29666      -59.418      -52.318      -83.964      0.2888      -56.087      -45.423      -154.99      -1.3476      -59.14      -30.904      -173.13      0.30427      -55.818      -30.154      -157.77      0.31159      0.30812      0.30957      0.30321      0.31114      0.30816      0.30845      0.30272      0.31114      0.30706      0.30759      0.30249      0.31053      0.30707      0.30764      0.30234
      17      63      3      HE      0.33006      -52.016      -83.075      -196.39      0.08784      -47.433      -23.892      -190.07      0.60959      -46.151      -84.916      -198.35      0.31015      -47.039      -59.679      -199.92      0.31236      0.31127      0.31061      0.30865      0.31153      0.30963      0.30839      0.30632      0.31233      0.30936      0.309      0.30706      0.31156      0.30918      0.30849      0.30681
      18      63      5      HE      0.54163      -52.82      -60.995      -199.22      0.10534      -52.611      -31.5      -31.045      0.24341      -52.989      -30.04      -45.283      0.01535      -50.784      -33.82      -40.127      0.31163      0.30928      0.31559      0.31482      0.3114      0.30916      0.31365      0.31274      0.3121      0.30879      0.31307      0.31344      0.3111      0.30773      0.31268      0.3126
      18      63      1      HE      -0.1667      -55.508      -101.19      40.8505      -0.0231      -55.531      -61.609      209.848      0.04411      -51.916      -78.372      207.642      0.05317      -51.529      -74.355      335.809      0.30931      0.31823      0.31284      0.30929      0.30945      0.31822      0.31053      0.30805      0.31012      0.31778      0.31092      0.30728      0.30881      0.3165      0.31034      0.30681
      18      63      4      HE      0.64673      -46.378      -41.385      37.3743      0.42463      -45.183      -16.624      73.9056      0.44627      -41.409      -17.161      121.218      0.28432      -44.148      -37.721      -209.91      0.31378      0.31436      0.31319      0.31734      0.31311      0.31345      0.31247      0.31737      0.31359      0.31297      0.31179      0.3167      0.31273      0.31241      0.31142      0.31721
      18      64      1      HE      0.28377      11.6298      29.9046      -129.33      -0.231      9.4845      37.1353      -0.9071      0.32963      9.37966      36.7643      128.021      -0.0715      7.38939      32.3635      63.2236      0.30893      0.31078      0.31499      0.31379      0.30773      0.3116      0.31265      0.31307      0.30726      0.31123      0.31208      0.31058      0.30756      0.31156      0.31195      0.31259
      18      64      4      HE      0.58804      14.0556      28.9132      -223.86      0.16585      13.7165      55.6727      28.5332      0.47426      15.7017      55.4858      4.07934      0.57247      10.8923      61.7415      -60.555      0.30716      0.30847      0.31132      0.31039      0.30549      0.30843      0.30949      0.31064      0.30606      0.30825      0.30898      0.31002      0.30554      0.3086      0.30864      0.30953
      18      64      5      HE      0.46063      -7.3966      23.3489      144.765      0.08292      -8.3712      33.0549      146.35      0.43392      -6.5969      3.9226      130.53      0.24204      -10.159      20.5116      232.096      0.30658      0.31203      0.31374      0.31254      0.30505      0.31278      0.31229      0.31129      0.30565      0.3124      0.31279      0.31065      0.30553      0.31226      0.31216      0.31013
      17      64      3      HE      0.52304      -6.5538      23.7464      203.158      0.41231      -5.7948      9.11807      372.078      0.87264      -7.2432      16.5727      262.873      0.63119      -6.4453      43.7184      0.20573      0.30898      0.31018      0.30828      0.30552      0.30764      0.31043      0.30666      0.30487      0.30854      0.31037      0.30662      0.30494      0.30793      0.31017      0.30645      0.3047
      27      63      4      HE      -0.9866      28.7305      38.753      192.573      0.39378      32.1776      63.3964      354.478      -1.0005      28.7393      60.5274      326.099      0.38708      27.6427      61.1505      344.004      0.30755      0.31242      0.30992      0.3079      0.30686      0.31337      0.30846      0.30619      0.30712      0.31283      0.30784      0.3058      0.30682      0.31226      0.30749      0.30639
      18      64      3      HE      0.5663      4.7977      8.29295      126.804      0.59202      5.8576      35.9737      56.624      0.6698      3.76999      26.6407      142.627      0.71897      9.49973      33.8084      105.967      0.31047      0.31503      0.30839      0.30998      0.30962      0.31504      0.30693      0.31138      0.30965      0.31476      0.30663      0.30996      0.30962      0.31421      0.30615      0.31043
      27      63      7      HE      0.18729      -76.831      -118.93      -369.2      0.47193      -73.833      -90.54      -253.3      0.58873      -73.172      -86.937      -251.54      0.36656      -72.571      -85.604      -375.37      0.31586      0.32467      0.31352      0.30813      0.31581      0.32374      0.31082      0.30629      0.31455      0.32291      0.31026      0.30614      0.31544      0.32317      0.31044      0.30638
      27      63      3      HE      -0.0514      -37.188      -62.924      -99.462      0.44131      -36.851      -47.741      162.664      -0.0155      -37.127      -43.396      -110.88      0.11718      -39.455      -20.915      -150.14      0.30717      0.30657      0.30655      0.3085      0.30701      0.30726      0.30489      0.3072      0.30712      0.30683      0.30444      0.30835      0.30676      0.30731      0.30422      0.30846
      27      63      5      HE      0.30531      -16.413      -36.226      -174.3      0.12214      -20.741      -16.063      193.863      0.35598      -17.596      -12.664      -88.577      0.08142      -21.447      -15.836      -25.723      0.30911      0.3127      0.31313      0.31011      0.30883      0.31378      0.31023      0.30815      0.30869      0.31308      0.30919      0.30861      0.30828      0.31267      0.30937      0.30806
      27      63      6      HE      0.127      -23.636      -17.323      -223.06      -0.1321      -22.927      -6.2116      -246.49      -0.076      -20.587      -32.424      -153.49      0.0079      -26.737      -13.085      -351.34      0.31197      0.31556      0.3109      0.30243      0.31193      0.31638      0.30948      0.30238      0.31222      0.31596      0.30923      0.30192      0.31135      0.31564      0.30921      0.30189
      29      63      3      HE      0.1874      -16.909      -34.411      -98.565      0.14337      -12.311      9.69705      301.627      0.3058      -11.358      18.2688      -33.508      0.19534      -15.167      -8.2496      57.2028      0.30553      0.30873      0.30418      0.29868      0.3051      0.30684      0.30199      0.29735      0.30558      0.30656      0.30168      0.29828      0.30503      0.30667      0.30176      0.29773
      27      63      1      HE      0.7342      -51.278      -34.187      166.522      0.28695      -56.079      -10.072      92.9479      0.6104      -57.231      -28.951      176.847      0.64181      -54.718      -23.882      268.822      0.31093      0.3093      0.30963      0.31383      0.31014      0.31098      0.30836      0.31453      0.30916      0.30996      0.30799      0.31247      0.31001      0.30999      0.30751      0.31217
      18      64      2      HE      0.16529      -51.587      -42.703      -15.203      -0.3815      -54.761      -33.453      -131.23      0.06561      -54.494      -40.37      -198.01      0.10236      -58.611      -36.326      12.3635      0.31001      0.31101      0.30537      0.30707      0.30921      0.31164      0.30445      0.30744      0.30896      0.3109      0.30422      0.30712      0.30845      0.3107      0.30404      0.30585
      17      64      2      HE      0.58775      -61.247      -83.767      -297.6      0.36082      -62.759      -56.499      -368.79      0.40418      -65.184      -58.008      -331.53      0.02288      -67.732      -63.385      -300.31      0.3074      0.30639      0.31037      0.31272      0.30618      0.3075      0.30938      0.31205      0.30542      0.30692      0.30903      0.3108      0.30613      0.30724      0.30868      0.31162
      16      64      4      HE      0.65205      -51.146      -59.694      -79.098      -0.1499      -56.176      -36.637      -83.986      0.47414      -56.585      -44.025      -88.179      -0.0016      -55.825      -28.894      -18.96      0.30842      0.31058      0.30623      0.30396      0.30689      0.31244      0.30519      0.3025      0.30695      0.31154      0.30419      0.30207      0.30673      0.31125      0.30469      0.30227
      27      63      2      HE      -0.1876      -50.075      -8.0567      47.2818      -0.1095      -54.651      10.0293      218.686      -0.0603      -56      -7.8333      67.6563      0.41467      -51.713      -13.256      177.729      0.30719      0.30904      0.30603      0.29658      0.3061      0.30996      0.30556      0.29701      0.30612      0.30983      0.30495      0.2964      0.30569      0.3094      0.30463      0.2952
      27      65      1      HE      0.6986      -66.99      -61.581      -232.42      0.78914      -69.986      -58.344      -185.02      0.64807      -71.679      -81.973      -132.66      0.22317      -70.377      -69.921      -137.33      0.31123      0.31811      0.30763      0.31514      0.31118      0.31807      0.30666      0.31443      0.31027      0.31731      0.30584      0.31395      0.31046      0.31665      0.30551      0.31308
      18      65      2      HE      0.8088      -33.031      4.6731      -62.444      0.73594      -25.862      -19.386      -144.75      -0.7126      -29.085      -4.2156      -202.22      -1.2212      -31.622      -40.495      -158.36      0.30926      0.31053      0.30917      0.30713      0.30865      0.30855      0.30858      0.30754      0.3081      0.30801      0.30781      0.30765      0.30715      0.30729      0.30819      0.30736
      17      65      2      HE      0.70355      -32.242      -39.622      -135.2      0.41297      -32.065      -26.072      -123.42      0.55486      -33.835      -19.404      -208.62      0.0072      -34.405      -26.612      -130.5      0.30671      0.30318      0.31118      0.30249      0.30624      0.30228      0.3099      0.30297      0.30634      0.30236      0.30861      0.30238      0.30524      0.3026      0.30876      0.30185
      16      65      4      HE      0.50543      -54.827      -60.574      -382.78      0.69402      -57.554      -41.032      -294.52      0.63927      -57.939      -43.193      -273.29      0.51409      -62.862      -43.284      -566.25      0.30948      0.3101      0.30585      0.30989      0.30877      0.31114      0.30462      0.31032      0.309      0.31062      0.30431      0.30983      0.30823      0.31087      0.30421      0.30986
      27      65      2      HE      0.73603      -65.572      -53.057      -290.59      0.78059      -62.211      -28.606      -285.56      0.60471      -60.866      -41.236      -455      0.79513      -67.336      -24.109      -506.54      0.30672      0.30874      0.31052      0.30284      0.30621      0.3084      0.30888      0.30336      0.30633      0.30782      0.3085      0.30359      0.30475      0.30888      0.30798      0.30373
      27      65      5      HE      0.77512      -8.255      7.58712      103.59      1.1429      -3.032      25.6507      -20.174      0.07984      -2.367      28.9411      -1.0395      0.34828      -7.7176      27.4701      188.387      0.31187      0.31415      0.31685      0.31473      0.3134      0.31347      0.31496      0.31445      0.31033      0.3117      0.31395      0.31381      0.30995      0.31222      0.31378      0.31334
      27      65      3      HE      -1.0006      1.55815      -3.7655      217.78      -0.9303      2.17454      30.7929      159.717      -0.7871      3.33454      15.2556      89.9705      -0.8035      3.98002      17.9712      -6.8677      0.31224      0.31401      0.31689      0.30914      0.31313      0.31317      0.31553      0.31025      0.30983      0.31225      0.31499      0.30922      0.30938      0.31122      0.31495      0.30984
      27      65      7      HE      0.14987      -6.9526      -14.126      -93.46      -0.4679      -4.2773      3.45926      -125.59      -0.5545      -9.678      -22.956      -71.033      0.02387      -5.1058      5.44335      -86.438      0.31584      0.32154      0.31688      0.3139      0.31731      0.321      0.31565      0.3135      0.31578      0.32055      0.31595      0.31347      0.31526      0.32063      0.3147      0.31331
      29      65      3      HE      0.99139      -6.7127      -10.042      223.307      0.81229      -2.2489      -15.453      112.262      0.723      -3.6053      9.46237      -25.3      0.65573      -2.4256      9.60898      11.9398      0.31466      0.31439      0.31717      0.30851      0.31609      0.31231      0.31613      0.31002      0.31384      0.31185      0.31569      0.30912      0.31338      0.31152      0.31545      0.30886
      27      65      6      HE      0.87498      -13.337      -24.286      -203.45      0.9331      -10.257      -28.507      -226.59      0.70911      -10.101      -8.5389      -190.8      0.81414      -10.634      4.02611      -126.87      0.31705      0.31393      0.31602      0.30766      0.31793      0.31266      0.31514      0.30711      0.31531      0.31195      0.31393      0.30663      0.3155      0.3111      0.31372      0.30624
      18      65      3      HE      0.3396      -66.096      -64.836      138.407      0.74573      -64.99      -48.265      -1.6688      0.1955      -63.649      -40.996      119.708      0.25802      -66.278      -43.247      -252.99      0.31203      0.31391      0.31716      0.30854      0.31307      0.31341      0.31564      0.30981      0.31178      0.31245      0.31532      0.30876      0.31191      0.3126      0.31542      0.30982
      27      65      4      HE      0.28695      -27.269      -31.871      -87.938      0.39489      -20.186      11.2164      62.2995      0.21275      -24.516      -2.224      89.411      0.31325      -23.168      -2.2021      174.578      0.30497      0.31033      0.30574      0.3023      0.30619      0.31004      0.30417      0.30103      0.30538      0.30983      0.30339      0.30032      0.30375      0.30947      0.30386      0.2983
      17      65      3      HE      0.60668      -33.328      -14.845      -204.52      0.6627      -18.213      -26.566      -158.74      0.55898      -27.449      -5.9071      -158.25      -1.0431      -33.141      -30.177      -77.076      0.30983      0.31408      0.31086      0.31487      0.31048      0.31051      0.30946      0.31443      0.30933      0.31204      0.30871      0.31422      0.30827      0.31242      0.30917      0.31278
      18      65      5      HE      0.29238      -35.417      -64.774      -217.05      0.29108      -36.034      -24.908      -104.88      0.11552      -36.813      -45.144      -170.87      0.14039      -35.824      -19.324      -131.66      0.31258      0.31      0.31197      0.31559      0.31404      0.31054      0.31049      0.31568      0.31321      0.30978      0.3106      0.31387      0.31203      0.30909      0.30983      0.31459
      18      65      1      HE      0.3428      -57.021      -49.547      22.1109      0.74683      -52.77      -44.224      95.7703      0.58732      -56.632      -49.521      24.6126      0.34943      -55.652      -59.43      -34.664      0.31104      0.31605      0.3088      0.31287      0.31159      0.31484      0.30834      0.31252      0.31084      0.3151      0.30685      0.31204      0.30972      0.31478      0.30618      0.31168
      18      65      4      HE      0.22779      -59.229      -41.005      286.451      0.23037      -59.012      -11.873      87.5613      0.56459      -55.723      -33.259      52.8908      0.48963      -59.198      -38.602      86.0603      0.30897      0.30803      0.31376      0.30461      0.30931      0.30767      0.31275      0.30328      0.30891      0.30697      0.31249      0.30362      0.30761      0.30711      0.31232      0.3038
      18      66      1      HE      -2.2751      -22.471      -47.894      -55.048      1.43409      -14.74      -8.684      -92.944      -1.5067      -21.612      -11.272      65.4361      -0.9486      -19.89      -1.7386      178.163      0.31227      0.31379      0.31175      0.30204      0.31216      0.31349      0.30847      0.30168      0.30973      0.31254      0.30842      0.30079      0.31146      0.31254      0.3082      0.30061
      18      66      4      HE      0.16388      4.1398      18.9453      368.195      0.25941      3.82178      36.8499      366.125      -1.0798      1.13191      24.2813      376.197      -1.3674      3.26808      43.9139      425.747      0.31344      0.31733      0.32242      0.30549      0.31356      0.31892      0.3215      0.30572      0.31197      0.31796      0.321      0.3048      0.31232      0.31796      0.32084      0.30484
      18      66      5      HE      0.75548      -20.163      -62.959      -607.56      0.84805      -24.125      -35.019      -93.481      -0.1374      -23.87      -36.981      -213.12      0.63648      -25.216      -9.678      -413.04      0.31238      0.31778      0.31258      0.31561      0.3122      0.31897      0.31094      0.3141      0.31102      0.31782      0.3096      0.31355      0.31108      0.31783      0.30932      0.31382
      17      66      3      HE      -0.7498      12.2923      44.9139      -81.873      0.37812      16.0853      40.5183      80.7053      -1.4138      10.4712      51.772      203.604      0.60622      16.3096      26.1611      71.25      0.3128      0.31645      0.31492      0.31572      0.31281      0.3166      0.31314      0.31527      0.31074      0.31574      0.3127      0.31449      0.31092      0.31558      0.31237      0.31493
      28      65      4      HE      0.90274      -6.6983      -4.0705      177.78      1.02797      -7.698      -17.244      154.767      0.34607      -11.136      4.34639      -207.78      0.763      -10.638      -7.6679      -166.94      0.31033      0.31354      0.31378      0.30674      0.31042      0.31538      0.31331      0.30762      0.30828      0.31404      0.31205      0.30707      0.3088      0.31413      0.31218      0.30765
      18      66      3      HE      0.74759      18.9988      -0.0972      -251.51      0.38156      13.0984      5.7508      -207.54      0.27028      12.954      -17.407      -70.765      0.61141      14.4754      -10.248      -124.39      0.30876      0.30882      0.31259      0.30671      0.30881      0.31028      0.31084      0.30587      0.30737      0.30992      0.31104      0.30553      0.30769      0.30984      0.31101      0.30482
      28      65      7      HE      0.08541      -58.043      -48.159      62.9158      0.05631      -58.698      -56.942      28.9522      0.47991      -59.079      -54.628      116.638      0.13877      -60.813      -33.997      150.917      0.30421      0.30385      0.29681      0.30915      0.30411      0.30453      0.29632      0.30909      0.30363      0.30418      0.29611      0.30901      0.30397      0.30393      0.2955      0.308
      28      65      3      HE      0.31682      -59.971      -76.913      -311.67      -0.0689      -64.458      -56.924      -270.07      0.34231      -64.142      -54.359      -297.19      -0.1296      -62.987      -52.655      -226.36      0.3139      0.3199      0.31807      0.31889      0.31398      0.32146      0.31576      0.31744      0.31355      0.3207      0.31546      0.31709      0.31378      0.32033      0.3159      0.31727
      28      65      5      HE      0.53636      -47.3      -65.82      -66.73      0.25427      -46.938      -30.629      -442.05      0.4259      -49.749      -44.308      -169.88      0.21606      -47.368      -27.856      -541.33      0.30936      0.31354      0.31717      0.31312      0.30975      0.31377      0.31626      0.31421      0.3087      0.31362      0.31501      0.31371      0.30908      0.31326      0.31464      0.3146
      28      65      6      HE      -0.3545      -48.738      -58.337      -482.19      -0.0358      -44.467      -66.235      -400.01      -0.1574      -45.837      -58.396      -357.93      -0.0972      -45.714      -50.493      -478.11      0.31443      0.31913      0.31787      0.31221      0.31436      0.31847      0.31645      0.31199      0.31392      0.31826      0.31623      0.31149      0.31434      0.31824      0.31617      0.31162
      26      65      7      HE      0.64523      -49.582      -50.635      -174.85      0.89518      -52.749      -3.089      -11.731      0.6846      -51.893      -15.082      -57.275      0.81613      -54.473      3.08486      0.33638      0.31418      0.31958      0.31763      0.31361      0.31423      0.32052      0.31517      0.31245      0.3135      0.31981      0.31423      0.31231      0.31384      0.31976      0.31417      0.31215
      28      65      2      HE      0.11501      -54.787      -61.567      -36.43      0.19846      -58.477      -63.539      -139.2      0.48717      -56.672      -57.064      -8.429      0.52364      -53.797      -54.94      -61.034      0.31189      0.31812      0.31337      0.31174      0.31224      0.31887      0.31308      0.313      0.31142      0.31828      0.31265      0.31243      0.31156      0.31826      0.31223      0.31157
      29      65      1      HE      0.13273      12.3568      36.8516      -169.68      0.75401      21.1484      37.646      70.4189      0.67034      13.1056      57.5133      -100.04      0.65378      12.9375      57.5683      50.7409      0.30559      0.31007      0.31337      0.30252      0.30528      0.30742      0.31169      0.30093      0.30492      0.30844      0.31178      0.3012      0.30458      0.3084      0.31132      0.30042
      28      65      1      HE      0.06563      -12.264      -33.171      -297.77      0.35239      -10.045      -40.961      -444.07      0.2732      -8.2407      -21.221      -399.36      0.07457      -6.1127      -28.599      -397.16      0.30248      0.30753      0.30917      0.30877      0.30198      0.30684      0.30744      0.30836      0.30169      0.30574      0.30703      0.30749      0.30149      0.30551      0.3067      0.30742
      18      66      2      HE      0.21878      7.19926      15.5045      -109.42      0.72893      10.1623      13.8507      -107.17      0.78041      9.34364      18.2015      -41.649      0.25983      9.63194      -0.8085      -92.113      0.3069      0.30982      0.30849      0.30743      0.30657      0.30964      0.30689      0.3066      0.30558      0.30932      0.30609      0.30564      0.30581      0.30913      0.30645      0.30589
      17      66      2      HE      -0.0918      -12.298      -28.849      -329.3      0.11206      -9.7607      -1.8431      -329.98      -0.2289      -8.9996      -1.1048      -392.97      -0.0168      -10.409      5.36355      -267.12      0.31105      0.3118      0.31397      0.30757      0.31055      0.3105      0.31155      0.30706      0.31008      0.31006      0.31171      0.30727      0.31018      0.31      0.31113      0.30653
      16      66      4      HE      0.16259      9.00199      -17.599      -228.55      0.23567      14.1588      19.0093      -360.79      0.33701      12.0348      28.4141      -292.56      -0.1578      8.52738      23.5729      -288.76      0.30545      0.30813      0.31308      0.30149      0.30502      0.30647      0.31111      0.30131      0.30488      0.30624      0.31004      0.30071      0.30432      0.30662      0.31026      0.29942
      29      65      2      HE      0.46685      -27.817      -18.774      148.595      0.18259      -22.232      9.99461      -24.004      0.12596      -23.866      -6.1343      -75.844      -0.0795      -24.966      9.47583      -15.725      0.30867      0.3086      0.31795      0.30361      0.30834      0.30696      0.31597      0.30382      0.30787      0.30675      0.31557      0.30374      0.30741      0.30674      0.31497      0.30342
      19      63      2      HE      -0.0339      1.19972      -21.999      -523.77      -0.1088      3.01685      9.10326      -469.35      0.00606      3.86926      -5.9523      -502.93      -0.1056      -1.3577      4.05088      -581.32      0.30558      0.30408      0.2987      0.30342      0.3056      0.30449      0.2973      0.30351      0.30399      0.30419      0.29666      0.30284      0.30446      0.30431      0.29648      0.30271
      20      63      3      HE      0.13959      -3.5724      -7.6823      -117.59      0.42021      -2.5639      41.4116      29.387      0.40188      -3.0654      7.86475      10.1752      0.47092      -1.6866      36.283      122.33      0.2978      0.3055      0.30356      0.30481      0.29778      0.30709      0.30184      0.30306      0.29693      0.30604      0.30143      0.30327      0.29724      0.30609      0.30087      0.30285
      22      63      3      HE      -0.0656      -16.591      -25.248      -123.88      -0.1068      -20.821      -18.294      -156.24      -0.1619      -18.299      -5.0671      -518.17      0.12302      -21.445      -24.719      -155.54      0.30602      0.30546      0.30405      0.30221      0.30625      0.30703      0.30221      0.30226      0.30528      0.30573      0.3018      0.30286      0.30544      0.30553      0.30239      0.30227
      24      63      3      HE      0.14875      -40.314      -75.896      -391.94      0.19776      -40.013      -54.295      -588.84      0.04554      -43.947      -69.081      -486.72      0.29774      -39.79      -56.628      -478.23      0.3016      0.30106      0.29693      0.28994      0.30225      0.30279      0.29561      0.29081      0.30103      0.30214      0.29435      0.28948      0.3017      0.30215      0.29463      0.28988
      24      63      2      HE      0.62231      -9.8119      21.2687      133.809      -0.0443      -11.776      29.2932      -105.61      0.17285      -9.5809      25.0236      166.205      0.67243      -6.4799      37.5164      -96.493      0.30271      0.30447      0.2994      0.29913      0.30366      0.30566      0.29813      0.29886      0.30212      0.3052      0.29764      0.29774      0.30241      0.30468      0.29739      0.29839
      26      63      2      HE      0.41204      -2.4306      4.63472      208.104      0.37539      2.8031      25.0613      -40.893      0.14858      -1.1077      2.97737      -84.754      0.41632      -1.7105      24.4592      -63.508      0.30281      0.30298      0.30069      0.29807      0.30281      0.30257      0.29926      0.29846      0.30168      0.30261      0.2996      0.2985      0.30179      0.3024      0.29881      0.29807
      24      63      6      HE      0.27216      3.56353      -4.4149      38.227      0.22271      1.16695      36.0912      10.8807      0.38943      2.87349      20.3777      226.122      0.38282      -0.0376      18.0825      258.587      0.30802      0.30977      0.30438      0.30711      0.30803      0.31069      0.30176      0.30702      0.30778      0.31027      0.30146      0.30591      0.30644      0.3103      0.30125      0.30576
      24      63      5      HE      0.22918      20.5423      17.0121      2.35897      -0.2716      19.828      28.3456      2.80653      0.07389      19.2626      52.7862      154.492      0.10395      16.1599      22.2167      43.0037      0.30493      0.30787      0.3029      0.29532      0.30463      0.30825      0.30064      0.29341      0.30428      0.30821      0.30031      0.29297      0.30335      0.30776      0.29969      0.29304
      26      63      5      HE      0.15357      30.4759      5.49245      74.1645      0.15803      33.2043      60.4737      31.9282      0.1334      27.6842      30.6596      -125.35      0.01557      29.5044      16.9147      13.6056      0.30681      0.30902      0.30705      0.30663      0.30692      0.30998      0.3054      0.3064      0.30601      0.3097      0.30467      0.30538      0.30562      0.30941      0.30428      0.30521
      26      63      6      HE      0.45431      -11.194      -23.062      -172.99      0.34374      -11.636      3.91467      -105.11      0.32491      -10.905      -4.7921      -27.984      0.38858      -11.733      25.1287      -69.554      0.30875      0.31012      0.30541      0.29887      0.30837      0.3104      0.30424      0.29813      0.30801      0.30991      0.3038      0.29734      0.30729      0.30951      0.30308      0.29757
      19      63      3      HE      0.23284      -15.796      -14.983      176.243      0.50455      -17.738      9.45993      233.829      -0.39      -19.515      10.4471      11.4924      0.31621      -15.427      -10.304      299.586      0.30918      0.31051      0.30654      0.30304      0.30943      0.31109      0.30606      0.30183      0.30819      0.30975      0.30488      0.30157      0.30726      0.3093      0.3052      0.30163
      26      63      3      HE      0.18273      11.1036      9.75993      -27.033      0.15124      10.5185      5.18901      70.0918      0.12598      12.3998      30.7979      176.84      0.06201      9.50176      38.5521      193.691      0.30748      0.30818      0.3091      0.29593      0.30721      0.30774      0.30776      0.29492      0.30639      0.30726      0.30689      0.29438      0.3055      0.30719      0.30668      0.29402
      19      63      5      HE      0.03401      -56.092      -75.579      -151.68      0.20915      -58.882      -74.254      -197.67      0.44406      -57.505      -44.094      -225.06      0.29426      -58.675      -59.597      -246.92      0.30984      0.31003      0.30766      0.29628      0.31012      0.31089      0.30733      0.29619      0.31018      0.31012      0.30618      0.29487      0.30973      0.31015      0.30649      0.29579
      26      63      4      HE      0.57731      -58.843      -64.3      -209.65      0.71641      -57.346      -23.833      -119.87      0.36333      -57.315      -40.373      -96.929      0.13605      -60.755      -13.131      -86.878      0.30538      0.30982      0.30189      0.31767      0.30561      0.30954      0.29981      0.31661      0.3059      0.30938      0.29891      0.31614      0.3049      0.30935      0.29874      0.31622
      20      63      6      HE      -0.9862      -39.923      -18.157      69.3165      -0.8156      -42.745      1.82963      284.874      -1.1099      -43.235      8.67917      216.629      -0.2905      -44.642      -3.6966      213.372      0.30611      0.31342      0.31046      0.31263      0.30684      0.31528      0.30943      0.31161      0.30655      0.31471      0.30872      0.31162      0.30578      0.31434      0.30896      0.31176
      20      63      5      HE      0.4082      -44.956      -71.302      -216.69      0.10098      -47.455      -66.181      -199.37      -0.0478      -46.687      -63.597      -204.83      0.59301      -44.535      -59.301      -229.72      0.30485      0.30998      0.30848      0.31038      0.30502      0.31094      0.30778      0.30991      0.30567      0.31051      0.30761      0.30909      0.30488      0.31007      0.30706      0.30872
      22      63      5      HE      -0.083      -52.014      -89.446      -397.11      0.43423      -48.727      -35.544      -308.62      -0.1692      -53.26      -50.717      -237.62      -0.0579      -54.747      -35.05      -62.037      0.30138      0.31224      0.30567      0.30884      0.30179      0.31294      0.30361      0.30863      0.30217      0.31328      0.30377      0.30792      0.30173      0.31263      0.30325      0.30676
      22      63      6      HE      -0.1565      -54.085      -23.898      -29.513      -0.1661      -52.854      -43.8      228.446      -0.1218      -52.096      -25.195      157.188      0.38008      -54.623      -27.237      346.517      0.30497      0.30794      0.30537      0.31084      0.30516      0.30859      0.30434      0.30904      0.30542      0.30794      0.30382      0.30836      0.30513      0.30834      0.30385      0.30589
      19      63      1      HE      0.45873      -17.585      -1.8319      -229.25      0.59401      -20.708      16.6654      -108.99      0.2904      -19.276      50.7617      -74.234      0.42689      -20.844      42.3045      -42.018      0.30885      0.30834      0.31097      0.29919      0.30799      0.30975      0.30906      0.29792      0.30826      0.30931      0.30801      0.29847      0.30723      0.30918      0.30801      0.29815
      20      63      1      HE      0.10779      -20.466      5.39502      98.6183      0.30038      -21.251      -0.0808      144.045      0.24263      -20.182      33.7189      -83.566      0.26544      -20.208      16.5083      -85.188      0.30732      0.30647      0.31082      0.30864      0.30654      0.30822      0.30944      0.30836      0.30721      0.3077      0.30874      0.30809      0.30556      0.30784      0.30877      0.30794
      22      63      1      HE      -0.7253      3.81487      28.409      97.2096      -0.5467      2.14927      32.7926      300.69      -0.8895      0.14275      17.204      145.468      -1.243      -4.5667      30.2826      296.778      0.31111      0.31489      0.30497      0.3055      0.31041      0.31689      0.30413      0.30506      0.31062      0.31683      0.303      0.30521      0.30911      0.3163      0.30326      0.30455
      24      63      1      HE      0.4386      -26.549      -43.18      -87.101      0.07108      -26.19      -23.97      -310.84      -0.0009      -23.003      -34.474      -31.166      0.11597      -30.001      -40.662      -230.12      0.30718      0.31231      0.30677      0.31259      0.30628      0.31303      0.30569      0.31333      0.30702      0.31241      0.30553      0.31241      0.30529      0.31233      0.30489      0.31286
      19      63      4      HE      -0.4555      2.60652      14.8574      -4.2595      0.45421      2.01672      19.7042      188.086      0.45054      -0.1909      37.8515      439.382      -0.7147      -0.91      8.32737      148.643      0.30561      0.3092      0.30215      0.30542      0.30469      0.30988      0.30133      0.30527      0.30502      0.30939      0.30076      0.3039      0.30368      0.30917      0.3003      0.30453
      26      63      1      HE      0.72676      -9.4698      6.45545      308.265      0.42137      -12.087      -0.6874      207.491      0.58503      -15.216      31.3886      201.344      0.54264      -11.798      0.36417      551.223      0.31072      0.30975      0.30647      0.30445      0.30988      0.31113      0.30537      0.30359      0.31022      0.31053      0.30475      0.30384      0.30851      0.31007      0.30438      0.30187
      19      63      6      HE      0.72156      12.3223      21.1205      123.116      0.57482      10.5946      37.7929      68.8204      -0.1287      3.70817      38.3922      -3.4029      -0.5658      3.33134      26.4071      79.0445      0.31699      0.3192      0.32114      0.30972      0.31402      0.32033      0.31982      0.31079      0.31454      0.31999      0.31956      0.30955      0.31502      0.32024      0.31925      0.31072
      24      63      4      HE      0.51695      10.496      12.1465      183.049      0.43471      8.49496      34.2445      227.672      0.90986      7.07064      33.8337      184.929      0.57996      7.51821      42.9336      -17.188      0.31578      0.31432      0.31909      0.3081      0.31282      0.31472      0.31847      0.30771      0.31416      0.31441      0.31787      0.30866      0.31366      0.31452      0.3169      0.30787
      22      63      2      HE      0.28559      -5.3586      1.79291      89.2107      0.25307      -6.7917      15.7657      52.6805      0.76818      -2.9167      27.2831      52.3502      0.19603      -6.6726      21.7384      134.642      0.31555      0.31914      0.31292      0.31466      0.31198      0.31946      0.31148      0.31369      0.31378      0.31939      0.3113      0.31348      0.31325      0.31901      0.31121      0.31277
      20      63      2      HE      0.63263      -2.2813      7.13514      -70.729      0.28386      -5.8454      2.25554      -76.779      0.74231      -6.2085      20.8813      -10.316      0.43746      -5.6593      15.2133      -7.2306      0.31406      0.31346      0.30695      0.31312      0.31124      0.31435      0.30676      0.31281      0.31354      0.31371      0.30663      0.31216      0.31307      0.31403      0.30532      0.31247
      22      63      4      HE      -0.7331      23.1224      22.4728      -56.418      -0.9248      17.8661      66.1528      -49.62      -0.7876      18.9368      70.1755      -108.16      -0.4672      17.6305      45.6743      -89.875      0.31666      0.31508      0.30624      0.30597      0.31435      0.31651      0.30516      0.3047      0.31572      0.31633      0.30449      0.30451      0.31512      0.31614      0.30426      0.30412
      20      63      4      HE      0.61793      -0.7727      7.30388      -290.37      0.25257      -1.7839      0.87178      -401.53      0.46376      -2.1912      1.42229      -346.5      0.82115      -3.7648      6.11093      -507.21      0.31984      0.31548      0.31462      0.3048      0.31668      0.31549      0.31316      0.30501      0.31801      0.31537      0.31237      0.30439      0.31769      0.31547      0.31213      0.30446
      19      64      5      HE      -0.1502      -25.012      -53.476      -284.18      -0.238      -21.007      3.57756      -348.78      -0.2201      -18.558      -10.992      -193.61      -0.1254      -18.434      -7.4355      -226.91      0.30659      0.3057      0.30828      0.3087      0.30662      0.3041      0.30622      0.30846      0.30587      0.30367      0.30641      0.30796      0.30501      0.30344      0.30615      0.30659
      19      64      6      HE      0.10919      -10.12      -28.306      -73.726      0.23728      -6.2627      -9.6165      -6.7534      0.56467      -5.3785      8.03768      257.624      0.34809      -7.4855      -2.1134      97.7961      0.30735      0.30847      0.30093      0.30007      0.30686      0.30757      0.2997      0.29861      0.30655      0.30724      0.29969      0.29764      0.30592      0.30732      0.29835      0.29794
      21      63      2      HE      0.44658      -4.1401      10.1811      -226.26      0.27546      -3.602      29.9955      -55.062      0.43403      -3.8507      34.7235      -116.55      0.43907      -9.7767      17.2727      -168.61      0.30486      0.3061      0.30843      0.30462      0.30427      0.30596      0.30709      0.30442      0.3041      0.30575      0.3069      0.30405      0.30293      0.30598      0.30606      0.3033
      20      64      2      HE      0.17412      -19.564      -4.8814      -194.63      0.16692      -16.757      -6.4353      -274.72      0.25114      -17.32      4.45037      -287.51      0.1977      -17.192      3.21498      -246.05      0.30888      0.30733      0.30662      0.30014      0.30882      0.3064      0.30581      0.30111      0.30862      0.30634      0.30609      0.30078      0.3083      0.30605      0.30488      0.29951
      21      63      4      HE      0.28649      -7.1886      -18.779      40.9916      -0.3342      -2.2001      7.39364      22.9718      -0.3481      -8.0439      -9.6106      11.1406      0.40053      -8.0779      -28.184      -170.17      0.30863      0.30898      0.30909      0.30442      0.30864      0.30806      0.30905      0.3038      0.30766      0.30872      0.30882      0.30377      0.30753      0.3088      0.30875      0.3039
      20      64      4      HE      0.98266      -38.509      -39.803      -7.4111      0.55264      -35.688      0.65397      170.035      0.54717      -33.049      -10.045      173.38      -0.0197      -39.929      -44.831      208.584      0.30738      0.30479      0.30109      0.30069      0.30639      0.30373      0.2989      0.30033      0.30588      0.30328      0.29876      0.30002      0.30525      0.30384      0.29982      0.29896
      19      64      1      HE      0.07146      15.7814      22.9147      45.2847      -0.0673      8.17891      41.0673      100.764      -0.2696      14.2065      23.165      111.867      0.28473      13.2136      26.5019      5.38678      0.31286      0.31247      0.3088      0.31336      0.30911      0.31269      0.30713      0.31271      0.3119      0.31221      0.30762      0.31248      0.3084      0.31223      0.30669      0.3126
      20      64      1      HE      0.36887      5.96452      19.4889      177.113      0.72521      3.18552      31.4865      -14.275      0.25259      5.70875      41.1218      -109.91      0.00542      -0.8058      48.3908      -14.385      0.3132      0.31271      0.31126      0.31465      0.3097      0.31385      0.30987      0.31423      0.31275      0.31363      0.3099      0.31416      0.30838      0.31366      0.30966      0.3139
      21      63      1      HE      0.09303      6.31948      2.00946      -70.17      -0.3307      0.29502      41.6458      115.271      0.3378      0.31539      42.8349      236.181      -0.3787      4.73848      28.414      -148.21      0.31079      0.31262      0.31064      0.30746      0.30759      0.31294      0.30859      0.30679      0.31106      0.31296      0.30864      0.3063      0.30663      0.3122      0.30855      0.30738
      23      63      1      HE      0.12748      4.79362      7.15143      92.1747      0.14278      3.98966      30.1265      23.4572      0.44125      7.53518      35.8779      39.6835      0.05289      4.38268      22.5659      61.5126      0.31125      0.30982      0.30992      0.30211      0.30821      0.3106      0.30925      0.30142      0.31068      0.31045      0.30873      0.30038      0.30763      0.30993      0.30803      0.30124
      19      64      4      HE      -0.8646      10.2941      41.3121      9.13793      0.22842      5.2779      46.2348      -14.115      0.27825      5.94357      37.746      104.304      0.24224      2.75926      34.8822      61.224      0.30933      0.30877      0.31254      0.3141      0.3067      0.30998      0.31184      0.31289      0.30861      0.31013      0.31172      0.31225      0.30549      0.3096      0.31089      0.31173
      25      63      1      HE      0.42286      34.4518      5.72516      -16.247      -0.0484      32.6543      25.2103      141.605      0.45068      34.2587      24.9375      -89.726      -0.0135      30.8438      17.0418      -67.022      0.31036      0.31217      0.30884      0.3016      0.30734      0.31224      0.30778      0.30091      0.30989      0.31198      0.30714      0.30017      0.306      0.31137      0.30706      0.30012
      23      63      6      HE      0.56432      -26.131      -21.878      -297.83      0.01307      -25.385      -10.036      -315.53      0.51045      -23.709      -7.7707      -289.93      0.38668      -20.718      -22.087      -321.11      0.30473      0.30978      0.30456      0.30893      0.3044      0.31052      0.30363      0.30982      0.30451      0.31033      0.30301      0.30987      0.30375      0.30988      0.30276      0.30935
      25      63      4      HE      -0.1081      -16.875      -13.476      37.349      0.25134      -22.135      -0.0126      39.5215      0.13227      -22.419      19.0218      54.6389      -0.1373      -24.314      1.98755      17.9921      0.30679      0.30799      0.30423      0.31098      0.30625      0.30954      0.30351      0.31042      0.30645      0.30905      0.30286      0.31017      0.30542      0.30908      0.30283      0.30942
      20      64      5      HE      -0.9162      2.72281      0.47217      -253.31      -0.8618      3.54941      19.5      -66.376      -1.3058      -0.9285      4.0547      -221.77      -1.1324      -0.206      24.749      -48.444      0.3053      0.30672      0.30585      0.30083      0.30484      0.30761      0.30463      0.30058      0.30511      0.30731      0.3048      0.30083      0.30387      0.30709      0.30416      0.29967
      21      63      6      HE      0.14183      -29.943      -36.516      -292.73      0.38475      -30.777      -15.929      33.1937      0.60788      -28.188      -8.4309      -201.66      -0.008      -31.57      -16.897      -113.83      0.30686      0.30501      0.30603      0.29974      0.30621      0.30593      0.30472      0.29859      0.30627      0.30521      0.30437      0.29878      0.30505      0.30515      0.30404      0.29867
      23      63      4      HE      0.03907      5.52114      -19.556      -223.13      0.28967      1.28886      27.7609      -92.319      0.59247      3.00954      24.8148      11.7449      0.34015      1.08705      6.36021      -190.84      0.30575      0.31076      0.31323      0.30761      0.30569      0.31193      0.31191      0.30657      0.306      0.31135      0.31097      0.30504      0.30445      0.31087      0.31085      0.30463
      20      64      6      HE      -0.1181      -11.763      -2.5891      -167.34      -0.0584      -12.362      -10.8      -110.65      0.48652      -9.6063      0.75117      -39.773      0.37821      -12.317      28.6589      -127.28      0.30501      0.30635      0.30295      0.30409      0.30423      0.30718      0.30202      0.30464      0.30448      0.30656      0.30149      0.30391      0.30307      0.30627      0.30118      0.30378
      21      63      5      HE      -0.0024      21.0274      -42.449      -314.52      0.04864      21.1823      28.8235      -295.81      0.07493      23.5173      32.1693      -228.77      0.05517      22.5375      1.82661      -244.97      0.30378      0.30388      0.30646      0.30106      0.30416      0.30432      0.30415      0.30073      0.30427      0.30382      0.30385      0.30081      0.30403      0.3034      0.30383      0.29973
      23      63      5      HE      0.00657      -1.5992      -28.509      137.803      -0.0206      -3.6348      5.03314      28.2287      0.17008      -5.5603      9.44603      18.4819      0.00537      -4.2334      7.9784      30.0278      0.30771      0.31666      0.30664      0.30359      0.3074      0.31652      0.30533      0.3029      0.30785      0.31615      0.30518      0.3021      0.30728      0.31616      0.30477      0.30159
      25      63      6      HE      -0.1053      -20.996      -24.303      -101.32      -0.0005      -15.083      -10.699      -43.167      -0.3803      -17.184      22.8372      -127.69      -0.0543      -15.822      -12.554      -310.78      0.30738      0.30959      0.29997      0.30393      0.30729      0.30902      0.29848      0.30319      0.30722      0.30848      0.29787      0.30335      0.30653      0.30847      0.29841      0.30403
      25      63      5      HE      -0.3912      -39.363      -53.909      -250.96      -0.334      -35.653      -42.582      -184.56      -0.3469      -34.499      -44.036      -108.68      -0.2605      -38.858      -42.975      -172.84      0.30822      0.31099      0.3103      0.30776      0.30906      0.30998      0.30826      0.3062      0.30886      0.30953      0.30826      0.30529      0.30846      0.30985      0.30819      0.3058
      19      64      3      HE      0.38414      -39.274      -51.835      -126.57      0.29313      -39.215      -24.867      -80.511      0.03634      -39.23      -37.668      -73.769      -0.0235      -41.704      -23.796      49.9311      0.30525      0.30418      0.30117      0.30705      0.30554      0.30468      0.29916      0.30669      0.30562      0.30379      0.29912      0.30558      0.30492      0.30394      0.29869      0.30612
      25      63      3      HE      -0.336      -56.274      -55.016      45.4033      -0.3489      -49.68      -22.423      -18.333      -0.2167      -53.892      -47.856      172.264      -0.3797      -50.654      -46.099      -70.565      0.30636      0.30859      0.31006      0.31028      0.30661      0.30842      0.30885      0.30822      0.30696      0.30844      0.30918      0.30816      0.30629      0.30811      0.30851      0.30839
      19      64      2      HE      0.53081      -48.977      -47.047      -386.62      0.53699      -51.384      -18.584      -89.226      0.32915      -52.878      4.07065      -247.77      0.54184      -51.897      -4.3458      -132.25      0.31047      0.31688      0.31189      0.31917      0.30976      0.31757      0.30963      0.31762      0.31001      0.3171      0.30885      0.31767      0.30917      0.31697      0.30867      0.31762
      20      64      3      HE      0.04034      -58.133      -52.316      9.17282      0.00265      -57.901      -38.103      -260.3      0.1187      -58.802      -36.787      -242.68      -0.0181      -61.951      -59.998      -22.634      0.31126      0.31707      0.3172      0.30958      0.31007      0.31681      0.31542      0.31078      0.3108      0.31645      0.31473      0.31022      0.3098      0.31645      0.31527      0.30976
      21      63      3      HE      -0.0646      -54.439      -46.063      -41.746      -0.0436      -59.219      -23.784      11.4743      0.15207      -55.996      -21.434      -4.6431      -0.0454      -60.651      -9.5392      22.7728      0.31136      0.31588      0.31979      0.32145      0.31087      0.31666      0.31759      0.32215      0.31064      0.31613      0.3172      0.32118      0.31039      0.31629      0.31781      0.3208
      23      63      3      HE      -0.0687      -57.688      -78      91.2796      -0.1604      -57.802      -36.565      -435.57      -0.1331      -56.21      -64.446      -195.86      0.01761      -59.07      -66.17      -248.48      0.31448      0.31488      0.31286      0.31859      0.31357      0.3152      0.31121      0.32013      0.31361      0.3153      0.31093      0.31948      0.31302      0.31511      0.31086      0.31953
      23      63      2      HE      0.9053      -56.629      -51.62      -382.29      0.89202      -54.123      -24.992      -73.054      0.34707      -57.138      -26.389      -13.999      0.36226      -56.046      -23.578      -69.396      0.31076      0.31321      0.31406      0.30871      0.30983      0.31376      0.31215      0.30732      0.31017      0.31319      0.31217      0.3067      0.30971      0.3135      0.31143      0.30656
      25      63      2      HE      0.07102      -56.864      -49.558      -41.127      0.60017      -57.199      -21.424      54.7196      0.84106      -58.519      -28.02      132.296      0.18775      -59.458      -38.18      128.9      0.31105      0.3153      0.31901      0.31197      0.31026      0.31529      0.31768      0.31148      0.31011      0.31514      0.31719      0.30962      0.3099      0.31546      0.31691      0.30947
      19      65      2      HE      -1.5084      -17.985      -9.5418      -469.46      -1.1034      -15.898      -8.8149      -522.12      -1.4288      -18.397      2.64441      -570.44      -0.7756      -15.45      5.6192      -679.52      0.30366      0.30445      0.30323      0.30258      0.3045      0.30595      0.30236      0.30468      0.30375      0.30618      0.30097      0.30467      0.30345      0.30396      0.30133      0.30541
      20      65      3      HE      0.27748      -56.722      -57.265      -66.917      0.47652      -52.717      -4.6587      -76.37      0.07491      -54.738      -6.2134      -5.1319      0.26381      -58.634      -16.24      -258.41      0.30631      0.30923      0.31024      0.30464      0.30706      0.30829      0.30857      0.30525      0.30549      0.30781      0.30845      0.30557      0.30562      0.30906      0.30793      0.30512
      21      65      3      HE      0.15238      -49.043      -63.786      -473.8      -0.0829      -41.853      -53.787      -666.43      -0.1016      -45.769      -58.904      -610.46      0.26045      -44.268      -55.485      -713.34      0.30049      0.30618      0.30548      0.30586      0.30116      0.3055      0.30512      0.30759      0.29993      0.3056      0.30404      0.30785      0.3003      0.30539      0.30408      0.30751
      23      65      3      HE      -0.1506      -53.802      -38.624      -233.69      0.33774      -53.791      -26.328      -496.31      -0.011      -50.72      -18.134      -788.48      -0.1787      -55.212      -12.628      -865.47      0.30448      0.30933      0.30883      0.31374      0.3059      0.30941      0.3073      0.31619      0.30447      0.30843      0.30706      0.31776      0.3053      0.30807      0.30703      0.31793
      23      65      2      HE      0.68344      -26.625      -17.673      -116.96      0.63404      -27.862      -18.55      -410.29      0.55224      -23.317      -8.7846      -569.98      0.79518      -31.079      -14.836      -289.65      0.30251      0.3049      0.3024      0.3156      0.30267      0.30539      0.30103      0.31627      0.30182      0.30326      0.30094      0.31671      0.30143      0.30525      0.29979      0.3154
      25      65      2      HE      0.7416      -20.7      -11.962      40.6294      0.46908      -14.159      -1.145      2.8895      0.16923      -20.966      -9.1652      -89.371      0.36368      -23.32      -15.444      -156.48      0.30459      0.31175      0.30453      0.30696      0.30512      0.31062      0.30402      0.30806      0.30406      0.31157      0.30372      0.30817      0.30444      0.31205      0.30377      0.30699
      23      65      6      HE      0.84691      -0.7051      -20.817      -219.4      0.81388      -2.4313      -3.4175      -101.49      0.37522      -2.5466      -0.9459      -184.06      0.71837      -2.0158      -10.885      11.8058      0.30854      0.31367      0.30519      0.30682      0.30947      0.3149      0.30396      0.30684      0.30722      0.31327      0.30351      0.30548      0.30775      0.3136      0.30297      0.30487
      23      65      5      HE      0.39917      -8.6558      32.3627      252.491      0.59561      -5.9463      24.616      153.535      -0.0404      -7.9124      -5.8907      5.53363      0.3136      -8.1716      9.9315      194.739      0.31906      0.31612      0.30487      0.30642      0.3203      0.31569      0.30452      0.30879      0.31789      0.31535      0.30435      0.30768      0.31802      0.31502      0.30399      0.30703
      25      65      5      HE      0.27736      1.20796      10.5064      176.61      0.17034      6.82966      44.1064      -90.736      0.25979      2.08941      20.8869      17.714      0.51579      6.74763      23.6525      -25.792      0.30681      0.30794      0.30765      0.30242      0.30763      0.30611      0.30613      0.30316      0.30535      0.3065      0.30653      0.30275      0.30577      0.30562      0.30537      0.30175
      25      65      6      HE      -0.103      -2.4133      -8.1886      43.6857      0.02055      -3.0832      -2.3188      -17.537      -0.1223      -4.846      8.90871      -226.07      0.06852      -0.8777      12.4805      -210.42      0.31283      0.31166      0.31008      0.31946      0.31445      0.31188      0.30866      0.32142      0.31162      0.31154      0.30837      0.32102      0.31194      0.31102      0.30796      0.32008
      19      65      3      HE      0.8297      -11.226      -21.466      -31.895      0.70984      -8.0556      6.34071      -98.77      0.21411      -9.8643      2.32086      -286.09      -0.5572      -11.887      -12.849      -250.82      0.31134      0.31666      0.30896      0.3122      0.3125      0.31558      0.30872      0.31312      0.30913      0.31567      0.30829      0.31265      0.30972      0.31534      0.3074      0.31233
      25      65      3      HE      0.62793      -4.6752      14.6323      53.8863      0.47      -1.6461      11.7135      60.0486      0.26091      -5.7913      7.501      -171.85      0.30879      -5.7552      29.03      -287.6      0.30864      0.31074      0.31399      0.30923      0.31012      0.31138      0.31316      0.31048      0.30679      0.31019      0.3126      0.3097      0.30765      0.30931      0.31238      0.30992
      19      65      5      HE      -0.7892      -11.46      32.3672      -206.93      -1.0948      -10.678      13.1613      -247.18      -0.8094      -10.753      22.6658      -17.491      -0.911      -11.177      0.30792      32.7244      0.30407      0.30241      0.29574      0.29657      0.30395      0.30213      0.29474      0.29764      0.30289      0.30179      0.29432      0.29683      0.30255      0.30172      0.29453      0.29594
      25      65      4      HE      -0.0604      -52.504      -35.571      86.9526      0.19519      -49.024      -33.758      294.207      0.04926      -51.629      -68.799      444.9      0.07635      -49.656      -49.695      -10.924      0.3064      0.30659      0.30793      0.30556      0.3059      0.30519      0.30748      0.30413      0.30565      0.30456      0.30766      0.30307      0.30474      0.30424      0.30725      0.30504
      20      65      6      HE      0.3246      -37.125      -32.222      66.5447      0.05394      -39.537      -12.394      352.989      0.11185      -41.536      -5.0465      171.4      0.3175      -36.654      0.50363      86.8412      0.3041      0.3044      0.3015      0.30108      0.30456      0.30371      0.3003      0.29991      0.30319      0.30392      0.29927      0.29936      0.30324      0.30308      0.29868      0.29977
      20      65      5      HE      0.24734      -46.454      -44.792      123.195      0.18958      -42.171      -25.791      140.817      0.16045      -49.029      -8.8505      -89.232      0.04778      -44.104      -12.833      104.773      0.30231      0.30197      0.29988      0.30827      0.30294      0.30138      0.29922      0.30845      0.30168      0.30185      0.29819      0.30895      0.3019      0.30112      0.29801      0.308
      21      65      5      HE      0.29987      -25.53      -30.657      -69.561      0.46113      -23.234      -11.664      -350.74      0.46597      -26.032      -18.283      -345.31      0.47537      -23.384      -29.232      -51.582      0.30163      0.30792      0.3055      0.3014      0.30157      0.30747      0.30501      0.30231      0.30075      0.30779      0.30411      0.30204      0.30028      0.30725      0.30395      0.30185
      21      65      6      HE      0.36944      -25.718      -27      -291.88      0.22461      -19.035      -32.01      -118.28      0.83796      -21.098      -47.873      -265.3      0.33367      -19.544      -43.342      -214.53      0.30498      0.30754      0.30539      0.31117      0.30515      0.30667      0.30432      0.31008      0.30431      0.30596      0.30479      0.31031      0.3038      0.3058      0.30462      0.30952
      19      65      1      HE      0.6195      -17.738      -25.9      -232.56      0.76825      -15.619      -6.0076      -391.44      0.37363      -12.054      -12.941      -164.43      0.60476      -15.442      -21.062      -258.1      0.31103      0.31484      0.30298      0.31543      0.31125      0.31497      0.30191      0.31547      0.31092      0.31403      0.30195      0.31545      0.31036      0.31407      0.30186      0.31497
      20      65      1      HE      -0.0168      -36.621      -12.163      -98.182      0.09608      -26.442      -18.141      -222.14      -0.2682      -32.138      -8.8358      -360.59      0.02154      -33.962      -9.4803      -205      0.31349      0.31521      0.31177      0.3138      0.3135      0.31349      0.3101      0.31507      0.3131      0.3141      0.30997      0.31519      0.31192      0.31377      0.30955      0.3155
      21      65      1      HE      0.03677      -28.393      -11.864      53.3963      0.28869      -26.161      -8.3552      173.12      0.37905      -28.607      22.695      82.1397      -0.0525      -25.095      18.4079      55.2088      0.31546      0.31644      0.31636      0.32123      0.31518      0.31663      0.31434      0.32045      0.31494      0.31636      0.31429      0.32068      0.31388      0.3163      0.31416      0.32047
      23      65      1      HE      -0.1098      -31.736      -18.223      -78.729      0.27655      -26.506      -11.248      -7.4041      -0.0425      -26.415      -2.6606      116.872      -0.4052      -31.437      6.98996      221.28      0.31575      0.32273      0.31266      0.31734      0.31635      0.32176      0.3105      0.31633      0.31551      0.321      0.31006      0.31579      0.31449      0.3213      0.31047      0.31463
      19      65      4      HE      0.16286      -29.83      -6.3352      -43.383      0.93087      -27.33      8.54513      -37.184      0.55431      -28.787      -14.384      -39.961      -0.1511      -28.336      -4.8892      -43.855      0.31184      0.31839      0.31827      0.31387      0.31246      0.31833      0.31805      0.31304      0.3116      0.31825      0.31785      0.31252      0.31054      0.31783      0.31713      0.31235
      25      65      1      HE      0.21002      -35.275      -33.045      -96.839      0.42665      -36.79      -61.248      -194.31      0.05183      -33.649      -38.691      -150.87      -0.0107      -33.048      -33.865      -182.04      0.31466      0.32281      0.32271      0.31497      0.31513      0.3232      0.3227      0.31555      0.31434      0.32179      0.3224      0.31564      0.31329      0.32163      0.32241      0.3154
      19      65      6      HE      0.66334      -31.369      -40.659      -184.43      0.16874      -33.315      -36.152      -284.39      0.68408      -31.222      -39.163      -270.84      0.50005      -33.172      -46.417      -242.24      0.31601      0.32255      0.32253      0.31479      0.31666      0.32165      0.3214      0.31566      0.31451      0.3211      0.32145      0.31545      0.31448      0.32133      0.32118      0.31483
      23      65      4      HE      0.18498      -34.572      -13.542      -96.003      0.70427      -31.406      -16.519      291.534      0.52501      -42.008      -15.501      141.911      -0.1716      -35.727      -1.1127      9.45341      0.31399      0.31386      0.31979      0.31264      0.31361      0.31369      0.31892      0.31051      0.31275      0.31448      0.31842      0.31125      0.31205      0.31374      0.31784      0.31132
      21      65      2      HE      0.345      -32.044      -27.398      -116.96      -0.3017      -28.73      -17.701      229.819      0.08179      -30.517      -6.0047      35.2692      -0.0036      -30.803      -9.1289      247.668      0.31417      0.31414      0.31794      0.31313      0.31482      0.31349      0.31715      0.31184      0.31403      0.31301      0.31589      0.31218      0.31388      0.31295      0.31602      0.31117
      20      65      2      HE      0.64358      -17.541      5.36623      -271.29      0.51103      -17.309      24.5022      -196.21      0.30897      -17.68      20.5047      -408.38      0.45689      -21.301      25.4638      -161.99      0.31444      0.31315      0.31581      0.30716      0.31483      0.3127      0.31391      0.30857      0.31472      0.31245      0.31392      0.30709      0.31341      0.31175      0.31295      0.30643
      21      65      4      HE      0.899      -41.139      -40.05      -101.46      0.61019      -32.134      -36.999      -358.78      1.17732      -35.118      -33.852      -278.88      0.86455      -34.282      -14.758      -291.16      0.31562      0.32121      0.31613      0.31431      0.31527      0.31922      0.31401      0.31652      0.31438      0.31834      0.3134      0.31578      0.31378      0.31846      0.3126      0.31605
      20      65      4      HE      0.57384      -40.597      -15.223      -17.195      -0.1746      -38.379      3.97303      -37.13      0.01015      -36.852      3.23264      -58.939      0.35136      -34.876      -10.877      71.3818      0.31462      0.31213      0.3183      0.31179      0.31424      0.31107      0.31698      0.31132      0.31464      0.31085      0.31698      0.31227      0.31231      0.31031      0.31603      0.30997
      19      66      5      HE      0.08206      4.71207      11.8678      -91.749      0.27754      6.61778      14.0164      -245.23      -0.1629      5.23296      23.6671      -136.42      -0.0735      4.33177      28.3706      -247.7      0.31122      0.31672      0.31446      0.31784      0.3106      0.31608      0.31332      0.31751      0.31072      0.31567      0.31242      0.31701      0.31058      0.31571      0.31238      0.31698
      19      66      6      HE      0.01363      16.9938      18.5538      -147.07      -0.2984      22.8487      32.4433      -120.14      0.06991      23.3128      47.8725      -75.05      0.05856      22.6415      35.3329      49.2851      0.31256      0.31524      0.318      0.3146      0.31234      0.314      0.3168      0.31377      0.31259      0.31383      0.31533      0.31357      0.31221      0.31334      0.315      0.31275
      22      65      2      HE      -0.1897      33.515      57.21      207.557      -0.0775      32.8917      36.6789      258.229      -0.0757      29.571      59.0789      319.087      -0.1312      29.3254      59.4504      216.308      0.31183      0.31419      0.31451      0.318      0.31184      0.31464      0.31387      0.31863      0.31185      0.31495      0.31268      0.31713      0.31208      0.31438      0.31253      0.31714
      20      66      2      HE      0.32526      -7.6412      0.00932      -302.28      0.12971      -7.3718      32.6853      529.858      0.38445      -4.2896      10.9551      199.861      0.44572      -4.3235      5.8541      95.1293      0.31316      0.32082      0.31681      0.31729      0.31273      0.31965      0.31379      0.31316      0.31258      0.31897      0.31342      0.31383      0.31251      0.31842      0.31296      0.31326
      22      65      4      HE      0.53754      -19.166      -11.668      -268.82      0.15693      -16.4      5.71955      75.3033      -0.0485      -18.271      8.15112      140.065      0.49624      -13.904      11.4049      -46.398      0.31365      0.31423      0.31221      0.30701      0.3133      0.31416      0.31005      0.30451      0.31327      0.31366      0.3091      0.30245      0.31315      0.31344      0.30899      0.30297
      20      66      4      HE      -0.4113      14.2534      46.8988      308.292      -0.286      16.2872      29.7602      126.547      -0.1393      15.7996      31.3805      237.517      -0.24      17.8153      59.0779      61.2151      0.31232      0.32112      0.31333      0.31862      0.31151      0.32074      0.31259      0.31783      0.31172      0.32028      0.31249      0.31782      0.31152      0.31929      0.31189      0.31679
      19      66      1      HE      -0.4039      16.0236      25.8041      -97.926      -0.1844      15.3691      37.4787      -181.98      0.14639      15.735      26.309      -323.82      -0.0008      16.5158      28.3415      10.6543      0.31213      0.31439      0.31351      0.32027      0.3115      0.31509      0.31283      0.32168      0.31171      0.31412      0.31227      0.32101      0.31178      0.31233      0.31223      0.3208
      20      66      1      HE      -0.8834      -5.1644      8.65469      320.846      -0.5066      -5.3081      39.2485      11.3311      -1.0598      -10.489      24.2546      324.841      -0.7659      -8.2791      25.536      46.2402      0.31196      0.31592      0.31759      0.31496      0.31151      0.31611      0.3164      0.31616      0.31131      0.31641      0.31661      0.31507      0.31142      0.31563      0.31533      0.31521
      22      65      1      HE      0.42613      -10.89      11.7793      -33.335      0.31115      -6.5725      6.96273      33.0737      0.58894      -5.1987      4.9658      -100.81      0.44369      -9.0121      7.74428      -41.405      0.31734      0.32014      0.31242      0.32355      0.31728      0.31877      0.31137      0.32274      0.31657      0.3177      0.31003      0.32243      0.31702      0.31808      0.30975      0.32245
      24      65      1      HE      0.46216      28.5602      28.127      59.8293      0.40445      25.579      35.5204      256.597      0.57473      30.3533      50.1546      20.6822      0.40455      26.1073      63.727      197.158      0.31376      0.31523      0.31853      0.30983      0.31369      0.31567      0.31715      0.30801      0.31341      0.31475      0.31773      0.30821      0.31307      0.31451      0.31591      0.30878
      19      66      4      HE      0.35382      41.657      64.1929      230.759      0.25949      42.3406      83.2814      249.323      0.25258      41.1835      74.0297      311.199      0.22457      40.6653      74.3194      167.014      0.31254      0.30797      0.30735      0.31285      0.3127      0.3077      0.3065      0.31241      0.31216      0.30613      0.30593      0.31204      0.31243      0.30633      0.30615      0.31248
      26      65      1      HE      -0.059      1.33949      23.5438      127.589      -0.0348      3.37691      28.0315      -14.647      -0.0618      2.73312      29.5492      91.9221      -0.0738      5.22996      26.1703      106.186      0.31578      0.31254      0.31317      0.30521      0.31533      0.31212      0.31216      0.30559      0.31509      0.31163      0.31161      0.30547      0.31502      0.31175      0.3117      0.30421
      24      65      6      HE      0.78992      11.8233      -3.1985      -80.836      0.00495      15.6494      34.1403      -35.181      0.23379      13.6519      32.3954      -34.917      -0.0741      10.5667      32.4062      -41.616      0.307      0.3109      0.30087      0.30247      0.30701      0.30995      0.29804      0.30236      0.30643      0.30963      0.29796      0.3017      0.30645      0.30975      0.29796      0.30217
      26      65      4      HE      0.44755      -8.5901      -13.974      79.2422      0.29551      -6.7188      30.366      357.774      0.18724      -5.359      9.43863      378.226      0.39263      -6.164      20.3577      404.717      0.3062      0.30829      0.30616      0.29956      0.30603      0.30779      0.30449      0.29656      0.30496      0.30618      0.30456      0.29607      0.30563      0.30692      0.3045      0.29613
      20      66      5      HE      0.47532      11.7323      33.9589      106.008      0.58165      13.6767      33.304      21.438      -0.0443      13.0022      28.0177      157.054      0.18289      9.53333      26.4848      -327.78      0.30322      0.30773      0.31128      0.31021      0.30348      0.30809      0.31059      0.31108      0.30219      0.30785      0.30923      0.30992      0.30302      0.308      0.30922      0.31047
      22      65      6      HE      0.23231      -14.891      -18.954      -208.33      0.58767      -12.796      -18.602      -70.57      0.20532      -11.676      -15.199      -27.856      0.37937      -17.022      -24.696      -47.026      0.30822      0.30427      0.30828      0.30407      0.30819      0.30306      0.30717      0.30407      0.30743      0.3027      0.30668      0.30297      0.3079      0.3031      0.30678      0.3037
      24      65      4      HE      -0.1463      11.2868      25.6701      230.153      0.44357      14.6949      50.2874      437.522      -0.3605      15.1694      21.2401      120.999      -0.108      12.4214      35.3867      399.082      0.30912      0.31165      0.30892      0.30626      0.30947      0.3107      0.30747      0.3051      0.3081      0.31019      0.30742      0.30456      0.30868      0.31019      0.30764      0.3047
      20      66      6      HE      -0.1119      -27.977      -29.914      184.987      -0.0184      -26.746      -20.336      97.825      0.31859      -26.544      -15.247      176.47      -0.0268      -26.845      10.6326      130.781      0.30826      0.31025      0.30928      0.30929      0.3076      0.30989      0.30762      0.3106      0.30623      0.30925      0.30767      0.30927      0.30708      0.30891      0.30751      0.30991
      22      65      5      HE      -0.4226      -52.63      -75.352      -461.91      0.08554      -48.39      -74.203      -353.79      0.1682      -55.783      -75.221      -349.5      0.46898      -53.608      -71.077      -323.42      0.3072      0.31262      0.30887      0.30849      0.30858      0.31162      0.30821      0.30946      0.30646      0.31197      0.30797      0.30823      0.30816      0.31189      0.3075      0.30795
      24      65      5      HE      0.31218      -53.837      -58.626      -194.69      0.28037      -51.953      -49.374      -26.096      0.24466      -52.381      -51.407      -161.28      0.50079      -50.65      -57.882      40.9157      0.30958      0.30998      0.30777      0.31429      0.31028      0.30927      0.30745      0.31324      0.30891      0.30865      0.30745      0.3129      0.30987      0.30873      0.30587      0.31247
      26      65      6      HE      0.21991      -50.216      -67.46      -271.82      0.05142      -43.159      -27.801      -113.22      0.0611      -45.318      -29.83      -75.958      0.34032      -44.455      -44.187      -85.466      0.31206      0.31559      0.31767      0.30711      0.31234      0.31486      0.31486      0.30567      0.31126      0.31513      0.31522      0.30561      0.31217      0.31486      0.31469      0.30404
      26      65      5      HE      0.76845      -56.905      -72.447      -107.84      0.83115      -55.032      -30.94      453.248      0.69478      -56.383      -20.188      122.902      0.84764      -55.42      -39.065      418.627      0.31075      0.31051      0.31357      0.30785      0.31155      0.31109      0.31096      0.30484      0.31024      0.31083      0.31046      0.30593      0.31122      0.31032      0.31084      0.30442
      19      66      3      HE      -0.5078      -53.381      -43.106      -31.187      -0.2212      -51.899      -64.389      76.577      -0.3791      -55.207      -35.736      67.6952      -0.1661      -54.212      -70.378      53.1137      0.31025      0.31289      0.3081      0.31208      0.31117      0.31313      0.30769      0.31112      0.31019      0.31287      0.30745      0.31149      0.31097      0.31244      0.30719      0.31029
      26      65      3      HE      0.41804      -46.268      -59.585      -124.89      0.37549      -43.99      -47.526      -17.199      0.27914      -42.816      -56.061      -102.64      0.58966      -43.204      -54.325      -88.708      0.31013      0.3116      0.30721      0.30466      0.31099      0.311      0.30754      0.30364      0.30984      0.30991      0.30696      0.30315      0.31059      0.30971      0.30652      0.30167
      19      66      2      HE      -2.15      -31.047      -55.097      -394.33      0.48003      -19.471      -34.572      -328.97      -1.9154      -26.046      -15.551      -330.72      -1.3614      -25.421      -31.975      -270.28      0.31208      0.31418      0.3066      0.32096      0.31185      0.3141      0.30539      0.32115      0.31069      0.31308      0.30412      0.31991      0.31175      0.31342      0.30435      0.31943
      20      66      3      HE      -1.1049      0.11585      -22.589      -35.608      -1.5836      -4.2361      -4.0775      -204.33      -1.1268      -1.1949      -2.5734      -15.584      -1.1997      -1.7559      -5.3368      -44.161      0.30904      0.3098      0.31458      0.31231      0.30857      0.31083      0.31346      0.31284      0.30804      0.31029      0.31309      0.31277      0.30834      0.30996      0.31208      0.31175
      22      65      3      HE      0.20126      -26.694      -52.961      -198.69      0.16752      -30.047      -39.095      -283.94      0.20338      -28.519      -53.461      -312.49      0.10117      -27.325      -31.955      -351.73      0.31182      0.30966      0.30827      0.31069      0.31136      0.3109      0.30795      0.31061      0.31141      0.31049      0.30734      0.31039      0.31123      0.3102      0.30705      0.30968
      24      65      3      HE      -1.2743      10.6275      21.8604      184.772      -1.4078      7.08888      31.5893      251.442      -1.3059      11.3848      36.1277      41.4181      -1.4155      9.07382      46.5694      65.1492      0.30872      0.31557      0.31099      0.3062      0.30841      0.31663      0.30974      0.30545      0.30796      0.31572      0.30929      0.306      0.3078      0.31601      0.30869      0.30545
      24      65      2      HE      0.68924      -4.7333      3.97542      39.847      0.62277      -2.1708      27.9068      80.8574      0.68771      -4.8852      6.71944      80.2155      0.58784      -3.9269      19.8354      127.109      0.30802      0.31433      0.31348      0.29988      0.30763      0.31457      0.31267      0.30025      0.30745      0.31428      0.31223      0.29949      0.30723      0.31399      0.31193      0.29935
      26      65      2      HE      0.54626      22.2746      23.2957      -86.92      0.5967      24.493      46.4599      -98.278      0.38436      19.4316      20.1805      -131.88      0.58111      21.0251      47.3464      -44.813      0.31164      0.31001      0.31539      0.30511      0.31099      0.31059      0.31395      0.3047      0.31097      0.30994      0.31419      0.30369      0.31043      0.30929      0.3133      0.30359
