#Linking QIE11 condition constant table...
#Printing QIE11 condition constant table! ShuntMode : 1.5
      29      63      1      HE      0.2614      -0.355      -6.3344      -215.29      -0.1876      -1.2378      -4.4284      -43.928      0.04185      0.15736      20.0475      -85.554      -0.1749      -0.6553      -2.203      -0.0515      0.20694      0.20824      0.20824      0.2057      0.2059      0.2087      0.20719      0.20386      0.20663      0.20831      0.20657      0.20432      0.20565      0.20787      0.20605      0.20318
      28      63      1      HE      -0.2529      0.57061      -11.766      -30.802      -0.7803      0.55641      -1.5173      -7.7479      -0.8473      -0.2134      2.07889      19.8694      0.32123      1.4817      4.63066      18.333      0.2078      0.20969      0.20785      0.20302      0.2072      0.21003      0.20723      0.20272      0.20742      0.20941      0.20707      0.20245      0.20654      0.20924      0.20681      0.20223
      18      63      2      HE      -0.1625      13.393      12.3697      53.4149      -0.3476      12.8978      25.6231      20.5677      -0.1057      14.0451      28.8723      31.1715      0.01269      13.1324      24.7071      1.9478      0.20814      0.20545      0.20358      0.20161      0.20762      0.20545      0.20306      0.20089      0.20825      0.20506      0.20328      0.20075      0.20731      0.20506      0.20226      0.201
      17      63      2      HE      0.31833      23.5185      15.7976      -100.34      0.35251      27.7589      32.4808      -119.27      0.31469      27.0147      44.27      -168.2      0.48214      27.322      32.5116      -124.12      0.20763      0.2078      0.20691      0.2022      0.20702      0.20762      0.2061      0.20342      0.20745      0.20766      0.20583      0.20312      0.20664      0.20737      0.2055      0.20221
      16      63      4      HE      0.17693      12.7832      9.74506      -26.418      0.03635      10.8526      19.6107      -51.296      0.20155      12.2814      9.28966      -127.22      -0.0527      12.2491      20.1204      -80.602      0.20664      0.20871      0.20301      0.20173      0.20635      0.20917      0.20265      0.20202      0.20661      0.20834      0.20269      0.20208      0.20599      0.20787      0.20206      0.20199
      29      63      2      HE      0.16592      -2.3075      -8.6473      -208.12      -0.1541      -0.4584      -10.433      -183.89      -0.0472      0.05933      -13.235      -219.59      -0.2039      -1.9609      -4.7839      -328.82      0.20744      0.20959      0.2093      0.20768      0.20719      0.20957      0.20878      0.20764      0.20727      0.20944      0.20873      0.20726      0.2064      0.20904      0.20822      0.20712
      28      63      2      HE      -0.1492      5.08851      6.91697      -142.58      -0.1072      6.09005      27.2728      -87.305      -0.3853      7.02962      16.3598      -95.335      -0.1276      4.8816      7.66426      -67.94      0.2063      0.2085      0.20848      0.21034      0.20603      0.2089      0.20772      0.20957      0.20636      0.20902      0.20725      0.20967      0.20677      0.20841      0.20746      0.21006
      28      63      5      HE      -0.3853      -10.737      -34.548      -230.63      -0.4518      -8.5825      -9.8682      -208.06      -0.3486      -12.598      -8.3096      -70.914      -0.6318      -10.117      -17.323      -147.69      0.20698      0.20837      0.20451      0.20528      0.20706      0.20857      0.20349      0.20534      0.20705      0.2084      0.20321      0.20484      0.20751      0.20798      0.20301      0.20512
      28      63      3      HE      0.15603      -11.021      -6.6816      -47.577      0.23729      -10.504      15.4926      103.203      0.18559      -9.064      18.0932      95.3434      0.20677      -11.415      21.62      97.6863      0.20714      0.20757      0.20753      0.20845      0.20747      0.2082      0.20607      0.20751      0.20696      0.20793      0.20559      0.20746      0.20775      0.20786      0.20506      0.20735
      28      63      7      HE      0.08765      11.509      18.0076      35.8111      0.11801      11.9175      15.4515      62.4387      0.02685      8.61919      8.59693      24.0503      0.15685      9.12537      31.498      13.1203      0.20824      0.20711      0.20749      0.20654      0.20835      0.20868      0.20645      0.20663      0.20786      0.20836      0.20659      0.20587      0.20873      0.20822      0.20612      0.2057
      26      63      7      HE      -0.1887      21.4871      0.19656      -190.46      0.16691      20.2776      3.02471      -276.08      0.03364      19.7748      3.45385      -141.6      0.15884      19.0992      20.419      -237.84      0.20692      0.20476      0.20304      0.20281      0.20715      0.20602      0.20195      0.20285      0.20674      0.20557      0.20183      0.20222      0.20746      0.20532      0.20162      0.20237
      28      63      6      HE      -0.2712      -2.7741      -23.311      -80.986      -0.1141      -2.3708      -10.335      -122.7      -0.2284      -1.2168      -22.189      -187.7      -0.1115      -2.27      -3.0857      0.77509      0.2078      0.20642      0.2087      0.20763      0.20805      0.2068      0.20851      0.20787      0.20724      0.20653      0.20745      0.20746      0.20837      0.20651      0.20774      0.207
      18      63      3      HE      -0.1463      -35.287      -64.394      -345.35      0.31173      -36.289      -48.218      -139.49      0.38532      -35.834      -54.734      -264.25      0.20039      -33.753      -63.568      -16.818      0.21065      0.20749      0.20311      0.2042      0.21061      0.20779      0.20201      0.20314      0.21002      0.2071      0.20153      0.20347      0.2105      0.20714      0.20099      0.20202
      28      63      4      HE      0.19777      -39.612      -34.878      -55.976      0.19253      -37.391      -30.282      -103.32      -0.8984      -39.427      -20.603      -115.42      0.20285      -37.212      -20.102      -105.18      0.20773      0.20541      0.20638      0.20214      0.20743      0.20544      0.20563      0.20181      0.20743      0.20471      0.20506      0.20166      0.20702      0.20471      0.20509      0.20156
      17      63      3      HE      0.22004      -34.677      -55.383      -130.93      0.05856      -31.622      -15.928      -126.71      0.4064      -30.767      -56.611      -132.23      0.20677      -31.359      -39.786      -133.28      0.20824      0.20751      0.20708      0.20577      0.20769      0.20642      0.20559      0.20421      0.20822      0.20624      0.206      0.20471      0.20771      0.20612      0.20566      0.20454
      18      63      5      HE      0.36108      -35.213      -40.663      -132.81      0.07023      -35.074      -21      -20.697      0.16228      -35.326      -20.027      -30.188      0.01024      -33.856      -22.546      -26.751      0.20775      0.20619      0.2104      0.20988      0.2076      0.2061      0.2091      0.20849      0.20807      0.20586      0.20871      0.20896      0.2074      0.20516      0.20845      0.2084
      18      63      1      HE      -0.1111      -37.005      -67.466      27.2336      -0.0154      -37.02      -41.072      139.898      0.0294      -34.61      -52.248      138.428      0.03545      -34.352      -49.57      223.872      0.2062      0.21215      0.20856      0.2062      0.2063      0.21214      0.20702      0.20537      0.20675      0.21185      0.20728      0.20485      0.20588      0.211      0.20689      0.20454
      18      63      4      HE      0.43115      -30.919      -27.59      24.9162      0.28309      -30.122      -11.082      49.2704      0.29751      -27.606      -11.44      80.8125      0.18955      -29.432      -25.147      -139.94      0.20919      0.20957      0.20879      0.21156      0.20874      0.20897      0.20831      0.21158      0.20906      0.20865      0.20786      0.21113      0.20849      0.20827      0.20761      0.21147
      18      64      1      HE      0.18918      7.75322      19.9364      -86.22      -0.154      6.323      24.7569      -0.6047      0.21976      6.2531      24.5095      85.3476      -0.0477      4.92626      21.5757      42.1491      0.20595      0.20719      0.20999      0.2092      0.20515      0.20774      0.20844      0.20872      0.20484      0.20748      0.20806      0.20705      0.20504      0.20771      0.20796      0.20839
      18      64      4      HE      0.39203      9.37041      19.2755      -149.24      0.11057      9.14437      37.1151      19.0221      0.31617      10.4678      36.9905      2.71956      0.38165      7.26159      41.161      -40.37      0.20477      0.20565      0.20755      0.20693      0.20366      0.20562      0.20633      0.20709      0.20404      0.2055      0.20599      0.20668      0.20369      0.20574      0.20576      0.20636
      18      64      5      HE      0.30709      -4.931      15.5659      96.5104      0.05528      -5.5808      22.0366      97.5668      0.28928      -4.3979      2.61506      87.02      0.16136      -6.7731      13.6744      154.731      0.20439      0.20802      0.20916      0.20836      0.20337      0.20852      0.20819      0.20753      0.20377      0.20827      0.20853      0.2071      0.20369      0.20817      0.20811      0.20675
      17      64      3      HE      0.34869      -4.3692      15.8309      135.438      0.27487      -3.8632      6.07871      248.052      0.58176      -4.8288      11.0485      175.248      0.4208      -4.2968      29.1456      0.13716      0.20599      0.20679      0.20552      0.20368      0.20509      0.20695      0.20444      0.20325      0.20569      0.20691      0.20442      0.20329      0.20529      0.20678      0.2043      0.20313
      27      63      4      HE      -0.6577      19.1537      25.8353      128.382      0.26252      21.4517      42.2643      236.319      -0.667      19.1595      40.3516      217.399      0.25806      18.4285      40.767      229.336      0.20503      0.20828      0.20661      0.20527      0.20457      0.20891      0.20564      0.20413      0.20475      0.20855      0.20522      0.20387      0.20455      0.20817      0.20499      0.20426
      18      64      3      HE      0.37753      3.19846      5.52863      84.5364      0.39468      3.90506      23.9824      37.7493      0.44653      2.51333      17.7605      95.085      0.47931      6.33316      22.5389      70.6447      0.20698      0.21002      0.20559      0.20665      0.20641      0.21003      0.20462      0.20759      0.20643      0.20984      0.20442      0.20664      0.20642      0.20947      0.2041      0.20695
      27      63      7      HE      0.12486      -51.221      -79.288      -246.13      0.31462      -49.222      -60.36      -168.87      0.39249      -48.781      -57.958      -167.69      0.24438      -48.38      -57.069      -250.25      0.21057      0.21645      0.20902      0.20542      0.21054      0.21583      0.20722      0.20419      0.2097      0.21527      0.20684      0.20409      0.2103      0.21545      0.20696      0.20426
      27      63      3      HE      -0.0342      -24.792      -41.949      -66.308      0.29421      -24.567      -31.827      108.443      -0.0103      -24.751      -28.931      -73.923      0.07812      -26.303      -13.943      -100.09      0.20478      0.20438      0.20437      0.20567      0.20468      0.20484      0.20326      0.2048      0.20474      0.20455      0.20296      0.20557      0.20451      0.20487      0.20281      0.20564
      27      63      5      HE      0.20354      -10.942      -24.15      -116.2      0.08143      -13.827      -10.708      129.242      0.23732      -11.73      -8.4431      -59.051      0.05428      -14.298      -10.557      -17.148      0.20607      0.20847      0.20875      0.20674      0.20589      0.20919      0.20682      0.20543      0.2058      0.20872      0.20613      0.20574      0.20552      0.20845      0.20625      0.20538
      27      63      6      HE      0.08467      -15.757      -11.548      -148.7      -0.0881      -15.285      -4.1411      -164.33      -0.0507      -13.725      -21.616      -102.32      0.00527      -17.824      -8.7239      -234.22      0.20798      0.21037      0.20726      0.20162      0.20796      0.21092      0.20632      0.20159      0.20815      0.21064      0.20615      0.20128      0.20756      0.21043      0.20614      0.20126
      29      63      3      HE      0.12493      -11.273      -22.941      -65.71      0.09558      -8.2079      6.4647      201.084      0.20386      -7.5724      12.1792      -22.339      0.13023      -10.111      -5.4997      38.1352      0.20369      0.20582      0.20279      0.19912      0.2034      0.20456      0.20133      0.19823      0.20372      0.20437      0.20112      0.19885      0.20336      0.20445      0.20117      0.19849
      27      63      1      HE      0.48946      -34.185      -22.791      111.014      0.1913      -37.386      -6.7148      61.9653      0.40693      -38.154      -19.3      117.898      0.42788      -36.478      -15.922      179.214      0.20728      0.2062      0.20642      0.20922      0.20676      0.20732      0.20558      0.20969      0.20611      0.20664      0.20533      0.20832      0.20667      0.20666      0.20501      0.20812
      18      64      2      HE      0.1102      -34.391      -28.469      -10.135      -0.2543      -36.507      -22.302      -87.491      0.04374      -36.329      -26.913      -132.01      0.06824      -39.074      -24.217      8.24239      0.20667      0.20734      0.20358      0.20471      0.20614      0.20776      0.20297      0.20496      0.20597      0.20727      0.20281      0.20475      0.20563      0.20713      0.20269      0.2039
      17      64      2      HE      0.39183      -40.831      -55.844      -198.4      0.24054      -41.839      -37.666      -245.86      0.26945      -43.456      -38.672      -221.02      0.01525      -45.155      -42.256      -200.21      0.20493      0.20426      0.20692      0.20848      0.20412      0.205      0.20626      0.20804      0.20361      0.20461      0.20602      0.2072      0.20409      0.20483      0.20578      0.20775
      16      64      4      HE      0.4347      -34.097      -39.796      -52.732      -0.0999      -37.45      -24.424      -55.99      0.31609      -37.723      -29.35      -58.786      -0.001      -37.216      -19.262      -12.64      0.20561      0.20705      0.20415      0.20264      0.2046      0.20829      0.20346      0.20166      0.20464      0.20769      0.2028      0.20138      0.20449      0.2075      0.20313      0.20152
      27      63      2      HE      -0.1251      -33.384      -5.3711      31.5212      -0.073      -36.434      6.6862      145.79      -0.0402      -37.333      -5.2222      45.1042      0.27645      -34.475      -8.8379      118.486      0.20479      0.20603      0.20402      0.19772      0.20407      0.20664      0.20371      0.19801      0.20408      0.20655      0.2033      0.1976      0.20379      0.20627      0.20309      0.1968
      27      65      1      HE      0.46573      -44.66      -41.054      -154.94      0.52609      -46.657      -38.896      -123.34      0.43204      -47.786      -54.648      -88.441      0.14878      -46.918      -46.614      -91.557      0.20749      0.21208      0.20509      0.21009      0.20746      0.21204      0.20444      0.20962      0.20684      0.21154      0.2039      0.2093      0.20698      0.2111      0.20367      0.20872
      18      65      2      HE      0.5392      -22.021      3.1154      -41.629      0.49062      -17.241      -12.924      -96.505      -0.4751      -19.39      -2.8104      -134.81      -0.8141      -21.081      -26.997      -105.57      0.20617      0.20702      0.20611      0.20476      0.20577      0.2057      0.20572      0.20503      0.2054      0.20534      0.20521      0.2051      0.20477      0.20486      0.20546      0.20491
      17      65      2      HE      0.46903      -21.495      -26.414      -90.135      0.27532      -21.376      -17.381      -82.285      0.36991      -22.556      -12.936      -139.08      0.0048      -22.936      -17.741      -87.003      0.20447      0.20212      0.20745      0.20166      0.20416      0.20152      0.2066      0.20198      0.20423      0.20157      0.20574      0.20159      0.20349      0.20174      0.20584      0.20123
      16      65      4      HE      0.33695      -36.551      -40.383      -255.19      0.46268      -38.369      -27.355      -196.34      0.42618      -38.626      -28.795      -182.19      0.34273      -41.908      -28.856      -377.5      0.20632      0.20673      0.2039      0.20659      0.20585      0.20743      0.20308      0.20688      0.206      0.20708      0.20287      0.20655      0.20548      0.20725      0.20281      0.20657
      27      65      2      HE      0.49069      -43.715      -35.371      -193.73      0.5204      -41.474      -19.071      -190.37      0.40314      -40.577      -27.491      -303.33      0.53009      -44.891      -16.072      -337.69      0.20448      0.20582      0.20701      0.2019      0.20414      0.2056      0.20592      0.20224      0.20422      0.20521      0.20567      0.20239      0.20317      0.20592      0.20532      0.20249
      27      65      5      HE      0.51674      -5.5033      5.05808      69.0604      0.76193      -2.0213      17.1005      -13.449      0.05323      -1.578      19.2941      -0.693      0.23219      -5.1451      18.3134      125.591      0.20791      0.20943      0.21123      0.20982      0.20893      0.20898      0.20998      0.20963      0.20689      0.2078      0.2093      0.2092      0.20663      0.20815      0.20919      0.20889
      27      65      3      HE      -0.667      1.03877      -2.5103      145.186      -0.6202      1.44969      20.5286      106.478      -0.5247      2.22303      10.1704      59.9803      -0.5356      2.65335      11.9808      -4.5784      0.20816      0.20934      0.21126      0.20609      0.20876      0.20878      0.21036      0.20683      0.20655      0.20817      0.20999      0.20614      0.20626      0.20748      0.20997      0.20656
      27      65      7      HE      0.09992      -4.635      -9.4178      -62.307      -0.3119      -2.8515      2.30618      -83.727      -0.3696      -6.452      -15.304      -47.355      0.01592      -3.4038      3.6289      -57.625      0.21056      0.21436      0.21125      0.20927      0.21154      0.214      0.21043      0.209      0.21052      0.2137      0.21064      0.20898      0.21018      0.21375      0.2098      0.20887
      29      65      3      HE      0.66093      -4.4751      -6.6952      148.871      0.54153      -1.4993      -10.302      74.8415      0.482      -2.4035      6.30824      -16.867      0.43715      -1.617      6.40599      7.95986      0.20977      0.2096      0.21144      0.20567      0.21073      0.20821      0.21075      0.20668      0.20923      0.2079      0.21046      0.20608      0.20892      0.20768      0.2103      0.20591
      27      65      6      HE      0.58332      -8.8914      -16.19      -135.63      0.62207      -6.8383      -19.005      -151.06      0.47274      -6.7345      -5.6926      -127.2      0.54276      -7.0895      2.68408      -84.581      0.21137      0.20929      0.21068      0.20511      0.21195      0.20844      0.21009      0.20474      0.21021      0.20797      0.20929      0.20442      0.21033      0.2074      0.20915      0.20416
      18      65      3      HE      0.2264      -44.064      -43.224      92.2717      0.49715      -43.327      -32.176      -1.1125      0.13033      -42.433      -27.331      79.8057      0.17201      -44.185      -28.831      -168.66      0.20802      0.20927      0.21144      0.2057      0.20872      0.20894      0.21043      0.20654      0.20785      0.2083      0.21021      0.20584      0.20794      0.2084      0.21028      0.20654
      27      65      4      HE      0.1913      -18.179      -21.247      -58.625      0.26326      -13.457      7.4776      41.533      0.14183      -16.344      -1.4826      59.6073      0.20883      -15.445      -1.4681      116.385      0.20331      0.20689      0.20383      0.20153      0.20413      0.20669      0.20278      0.20068      0.20359      0.20655      0.20226      0.20022      0.2025      0.20631      0.20257      0.19887
      17      65      3      HE      0.40445      -22.218      -9.897      -136.34      0.4418      -12.142      -17.71      -105.82      0.37266      -18.299      -3.938      -105.5      -0.6954      -22.094      -20.118      -51.384      0.20656      0.20939      0.20724      0.20991      0.20699      0.20701      0.20631      0.20962      0.20622      0.20803      0.20581      0.20948      0.20552      0.20828      0.20611      0.20852
      18      65      5      HE      0.19492      -23.611      -43.183      -144.7      0.19406      -24.023      -16.605      -69.923      0.07701      -24.542      -30.096      -113.91      0.09359      -23.882      -12.882      -87.776      0.20839      0.20667      0.20798      0.2104      0.20936      0.20703      0.207      0.21045      0.20881      0.20652      0.20707      0.20925      0.20802      0.20606      0.20656      0.20973
      18      65      1      HE      0.22853      -38.014      -33.031      14.7406      0.49789      -35.18      -29.483      63.8468      0.39155      -37.755      -33.014      16.4084      0.23295      -37.101      -39.62      -23.109      0.20736      0.2107      0.20587      0.20858      0.20773      0.20989      0.20556      0.20835      0.20723      0.21006      0.20457      0.20803      0.20648      0.20985      0.20412      0.20779
      18      65      4      HE      0.15186      -39.486      -27.337      190.967      0.15358      -39.341      -7.9158      58.3742      0.37639      -37.148      -22.173      35.2605      0.32642      -39.465      -25.734      57.3735      0.20598      0.20535      0.20917      0.20307      0.20621      0.20511      0.2085      0.20219      0.20594      0.20465      0.20832      0.20241      0.20508      0.20474      0.20822      0.20253
      18      66      1      HE      -1.5167      -14.981      -31.929      -36.699      0.95606      -9.827      -5.7893      -61.962      -1.0044      -14.408      -7.5153      43.6241      -0.6324      -13.26      -1.159      118.775      0.20818      0.2092      0.20783      0.20136      0.20811      0.20899      0.20565      0.20112      0.20648      0.20836      0.20562      0.20053      0.20764      0.20836      0.20547      0.20041
      18      66      4      HE      0.10925      2.75986      12.6302      245.463      0.17294      2.54785      24.5666      244.083      -0.7198      0.7546      16.1875      250.798      -0.9116      2.17872      29.2759      283.831      0.20896      0.21155      0.21494      0.20366      0.20904      0.21261      0.21433      0.20381      0.20798      0.21197      0.214      0.2032      0.20822      0.21197      0.21389      0.20323
      18      66      5      HE      0.50365      -13.442      -41.972      -405.04      0.56537      -16.083      -23.346      -62.321      -0.0916      -15.913      -24.654      -142.08      0.42432      -16.81      -6.452      -275.36      0.20826      0.21185      0.20839      0.21041      0.20813      0.21265      0.2073      0.2094      0.20734      0.21188      0.2064      0.20903      0.20738      0.21189      0.20621      0.20922
      17      66      3      HE      -0.4999      8.1949      29.9426      -54.582      0.25208      10.7235      27.0122      53.8035      -0.9425      6.98083      34.5146      135.736      0.40414      10.8731      17.4407      47.5      0.20854      0.21097      0.20994      0.21048      0.20854      0.21106      0.20876      0.21018      0.20716      0.21049      0.20846      0.20966      0.20728      0.21038      0.20824      0.20995
      28      65      4      HE      0.60182      -4.4655      -2.7136      118.52      0.68532      -5.132      -11.496      103.178      0.23071      -7.4246      2.89759      -138.52      0.50867      -7.0926      -5.1119      -111.29      0.20689      0.20903      0.20919      0.20449      0.20694      0.21025      0.20887      0.20508      0.20552      0.20936      0.20803      0.20471      0.20587      0.20942      0.20812      0.2051
      18      66      3      HE      0.49839      12.6658      -0.0648      -167.67      0.25437      8.73231      3.83387      -138.36      0.18019      8.63602      -11.604      -47.177      0.40761      9.65031      -6.8326      -82.933      0.20584      0.20588      0.20839      0.20448      0.20587      0.20685      0.20722      0.20391      0.20491      0.20661      0.20736      0.20368      0.20513      0.20656      0.20734      0.20322
      28      65      7      HE      0.05694      -38.695      -32.106      41.9439      0.03754      -39.132      -37.961      19.3015      0.31994      -39.386      -36.418      77.7587      0.09251      -40.542      -22.664      100.611      0.20281      0.20257      0.19788      0.2061      0.20274      0.20302      0.19755      0.20606      0.20242      0.20279      0.19741      0.20601      0.20265      0.20262      0.197      0.20533
      28      65      3      HE      0.21122      -39.98      -51.275      -207.78      -0.0459      -42.972      -37.949      -180.04      0.22821      -42.761      -36.239      -198.13      -0.0864      -41.991      -35.103      -150.91      0.20926      0.21327      0.21205      0.2126      0.20932      0.21431      0.21051      0.21163      0.20903      0.2138      0.21031      0.21139      0.20919      0.21355      0.2106      0.21152
      28      65      5      HE      0.35757      -31.533      -43.88      -44.486      0.16951      -31.292      -20.419      -294.7      0.28394      -33.166      -29.539      -113.25      0.14404      -31.579      -18.57      -360.88      0.20624      0.20903      0.21145      0.20875      0.2065      0.20918      0.21084      0.20947      0.2058      0.20908      0.21001      0.20914      0.20605      0.20884      0.20976      0.20973
      28      65      6      HE      -0.2363      -32.492      -38.891      -321.46      -0.0239      -29.645      -44.156      -266.67      -0.1049      -30.558      -38.931      -238.62      -0.0648      -30.476      -33.662      -318.74      0.20962      0.21275      0.21191      0.20814      0.20957      0.21231      0.21097      0.20799      0.20928      0.21217      0.21082      0.20766      0.20956      0.21216      0.21078      0.20775
      26      65      7      HE      0.43015      -33.054      -33.756      -116.57      0.59679      -35.166      -2.0593      -7.821      0.4564      -34.595      -10.054      -38.183      0.54408      -36.315      2.05657      0.22425      0.20945      0.21305      0.21175      0.20907      0.20949      0.21368      0.21011      0.2083      0.209      0.21321      0.20949      0.20821      0.20923      0.21317      0.20944      0.2081
      28      65      2      HE      0.07667      -36.525      -41.044      -24.286      0.13231      -38.985      -42.359      -92.801      0.32478      -37.781      -38.042      -5.6193      0.34909      -35.864      -36.626      -40.689      0.20793      0.21208      0.20891      0.20783      0.20816      0.21258      0.20872      0.20866      0.20761      0.21218      0.20843      0.20829      0.20771      0.21218      0.20816      0.20771
      29      65      1      HE      0.08848      8.2379      24.5677      -113.12      0.50267      14.0989      25.0973      46.9459      0.44689      8.73712      38.3422      -66.695      0.43585      8.625      38.3789      33.8273      0.20373      0.20671      0.20891      0.20168      0.20352      0.20495      0.2078      0.20062      0.20328      0.20563      0.20785      0.2008      0.20305      0.2056      0.20755      0.20028
      28      65      1      HE      0.04375      -8.1761      -22.114      -198.51      0.23492      -6.697      -27.307      -296.05      0.18213      -5.4938      -14.147      -266.24      0.04971      -4.0751      -19.066      -264.77      0.20166      0.20502      0.20611      0.20584      0.20132      0.20456      0.20496      0.20557      0.20112      0.20383      0.20469      0.20499      0.201      0.20368      0.20447      0.20495
      18      66      2      HE      0.14585      4.79951      10.3363      -72.947      0.48595      6.77491      9.23383      -71.449      0.52027      6.22909      12.1343      -27.766      0.17322      6.42129      -0.539      -61.409      0.2046      0.20654      0.20566      0.20495      0.20438      0.20643      0.20459      0.2044      0.20372      0.20621      0.20406      0.20376      0.20388      0.20609      0.2043      0.20393
      17      66      2      HE      -0.0612      -8.1991      -19.233      -219.53      0.07471      -6.5071      -1.2287      -219.98      -0.1526      -5.9997      -0.7365      -261.98      -0.0112      -6.9394      3.5757      -178.08      0.20737      0.20787      0.20931      0.20504      0.20703      0.207      0.2077      0.2047      0.20672      0.2067      0.20781      0.20485      0.20679      0.20667      0.20742      0.20435
      16      66      4      HE      0.10839      6.00133      -11.733      -152.36      0.15712      9.43924      12.6728      -240.52      0.22467      8.02322      18.9427      -195.04      -0.1052      5.68492      15.7152      -192.5      0.20364      0.20542      0.20872      0.201      0.20335      0.20431      0.2074      0.20087      0.20325      0.20416      0.20669      0.20047      0.20288      0.20441      0.20684      0.19961
      29      65      2      HE      0.31124      -18.545      -12.516      99.0637      0.12172      -14.821      6.66308      -16.003      0.08397      -15.911      -4.0895      -50.562      -0.053      -16.644      6.31722      -10.483      0.20578      0.20574      0.21197      0.20241      0.20556      0.20464      0.21065      0.20255      0.20525      0.2045      0.21038      0.20249      0.20494      0.20449      0.20998      0.20228
      19      63      2      HE      -0.0226      0.79982      -14.666      -349.18      -0.0725      2.01123      6.06884      -312.9      0.00404      2.57951      -3.9682      -335.29      -0.0704      -0.9052      2.70059      -387.55      0.20372      0.20272      0.19914      0.20228      0.20374      0.20299      0.1982      0.20234      0.20266      0.20279      0.19777      0.20189      0.20297      0.20287      0.19765      0.20181
      20      63      3      HE      0.09306      -2.3816      -5.1215      -78.393      0.28014      -1.7093      27.6077      19.5913      0.26792      -2.0436      5.24317      6.78349      0.31395      -1.1244      24.1886      81.5538      0.19853      0.20367      0.20237      0.2032      0.19852      0.20472      0.20123      0.20204      0.19795      0.20403      0.20095      0.20218      0.19816      0.20406      0.20058      0.2019
      22      63      3      HE      -0.0437      -11.061      -16.832      -82.588      -0.0712      -13.88      -12.196      -104.16      -0.1079      -12.199      -3.3781      -345.44      0.08201      -14.297      -16.479      -103.69      0.20401      0.20364      0.2027      0.20148      0.20416      0.20469      0.20148      0.20151      0.20352      0.20382      0.2012      0.20191      0.20363      0.20369      0.20159      0.20151
      24      63      3      HE      0.09917      -26.876      -50.597      -261.29      0.13184      -26.675      -36.197      -392.56      0.03036      -29.298      -46.054      -324.48      0.19849      -26.526      -37.752      -318.82      0.20107      0.20071      0.19796      0.19329      0.2015      0.20186      0.19707      0.19387      0.20069      0.20142      0.19623      0.19299      0.20113      0.20143      0.19642      0.19325
      24      63      2      HE      0.41487      -6.5413      14.1791      89.2065      -0.0295      -7.851      19.5288      -70.409      0.11523      -6.3873      16.6824      110.803      0.44829      -4.3199      25.0109      -64.329      0.20181      0.20298      0.1996      0.19942      0.20244      0.20377      0.19875      0.19924      0.20141      0.20346      0.19843      0.19849      0.2016      0.20312      0.19826      0.19892
      26      63      2      HE      0.27469      -1.6204      3.08981      138.736      0.25026      1.86873      16.7075      -27.262      0.09905      -0.7384      1.98491      -56.502      0.27755      -1.1403      16.3061      -42.338      0.20187      0.20198      0.20046      0.19872      0.20187      0.20171      0.19951      0.19897      0.20112      0.20174      0.19974      0.199      0.20119      0.2016      0.19921      0.19871
      24      63      6      HE      0.18144      2.37569      -2.9433      25.4847      0.14847      0.77797      24.0608      7.25385      0.25962      1.91566      13.5851      150.748      0.25521      -0.0251      12.055      172.391      0.20534      0.20651      0.20292      0.20474      0.20535      0.20712      0.20117      0.20468      0.20519      0.20684      0.20098      0.20394      0.2043      0.20687      0.20083      0.20384
      24      63      5      HE      0.15279      13.6949      11.3414      1.57265      -0.1811      13.2187      18.8971      1.87102      0.04926      12.8417      35.1908      102.995      0.0693      10.7732      14.8111      28.6691      0.20329      0.20525      0.20193      0.19688      0.20308      0.2055      0.20043      0.19561      0.20286      0.20548      0.20021      0.19531      0.20223      0.20517      0.19979      0.19536
      26      63      5      HE      0.10238      20.3173      3.66163      49.443      0.10535      22.1362      40.3158      21.2855      0.08893      18.4561      20.4397      -83.568      0.01038      19.6696      11.2765      9.07041      0.20454      0.20601      0.2047      0.20442      0.20462      0.20665      0.2036      0.20427      0.20401      0.20647      0.20311      0.20359      0.20375      0.20628      0.20285      0.20347
      26      63      6      HE      0.30287      -7.4631      -15.374      -115.33      0.22916      -7.7574      2.60978      -70.078      0.21661      -7.2705      -3.1947      -18.656      0.25906      -7.8221      16.7525      -46.369      0.20583      0.20675      0.2036      0.19925      0.20558      0.20693      0.20282      0.19875      0.20534      0.20661      0.20253      0.19822      0.20486      0.20634      0.20206      0.19838
      19      63      3      HE      0.15523      -10.53      -9.9891      117.495      0.33637      -11.825      6.30662      155.886      -0.26      -13.01      6.96474      7.66162      0.21081      -10.284      -6.8696      199.724      0.20612      0.20701      0.20436      0.20203      0.20629      0.20739      0.20404      0.20122      0.20546      0.2065      0.20325      0.20104      0.20484      0.2062      0.20346      0.20108
      26      63      3      HE      0.12182      7.40244      6.50662      -18.022      0.10083      7.01234      3.45934      46.7279      0.08399      8.26656      20.5319      117.893      0.04134      6.3345      25.7014      129.127      0.20498      0.20545      0.20607      0.19729      0.20481      0.20516      0.20517      0.19662      0.20426      0.20484      0.20459      0.19625      0.20366      0.20479      0.20445      0.19602
      19      63      5      HE      0.02267      -37.394      -50.386      -101.12      0.13943      -39.255      -49.503      -131.78      0.29604      -38.336      -29.396      -150.04      0.19617      -39.116      -39.731      -164.61      0.20656      0.20668      0.20511      0.19752      0.20675      0.20726      0.20489      0.19746      0.20679      0.20675      0.20412      0.19658      0.20649      0.20677      0.20433      0.1972
      26      63      4      HE      0.38488      -39.228      -42.866      -139.77      0.4776      -38.231      -15.889      -79.915      0.24222      -38.21      -26.915      -64.619      0.0907      -40.503      -8.754      -57.919      0.20359      0.20654      0.20126      0.21178      0.20374      0.20636      0.19987      0.21107      0.20393      0.20626      0.19927      0.21076      0.20326      0.20624      0.19916      0.21081
      20      63      6      HE      -0.6574      -26.615      -12.104      46.211      -0.5437      -28.497      1.21976      189.916      -0.7399      -28.823      5.78611      144.419      -0.1937      -29.761      -2.4644      142.248      0.20408      0.20895      0.20697      0.20842      0.20456      0.21019      0.20629      0.20774      0.20437      0.20981      0.20581      0.20775      0.20385      0.20956      0.20598      0.20784
      20      63      5      HE      0.27213      -29.97      -47.535      -144.46      0.06732      -31.636      -44.121      -132.91      -0.0318      -31.125      -42.398      -136.55      0.39534      -29.69      -39.534      -153.14      0.20324      0.20665      0.20566      0.20692      0.20335      0.2073      0.20518      0.20661      0.20378      0.207      0.20507      0.20606      0.20326      0.20672      0.20471      0.20582
      22      63      5      HE      -0.0553      -34.676      -59.631      -264.74      0.28949      -32.484      -23.696      -205.75      -0.1128      -35.506      -33.811      -158.41      -0.0386      -36.498      -23.366      -41.358      0.20092      0.20816      0.20378      0.20589      0.20119      0.20863      0.20241      0.20575      0.20145      0.20885      0.20251      0.20528      0.20116      0.20842      0.20217      0.20451
      22      63      6      HE      -0.1043      -36.056      -15.932      -19.675      -0.1107      -35.236      -29.2      152.297      -0.0812      -34.73      -16.797      104.792      0.25338      -36.415      -18.158      231.011      0.20331      0.20529      0.20358      0.20723      0.20344      0.20573      0.20289      0.20603      0.20361      0.20529      0.20254      0.20557      0.20342      0.20556      0.20256      0.20393
      19      63      1      HE      0.30582      -11.723      -1.2212      -152.83      0.39601      -13.805      11.1103      -72.661      0.1936      -12.85      33.8411      -49.489      0.28459      -13.896      28.203      -28.012      0.2059      0.20556      0.20732      0.19946      0.20533      0.2065      0.20604      0.19861      0.20551      0.20621      0.20534      0.19898      0.20482      0.20612      0.20534      0.19877
      20      63      1      HE      0.07186      -13.644      3.59668      65.7455      0.20025      -14.167      -0.0538      96.0302      0.16175      -13.455      22.4793      -55.711      0.17696      -13.472      11.0055      -56.792      0.20488      0.20432      0.20722      0.20576      0.20436      0.20548      0.2063      0.20557      0.20481      0.20513      0.20582      0.20539      0.20371      0.20523      0.20585      0.2053
      22      63      1      HE      -0.4835      2.54324      18.9393      64.8064      -0.3645      1.43285      21.8617      200.46      -0.593      0.09517      11.4693      96.979      -0.8286      -3.0444      20.1884      197.852      0.20741      0.20993      0.20331      0.20367      0.20694      0.21126      0.20275      0.20338      0.20708      0.21122      0.202      0.20348      0.20607      0.21087      0.20217      0.20303
      24      63      1      HE      0.2924      -17.699      -28.787      -58.067      0.04739      -17.46      -15.98      -207.22      -0.0006      -15.335      -22.983      -20.777      0.07732      -20.001      -27.108      -153.41      0.20479      0.20821      0.20451      0.20839      0.20419      0.20869      0.2038      0.20889      0.20468      0.20828      0.20369      0.20827      0.20352      0.20822      0.20326      0.20857
      19      63      4      HE      -0.3037      1.73768      9.90495      -2.8396      0.30281      1.34448      13.1361      125.391      0.30036      -0.1272      25.2343      292.921      -0.4765      -0.6067      5.55158      99.0953      0.20374      0.20613      0.20143      0.20361      0.20312      0.20659      0.20088      0.20351      0.20335      0.20626      0.20051      0.2026      0.20245      0.20611      0.2002      0.20302
      26      63      1      HE      0.48451      -6.3132      4.30363      205.51      0.28091      -8.0581      -0.4583      138.327      0.39002      -10.144      20.9257      134.229      0.36176      -7.8658      0.24278      367.482      0.20715      0.2065      0.20431      0.20296      0.20658      0.20742      0.20358      0.2024      0.20681      0.20702      0.20316      0.20256      0.20567      0.20672      0.20292      0.20125
      19      63      6      HE      0.48104      8.21491      14.0803      82.0776      0.38322      7.0631      25.1952      45.8803      -0.0858      2.47212      25.5948      -2.2686      -0.3772      2.22089      17.6047      52.6963      0.21133      0.2128      0.21409      0.20648      0.20935      0.21355      0.21321      0.20719      0.2097      0.21333      0.21304      0.20637      0.21001      0.21349      0.21283      0.20715
      24      63      4      HE      0.34463      6.99736      8.09769      122.032      0.28981      5.66331      22.8296      151.781      0.60658      4.71376      22.5558      123.286      0.38664      5.01214      28.6224      -11.459      0.21052      0.20955      0.21273      0.2054      0.20855      0.20981      0.21231      0.20514      0.20944      0.20961      0.21192      0.20577      0.20911      0.20968      0.21127      0.20525
      22      63      2      HE      0.19039      -3.5724      1.19527      59.4738      0.16871      -4.5278      10.5105      35.1203      0.51212      -1.9444      18.1887      34.9001      0.13069      -4.4484      14.4922      89.7618      0.21037      0.21276      0.20862      0.20977      0.20799      0.21298      0.20765      0.20913      0.20918      0.21293      0.20753      0.20899      0.20884      0.21268      0.20747      0.20851
      20      63      2      HE      0.42175      -1.5208      4.75676      -47.152      0.18924      -3.8969      1.50369      -51.186      0.49487      -4.139      13.9208      -6.8776      0.29164      -3.7728      10.1422      -4.8204      0.20937      0.20897      0.20463      0.20875      0.20749      0.20957      0.20451      0.20854      0.20903      0.20914      0.20442      0.20811      0.20871      0.20935      0.20355      0.20831
      22      63      4      HE      -0.4887      15.4149      14.9819      -37.612      -0.6165      11.9107      44.1019      -33.08      -0.5251      12.6245      46.7836      -72.111      -0.3115      11.7537      30.4495      -59.916      0.2111      0.21005      0.20416      0.20398      0.20957      0.21101      0.20344      0.20313      0.21048      0.21089      0.20299      0.20301      0.21008      0.21076      0.20284      0.20275
      20      63      4      HE      0.41195      -0.5152      4.86925      -193.58      0.16838      -1.1892      0.58119      -267.69      0.30917      -1.4608      0.94819      -231      0.54743      -2.5099      4.07395      -338.14      0.21323      0.21032      0.20974      0.2032      0.21112      0.21032      0.20877      0.20334      0.21201      0.21025      0.20824      0.20293      0.2118      0.21031      0.20809      0.20297
      19      64      5      HE      -0.1001      -16.674      -35.65      -189.45      -0.1587      -14.005      2.38504      -232.52      -0.1467      -12.372      -7.3284      -129.07      -0.0836      -12.289      -4.957      -151.27      0.20439      0.2038      0.20552      0.2058      0.20441      0.20273      0.20415      0.20564      0.20392      0.20244      0.20428      0.20531      0.20334      0.20229      0.2041      0.20439
      19      64      6      HE      0.0728      -6.7469      -18.87      -49.151      0.15818      -4.1751      -6.411      -4.5023      0.37645      -3.5857      5.35845      171.749      0.23206      -4.9903      -1.4089      65.1974      0.2049      0.20565      0.20062      0.20005      0.20457      0.20505      0.1998      0.19907      0.20437      0.20483      0.19979      0.19842      0.20395      0.20488      0.1989      0.19863
      21      63      2      HE      0.29772      -2.7601      6.78746      -150.84      0.18364      -2.4013      19.997      -36.708      0.28935      -2.5671      23.149      -77.705      0.29272      -6.5178      11.5151      -112.4      0.20324      0.20407      0.20562      0.20308      0.20285      0.20398      0.20473      0.20294      0.20273      0.20384      0.2046      0.2027      0.20195      0.20399      0.20404      0.2022
      20      64      2      HE      0.11608      -13.042      -3.2543      -129.75      0.11128      -11.171      -4.2902      -183.14      0.16743      -11.546      2.96691      -191.67      0.1318      -11.461      2.14332      -164.03      0.20592      0.20489      0.20441      0.20009      0.20588      0.20427      0.20387      0.20074      0.20575      0.20423      0.20406      0.20052      0.20553      0.20403      0.20325      0.19967
      21      63      4      HE      0.19099      -4.7924      -12.519      27.3277      -0.2228      -1.4667      4.92909      15.3145      -0.2321      -5.3626      -6.4071      7.42713      0.26702      -5.3853      -18.789      -113.45      0.20575      0.20599      0.20606      0.20294      0.20576      0.20537      0.20603      0.20253      0.20511      0.20582      0.20588      0.20252      0.20502      0.20586      0.20583      0.2026
      20      64      4      HE      0.65511      -25.672      -26.535      -4.9407      0.36843      -23.792      0.43598      113.357      0.36478      -22.033      -6.697      115.586      -0.0131      -26.619      -29.887      139.056      0.20492      0.20319      0.20073      0.20046      0.20426      0.20249      0.19927      0.20022      0.20392      0.20218      0.19917      0.20001      0.2035      0.20256      0.19988      0.19931
      19      64      1      HE      0.04764      10.5209      15.2765      30.1898      -0.0449      5.45261      27.3782      67.1766      -0.1797      9.47102      15.4433      74.5784      0.18982      8.80909      17.6679      3.59119      0.20857      0.20831      0.20586      0.2089      0.20607      0.20846      0.20475      0.20847      0.20793      0.20814      0.20508      0.20832      0.2056      0.20815      0.20446      0.2084
      20      64      1      HE      0.24592      3.97635      12.9926      118.075      0.48348      2.12368      20.991      -9.517      0.16839      3.80584      27.4145      -73.279      0.00361      -0.5372      32.2605      -9.5901      0.2088      0.20847      0.20751      0.20976      0.20647      0.20924      0.20658      0.20949      0.2085      0.20909      0.2066      0.20944      0.20558      0.20911      0.20644      0.20927
      21      63      1      HE      0.06202      4.21299      1.33964      -46.78      -0.2204      0.19668      27.7639      76.8476      0.2252      0.21026      28.5566      157.454      -0.2525      3.15898      18.9426      -98.807      0.20719      0.20842      0.20709      0.20497      0.20506      0.20863      0.20573      0.20453      0.20737      0.20864      0.20576      0.2042      0.20442      0.20813      0.2057      0.20492
      23      63      1      HE      0.08499      3.19575      4.76762      61.4498      0.09519      2.65978      20.0843      15.6381      0.29416      5.02345      23.9186      26.4557      0.03526      2.92179      15.0439      41.0084      0.2075      0.20655      0.20662      0.20141      0.20547      0.20707      0.20616      0.20095      0.20712      0.20697      0.20582      0.20025      0.20509      0.20662      0.20535      0.20083
      19      64      4      HE      -0.5764      6.86274      27.5414      6.09195      0.15228      3.5186      30.8232      -9.4104      0.1855      3.96238      25.164      69.5363      0.16149      1.83951      23.2548      40.816      0.20622      0.20584      0.20836      0.2094      0.20447      0.20666      0.20789      0.20859      0.20574      0.20675      0.20781      0.20817      0.20366      0.2064      0.20726      0.20782
      25      63      1      HE      0.28191      22.9678      3.81678      -10.831      -0.0322      21.7695      16.8069      94.4039      0.30045      22.8391      16.625      -59.817      -0.009      20.5625      11.3612      -44.681      0.20691      0.20811      0.20589      0.20107      0.20489      0.20816      0.20518      0.20061      0.20659      0.20799      0.20476      0.20011      0.204      0.20758      0.20471      0.20008
      23      63      6      HE      0.37621      -17.42      -14.585      -198.55      0.00871      -16.923      -6.6907      -210.35      0.3403      -15.806      -5.1805      -193.28      0.25779      -13.812      -14.725      -214.07      0.20316      0.20652      0.20304      0.20595      0.20293      0.20702      0.20242      0.20655      0.20301      0.20689      0.20201      0.20658      0.2025      0.20658      0.20184      0.20623
      25      63      4      HE      -0.072      -11.25      -8.984      24.8993      0.16756      -14.757      -0.0084      26.3476      0.08818      -14.946      12.6812      36.4259      -0.0915      -16.209      1.32503      11.9947      0.20453      0.20533      0.20282      0.20732      0.20417      0.20636      0.20234      0.20695      0.2043      0.20603      0.20191      0.20678      0.20361      0.20605      0.20189      0.20628
      20      64      5      HE      -0.6108      1.81521      0.31478      -168.87      -0.5745      2.36627      13      -44.251      -0.8705      -0.619      2.70314      -147.85      -0.7549      -0.1373      16.4993      -32.296      0.20354      0.20448      0.2039      0.20055      0.20323      0.20507      0.20308      0.20038      0.20341      0.20488      0.2032      0.20055      0.20258      0.20473      0.20278      0.19978
      21      63      6      HE      0.09455      -19.962      -24.344      -195.15      0.2565      -20.518      -10.619      22.1291      0.40525      -18.792      -5.6206      -134.44      -0.0053      -21.047      -11.265      -75.888      0.20457      0.20334      0.20402      0.19983      0.20414      0.20395      0.20315      0.19906      0.20418      0.20347      0.20291      0.19918      0.20337      0.20343      0.20269      0.19911
      23      63      4      HE      0.02605      3.68076      -13.037      -148.75      0.19311      0.85924      18.5073      -61.546      0.39498      2.00636      16.5432      7.82997      0.22677      0.7247      4.24014      -127.23      0.20383      0.20718      0.20882      0.20507      0.2038      0.20795      0.20794      0.20438      0.204      0.20757      0.20731      0.20336      0.20297      0.20725      0.20723      0.20309
      20      64      6      HE      -0.0787      -7.8424      -1.7261      -111.56      -0.0389      -8.2414      -7.2003      -73.767      0.32435      -6.4042      0.50078      -26.515      0.25214      -8.2119      19.1059      -84.854      0.20334      0.20423      0.20197      0.20272      0.20282      0.20479      0.20135      0.2031      0.20298      0.20437      0.20099      0.20261      0.20205      0.20418      0.20078      0.20252
      21      63      5      HE      -0.0016      14.0182      -28.299      -209.68      0.03243      14.1215      19.2156      -197.21      0.04995      15.6782      21.4462      -152.51      0.03678      15.025      1.21774      -163.31      0.20252      0.20259      0.20431      0.20071      0.20278      0.20288      0.20277      0.20049      0.20285      0.20255      0.20257      0.20054      0.20269      0.20227      0.20255      0.19982
      23      63      5      HE      0.00438      -1.0661      -19.006      91.8692      -0.0137      -2.4232      3.35542      18.8191      0.11339      -3.7069      6.29735      12.3213      0.00358      -2.8223      5.31893      20.0185      0.20514      0.2111      0.20443      0.20239      0.20493      0.21101      0.20355      0.20193      0.20524      0.21077      0.20345      0.2014      0.20486      0.21078      0.20318      0.20106
      25      63      6      HE      -0.0702      -13.997      -16.202      -67.549      -0.0003      -10.055      -7.1332      -28.778      -0.2535      -11.456      15.2248      -85.128      -0.0362      -10.548      -8.3696      -207.19      0.20492      0.20639      0.19998      0.20262      0.20486      0.20602      0.19899      0.20213      0.20481      0.20566      0.19858      0.20223      0.20435      0.20565      0.19894      0.20269
      25      63      5      HE      -0.2608      -26.242      -35.939      -167.3      -0.2226      -23.768      -28.388      -123.04      -0.2313      -22.999      -29.357      -72.458      -0.1737      -25.905      -28.65      -115.22      0.20548      0.20733      0.20687      0.20517      0.20604      0.20666      0.20551      0.20413      0.20591      0.20636      0.2055      0.20353      0.20564      0.20657      0.20546      0.20387
      19      64      3      HE      0.25609      -26.182      -34.556      -84.382      0.19542      -26.143      -16.578      -53.674      0.02423      -26.153      -25.112      -49.179      -0.0157      -27.803      -15.864      33.2874      0.2035      0.20278      0.20078      0.2047      0.20369      0.20312      0.19944      0.20446      0.20375      0.20253      0.19941      0.20372      0.20328      0.20263      0.19913      0.20408
      25      63      3      HE      -0.224      -37.516      -36.677      30.2689      -0.2326      -33.12      -14.949      -12.222      -0.1445      -35.928      -31.904      114.842      -0.2531      -33.769      -30.733      -47.043      0.20424      0.20573      0.20671      0.20685      0.20441      0.20561      0.2059      0.20548      0.20464      0.20563      0.20612      0.20544      0.2042      0.20541      0.20568      0.20559
      19      64      2      HE      0.35387      -32.651      -31.365      -257.74      0.35799      -34.256      -12.389      -59.484      0.21943      -35.252      2.71377      -165.18      0.36123      -34.598      -2.8972      -88.17      0.20698      0.21125      0.20793      0.21278      0.2065      0.21171      0.20642      0.21174      0.20667      0.2114      0.2059      0.21178      0.20611      0.21131      0.20578      0.21175
      20      64      3      HE      0.02689      -38.755      -34.877      6.11522      0.00177      -38.601      -25.402      -173.53      0.07913      -39.201      -24.525      -161.79      -0.0121      -41.301      -39.998      -15.089      0.2075      0.21138      0.21147      0.20639      0.20672      0.21121      0.21028      0.20719      0.2072      0.21097      0.20982      0.20681      0.20653      0.21097      0.21018      0.2065
      21      63      3      HE      -0.043      -36.293      -30.708      -27.831      -0.0291      -39.479      -15.856      7.64956      0.10138      -37.33      -14.289      -3.0954      -0.0303      -40.434      -6.3594      15.1818      0.20757      0.21058      0.21319      0.2143      0.20724      0.21111      0.21172      0.21476      0.20709      0.21076      0.21147      0.21412      0.20693      0.21086      0.21188      0.21387
      23      63      3      HE      -0.0458      -38.458      -52      60.853      -0.1069      -38.535      -24.376      -290.38      -0.0887      -37.473      -42.964      -130.57      0.01174      -39.38      -44.113      -165.65      0.20965      0.20992      0.20858      0.21239      0.20905      0.21013      0.20748      0.21342      0.20907      0.2102      0.20729      0.21299      0.20868      0.21008      0.20724      0.21302
      23      63      2      HE      0.60353      -37.752      -34.413      -254.86      0.59468      -36.082      -16.661      -48.703      0.23138      -38.092      -17.592      -9.3327      0.24151      -37.364      -15.719      -46.264      0.20717      0.20881      0.20937      0.20581      0.20655      0.20917      0.2081      0.20488      0.20678      0.20879      0.20811      0.20446      0.20647      0.209      0.20762      0.20437
      25      63      2      HE      0.04734      -37.909      -33.039      -27.418      0.40011      -38.132      -14.282      36.4797      0.56071      -39.012      -18.68      88.1979      0.12517      -39.638      -25.453      85.9336      0.20737      0.2102      0.21267      0.20798      0.20684      0.21019      0.21179      0.20765      0.20674      0.21009      0.21146      0.20641      0.2066      0.21031      0.21128      0.20631
      19      65      2      HE      -1.0056      -11.99      -6.3612      -312.97      -0.7356      -10.598      -5.8766      -348.08      -0.9525      -12.264      1.76294      -380.29      -0.5171      -10.3      3.74613      -453.01      0.20244      0.20297      0.20216      0.20172      0.203      0.20397      0.20157      0.20312      0.2025      0.20412      0.20064      0.20311      0.2023      0.20264      0.20089      0.20361
      20      65      3      HE      0.18499      -37.814      -38.177      -44.611      0.31768      -35.145      -3.1058      -50.913      0.04994      -36.492      -4.1422      -3.4213      0.17587      -39.089      -10.827      -172.27      0.20421      0.20616      0.20683      0.20309      0.20471      0.20553      0.20571      0.2035      0.20366      0.20521      0.20563      0.20371      0.20375      0.20604      0.20528      0.20341
      21      65      3      HE      0.10159      -32.695      -42.524      -315.87      -0.0553      -27.902      -35.858      -444.29      -0.0677      -30.512      -39.269      -406.97      0.17363      -29.512      -36.99      -475.56      0.20033      0.20412      0.20365      0.20391      0.20077      0.20367      0.20341      0.20506      0.19996      0.20373      0.20269      0.20523      0.2002      0.2036      0.20272      0.20501
      23      65      3      HE      -0.1004      -35.868      -25.749      -155.79      0.22516      -35.861      -17.552      -330.87      -0.0073      -33.813      -12.089      -525.65      -0.1191      -36.808      -8.4187      -576.98      0.20299      0.20622      0.20589      0.20916      0.20394      0.20627      0.20487      0.21079      0.20298      0.20562      0.2047      0.21184      0.20353      0.20538      0.20469      0.21195
      23      65      2      HE      0.45563      -17.75      -11.782      -77.976      0.42269      -18.574      -12.366      -273.52      0.36816      -15.544      -5.8564      -379.99      0.53012      -20.719      -9.891      -193.1      0.20168      0.20326      0.2016      0.2104      0.20178      0.20359      0.20069      0.21085      0.20122      0.20217      0.20062      0.21114      0.20095      0.2035      0.19986      0.21027
      25      65      2      HE      0.4944      -13.8      -7.9747      27.0862      0.31272      -9.4399      -0.7633      1.92633      0.11282      -13.977      -6.1101      -59.581      0.24245      -15.547      -10.296      -104.32      0.20306      0.20783      0.20302      0.20464      0.20341      0.20708      0.20268      0.20537      0.20271      0.20771      0.20248      0.20545      0.20296      0.20803      0.20251      0.20466
      23      65      6      HE      0.56461      -0.4701      -13.878      -146.27      0.54259      -1.6208      -2.2783      -67.663      0.25015      -1.6977      -0.6306      -122.71      0.47891      -1.3438      -7.257      7.87056      0.2057      0.20911      0.20346      0.20455      0.20632      0.20993      0.20264      0.20456      0.20482      0.20884      0.20234      0.20365      0.20516      0.20907      0.20198      0.20325
      23      65      5      HE      0.26611      -5.7705      21.5751      168.327      0.39707      -3.9642      16.4107      102.356      -0.0269      -5.2749      -3.9271      3.68909      0.20906      -5.4477      6.621      129.826      0.21271      0.21074      0.20324      0.20428      0.21353      0.21046      0.20302      0.20586      0.21193      0.21023      0.2029      0.20512      0.21201      0.21001      0.20266      0.20469
      25      65      5      HE      0.1849      0.8053      7.00428      117.74      0.11356      4.5531      29.4042      -60.491      0.17319      1.39294      13.9246      11.8093      0.34386      4.49842      15.7683      -17.195      0.20454      0.20529      0.2051      0.20161      0.20509      0.20407      0.20409      0.20211      0.20357      0.20433      0.20435      0.20183      0.20385      0.20375      0.20358      0.20117
      25      65      6      HE      -0.0687      -1.6088      -5.459      29.1238      0.0137      -2.0555      -1.5458      -11.691      -0.0815      -3.2306      5.93914      -150.71      0.04568      -0.5851      8.3204      -140.28      0.20855      0.20777      0.20672      0.21298      0.20964      0.20792      0.20578      0.21428      0.20775      0.20769      0.20558      0.21402      0.20796      0.20734      0.20531      0.21338
      19      65      3      HE      0.55313      -7.4843      -14.31      -21.263      0.47323      -5.3704      4.22714      -65.847      0.14274      -6.5762      1.54724      -190.72      -0.3714      -7.9248      -8.5665      -167.21      0.20756      0.21111      0.20597      0.20813      0.20833      0.21039      0.20581      0.20875      0.20609      0.21045      0.20553      0.20843      0.20648      0.21022      0.20493      0.20822
      25      65      3      HE      0.41862      -3.1168      9.75492      35.9242      0.31333      -1.0974      7.80903      40.0324      0.17394      -3.8609      5.00067      -114.57      0.20586      -3.8368      19.3533      -191.73      0.20576      0.20716      0.20932      0.20615      0.20675      0.20759      0.20877      0.20699      0.20453      0.20679      0.2084      0.20646      0.2051      0.20621      0.20825      0.20661
      19      65      5      HE      -0.5261      -7.6405      21.5781      -137.95      -0.7298      -7.1189      8.77423      -164.79      -0.5396      -7.169      15.1105      -11.661      -0.6073      -7.4515      0.20528      21.8163      0.20272      0.20161      0.19716      0.19771      0.20263      0.20142      0.19649      0.19843      0.20193      0.20119      0.19622      0.19789      0.2017      0.20114      0.19635      0.1973
      25      65      4      HE      -0.0403      -35.002      -23.714      57.9684      0.13013      -32.682      -22.505      196.138      0.03284      -34.419      -45.866      296.6      0.0509      -33.104      -33.13      -7.2827      0.20427      0.2044      0.20529      0.20371      0.20393      0.20346      0.20499      0.20275      0.20376      0.20304      0.2051      0.20205      0.20316      0.20283      0.20483      0.20336
      20      65      6      HE      0.2164      -24.75      -21.481      44.3631      0.03596      -26.358      -8.263      235.326      0.07456      -27.69      -3.3643      114.267      0.21167      -24.436      0.33575      57.8941      0.20274      0.20293      0.201      0.20072      0.20304      0.20247      0.2002      0.19994      0.20213      0.20261      0.19951      0.19957      0.20216      0.20205      0.19912      0.19985
      20      65      5      HE      0.16489      -30.969      -29.861      82.1304      0.12638      -28.114      -17.194      93.878      0.10697      -32.686      -5.9003      -59.488      0.03185      -29.403      -8.5555      69.8488      0.20154      0.20131      0.19992      0.20551      0.20196      0.20092      0.19948      0.20564      0.20112      0.20123      0.19879      0.20597      0.20127      0.20074      0.19867      0.20534
      21      65      5      HE      0.19991      -17.02      -20.438      -46.374      0.30742      -15.489      -7.7765      -233.82      0.31065      -17.355      -12.188      -230.2      0.31691      -15.589      -19.488      -34.388      0.20109      0.20528      0.20367      0.20093      0.20105      0.20498      0.20334      0.20154      0.2005      0.2052      0.20274      0.20136      0.20019      0.20484      0.20263      0.20123
      21      65      6      HE      0.24629      -17.145      -18      -194.58      0.14974      -12.69      -21.34      -78.854      0.55864      -14.065      -31.915      -176.86      0.22245      -13.029      -28.895      -143.02      0.20332      0.20503      0.20359      0.20744      0.20343      0.20445      0.20288      0.20672      0.20287      0.20398      0.2032      0.20687      0.20253      0.20387      0.20308      0.20635
      19      65      1      HE      0.413      -11.825      -17.267      -155.04      0.51217      -10.413      -4.005      -260.96      0.24909      -8.0365      -8.6278      -109.62      0.40318      -10.295      -14.041      -172.07      0.20736      0.20989      0.20199      0.21029      0.2075      0.20998      0.20128      0.21031      0.20728      0.20935      0.2013      0.2103      0.20691      0.20938      0.20124      0.20998
      20      65      1      HE      -0.0112      -24.414      -8.1087      -65.455      0.06405      -17.628      -12.094      -148.09      -0.1788      -21.425      -5.8905      -240.39      0.01436      -22.641      -6.3202      -136.67      0.20899      0.21014      0.20784      0.2092      0.209      0.20899      0.20673      0.21005      0.20873      0.2094      0.20665      0.21013      0.20795      0.20918      0.20637      0.21033
      21      65      1      HE      0.02451      -18.929      -7.9099      35.5975      0.19246      -17.44      -5.5701      115.413      0.2527      -19.071      15.13      54.7598      -0.035      -16.73      12.2719      36.8058      0.21031      0.21096      0.2109      0.21415      0.21012      0.21109      0.20956      0.21363      0.20996      0.21091      0.20952      0.21378      0.20925      0.21086      0.20944      0.21365
      23      65      1      HE      -0.0732      -21.157      -12.148      -52.486      0.18437      -17.67      -7.499      -4.9361      -0.0283      -17.61      -1.7737      77.9151      -0.2701      -20.958      4.65997      147.52      0.2105      0.21515      0.20844      0.21156      0.2109      0.21451      0.207      0.21088      0.21034      0.214      0.20671      0.21053      0.20966      0.2142      0.20698      0.20976
      19      65      4      HE      0.10858      -19.886      -4.2235      -28.922      0.62058      -18.22      5.69675      -24.789      0.36954      -19.191      -9.5897      -26.641      -0.1007      -18.89      -3.2595      -29.237      0.20789      0.21226      0.21218      0.20925      0.20831      0.21222      0.21204      0.20869      0.20773      0.21216      0.2119      0.20835      0.20702      0.21189      0.21142      0.20823
      25      65      1      HE      0.14001      -23.516      -22.03      -64.559      0.28443      -24.526      -40.832      -129.54      0.03455      -22.433      -25.794      -100.58      -0.0071      -22.032      -22.576      -121.36      0.20977      0.21521      0.21514      0.20998      0.21009      0.21547      0.21513      0.21037      0.20956      0.21452      0.21493      0.21042      0.20886      0.21442      0.21494      0.21027
      19      65      6      HE      0.44223      -20.912      -27.106      -122.95      0.11249      -22.21      -24.101      -189.59      0.45606      -20.814      -26.109      -180.56      0.33337      -22.115      -30.945      -161.49      0.21068      0.21503      0.21502      0.20986      0.21111      0.21443      0.21427      0.21044      0.20967      0.21407      0.2143      0.2103      0.20965      0.21422      0.21412      0.20989
      23      65      4      HE      0.12332      -23.048      -9.0283      -64.002      0.46951      -20.937      -11.012      194.356      0.35001      -28.005      -10.334      94.6073      -0.1144      -23.818      -0.7418      6.30227      0.20933      0.20924      0.21319      0.20842      0.20907      0.20913      0.21261      0.20701      0.2085      0.20965      0.21228      0.2075      0.20804      0.20916      0.21189      0.20755
      21      65      2      HE      0.23      -21.362      -18.265      -77.975      -0.2011      -19.153      -11.8      153.213      0.05453      -20.345      -4.0031      23.5128      -0.0024      -20.535      -6.0859      165.112      0.20945      0.20942      0.21196      0.20875      0.20988      0.20899      0.21144      0.2079      0.20935      0.20867      0.2106      0.20812      0.20926      0.20863      0.21068      0.20744
      20      65      2      HE      0.42905      -11.694      3.57748      -180.86      0.34069      -11.539      16.3348      -130.8      0.20598      -11.786      13.6698      -272.25      0.30459      -14.201      16.9759      -107.99      0.20963      0.20877      0.21054      0.20477      0.20988      0.20847      0.20928      0.20572      0.20981      0.2083      0.20928      0.20473      0.20894      0.20783      0.20864      0.20429
      21      65      4      HE      0.59934      -27.426      -26.7      -67.641      0.40679      -21.423      -24.666      -239.18      0.78488      -23.412      -22.568      -185.92      0.57636      -22.855      -9.8391      -194.1      0.21041      0.21414      0.21076      0.20954      0.21018      0.21281      0.20934      0.21101      0.20959      0.21223      0.20893      0.21052      0.20919      0.21231      0.2084      0.2107
      20      65      4      HE      0.38256      -27.064      -10.148      -11.463      -0.1164      -25.586      2.64869      -24.753      0.00676      -24.568      2.15509      -39.293      0.23424      -23.251      -7.2518      47.5878      0.20975      0.20809      0.2122      0.20786      0.20949      0.20738      0.21132      0.20755      0.20976      0.20724      0.21132      0.20818      0.20821      0.20687      0.21069      0.20665
      19      66      5      HE      0.05471      3.14138      7.91187      -61.166      0.18503      4.41186      9.34433      -163.48      -0.1086      3.48864      15.778      -90.953      -0.049      2.88785      18.9137      -165.13      0.20748      0.21114      0.20964      0.2119      0.20707      0.21072      0.20888      0.21167      0.20715      0.21045      0.20828      0.21134      0.20705      0.21048      0.20826      0.21132
      19      66      6      HE      0.00909      11.3292      12.3692      -98.05      -0.199      15.2325      21.6289      -80.098      0.0466      15.5419      31.915      -50.033      0.03904      15.0943      23.5553      32.8567      0.20837      0.21016      0.212      0.20974      0.20823      0.20934      0.2112      0.20918      0.20839      0.20922      0.21022      0.20904      0.20814      0.20889      0.21      0.2085
      22      65      2      HE      -0.1265      22.3433      38.14      138.371      -0.0517      21.9278      24.4526      172.153      -0.0505      19.714      39.3859      212.724      -0.0874      19.5503      39.6336      144.205      0.20789      0.20946      0.20967      0.212      0.2079      0.20976      0.20925      0.21242      0.2079      0.20996      0.20845      0.21142      0.20805      0.20959      0.20835      0.21142
      20      66      2      HE      0.21684      -5.0941      0.00622      -201.52      0.08647      -4.9145      21.7902      353.239      0.2563      -2.8597      7.30342      133.241      0.29714      -2.8823      3.90273      63.4195      0.20877      0.21388      0.21121      0.21153      0.20849      0.2131      0.20919      0.20877      0.20839      0.21264      0.20895      0.20922      0.20834      0.21228      0.20864      0.20884
      22      65      4      HE      0.35836      -12.777      -7.7788      -179.21      0.10462      -10.933      3.81304      50.2022      -0.0323      -12.18      5.43408      93.3769      0.33083      -9.2696      7.60327      -30.932      0.2091      0.20949      0.20814      0.20468      0.20887      0.20944      0.2067      0.20301      0.20884      0.20911      0.20607      0.20163      0.20877      0.20896      0.206      0.20198
      20      66      4      HE      -0.2742      9.5023      31.2659      205.528      -0.1906      10.8581      19.8401      84.3649      -0.0929      10.5331      20.9203      158.344      -0.16      11.8769      39.3852      40.8101      0.20821      0.21408      0.20888      0.21241      0.20768      0.21383      0.20839      0.21189      0.20781      0.21352      0.20833      0.21188      0.20768      0.21286      0.20793      0.21119
      19      66      1      HE      -0.2693      10.6824      17.2027      -65.284      -0.1229      10.246      24.9858      -121.32      0.09759      10.49      17.5393      -215.88      -0.0005      11.0105      18.8943      7.10287      0.20809      0.20959      0.20901      0.21351      0.20766      0.21006      0.20855      0.21446      0.2078      0.20941      0.20818      0.21401      0.20786      0.20822      0.20816      0.21387
      20      66      1      HE      -0.5889      -3.443      5.76979      213.897      -0.3377      -3.5387      26.1656      7.5541      -0.7065      -6.993      16.1697      216.561      -0.5106      -5.5194      17.024      30.8268      0.20798      0.21061      0.21173      0.20998      0.20768      0.21074      0.21093      0.21077      0.20754      0.21094      0.21107      0.21005      0.20762      0.21042      0.21022      0.21014
      22      65      1      HE      0.28409      -7.2603      7.85291      -22.223      0.20744      -4.3817      4.64182      22.0491      0.39263      -3.4658      3.31053      -67.209      0.29579      -6.0081      5.16286      -27.603      0.21156      0.21343      0.20828      0.2157      0.21152      0.21251      0.20758      0.21516      0.21105      0.2118      0.20669      0.21495      0.21135      0.21205      0.2065      0.21497
      24      65      1      HE      0.30811      19.0401      18.7513      39.8862      0.26963      17.0526      23.6803      171.065      0.38315      20.2355      33.4364      13.7881      0.2697      17.4048      42.4846      131.439      0.20917      0.21015      0.21235      0.20656      0.20912      0.21045      0.21143      0.20534      0.20894      0.20983      0.21182      0.20547      0.20871      0.20967      0.2106      0.20585
      19      66      4      HE      0.23588      27.7713      42.7953      153.839      0.17299      28.227      55.5209      166.215      0.16839      27.4557      49.3531      207.466      0.14972      27.1102      49.5463      111.343      0.20836      0.20531      0.2049      0.20857      0.20846      0.20513      0.20434      0.20827      0.20811      0.20408      0.20396      0.20802      0.20828      0.20422      0.2041      0.20832
      26      65      1      HE      -0.0393      0.89299      15.6958      85.0596      -0.0232      2.25127      18.6877      -9.7646      -0.0412      1.82208      19.6995      61.2814      -0.0492      3.48664      17.4468      70.791      0.21052      0.20836      0.20878      0.20347      0.21022      0.20808      0.2081      0.20373      0.21006      0.20776      0.20774      0.20364      0.21002      0.20783      0.2078      0.2028
      24      65      6      HE      0.52662      7.88225      -2.1323      -53.891      0.0033      10.4329      22.7602      -23.454      0.15586      9.10129      21.5969      -23.278      -0.0494      7.0445      21.6041      -27.744      0.20467      0.20727      0.20058      0.20164      0.20468      0.20663      0.19869      0.20157      0.20429      0.20642      0.19864      0.20113      0.2043      0.2065      0.19864      0.20145
      26      65      4      HE      0.29837      -5.7267      -9.3161      52.8281      0.19701      -4.4792      20.244      238.516      0.12482      -3.5726      6.29242      252.15      0.26175      -4.1093      13.5718      269.811      0.20413      0.20553      0.20411      0.19971      0.20402      0.20519      0.203      0.19771      0.20331      0.20412      0.20304      0.19738      0.20375      0.20461      0.203      0.19742
      20      66      5      HE      0.31688      7.82157      22.6393      70.6726      0.38777      9.11786      22.2027      14.292      -0.0295      8.66813      18.6785      104.702      0.12193      6.35555      17.6565      -218.52      0.20215      0.20515      0.20752      0.20681      0.20232      0.20539      0.20706      0.20739      0.20146      0.20523      0.20615      0.20661      0.20201      0.20533      0.20615      0.20698
      22      65      6      HE      0.15487      -9.9278      -12.636      -138.88      0.39178      -8.5309      -12.401      -47.046      0.13688      -7.784      -10.132      -18.57      0.25292      -11.348      -16.464      -31.35      0.20548      0.20284      0.20552      0.20272      0.20546      0.20204      0.20478      0.20272      0.20496      0.2018      0.20445      0.20198      0.20526      0.20206      0.20452      0.20246
      24      65      4      HE      -0.0975      7.52459      17.1134      153.435      0.29571      9.79664      33.5249      291.681      -0.2403      10.1129      14.1601      80.6662      -0.072      8.28097      23.5911      266.054      0.20608      0.20776      0.20595      0.20417      0.20632      0.20713      0.20498      0.2034      0.2054      0.20679      0.20495      0.20304      0.20579      0.20679      0.20509      0.20313
      20      66      6      HE      -0.0746      -18.651      -19.943      123.324      -0.0123      -17.83      -13.557      65.2167      0.21239      -17.696      -10.165      117.646      -0.0179      -17.897      7.0884      87.1878      0.20551      0.20683      0.20618      0.2062      0.20507      0.20659      0.20508      0.20707      0.20415      0.20617      0.20511      0.20618      0.20472      0.20594      0.20501      0.20661
      22      65      5      HE      -0.2817      -35.087      -50.235      -307.94      0.05703      -32.26      -49.469      -235.86      0.11213      -37.189      -50.147      -233      0.31265      -35.738      -47.385      -215.61      0.2048      0.20841      0.20591      0.20566      0.20572      0.20775      0.20548      0.20631      0.20431      0.20798      0.20531      0.20548      0.20544      0.20793      0.205      0.2053
      24      65      5      HE      0.20812      -35.891      -39.084      -129.79      0.18692      -34.635      -32.916      -17.397      0.16311      -34.92      -34.271      -107.52      0.33386      -33.767      -38.588      27.2771      0.20638      0.20666      0.20518      0.20952      0.20686      0.20618      0.20497      0.20883      0.20594      0.20576      0.20497      0.2086      0.20658      0.20582      0.20391      0.20831
      26      65      6      HE      0.14661      -33.477      -44.973      -181.21      0.03428      -28.772      -18.534      -75.484      0.04073      -30.212      -19.887      -50.638      0.22688      -29.636      -29.458      -56.977      0.20804      0.21039      0.21178      0.20474      0.20823      0.2099      0.20991      0.20378      0.20751      0.21009      0.21015      0.20374      0.20811      0.20991      0.2098      0.2027
      26      65      5      HE      0.5123      -37.936      -48.298      -71.897      0.5541      -36.688      -20.626      302.165      0.46319      -37.588      -13.458      81.9347      0.56509      -36.946      -26.043      279.084      0.20717      0.20701      0.20905      0.20523      0.2077      0.2074      0.2073      0.20322      0.20683      0.20722      0.20697      0.20395      0.20748      0.20688      0.20723      0.20295
      19      66      3      HE      -0.3385      -35.587      -28.737      -20.791      -0.1474      -34.599      -42.926      51.0513      -0.2527      -36.805      -23.824      45.1302      -0.1107      -36.141      -46.919      35.4091      0.20683      0.20859      0.2054      0.20805      0.20745      0.20875      0.20513      0.20741      0.20679      0.20858      0.20497      0.20766      0.20731      0.2083      0.20479      0.20686
      26      65      3      HE      0.27869      -30.845      -39.723      -83.263      0.25032      -29.326      -31.684      -11.466      0.18609      -28.544      -37.374      -68.433      0.3931      -28.803      -36.216      -59.139      0.20675      0.20773      0.20481      0.2031      0.20733      0.20734      0.20502      0.20243      0.20656      0.2066      0.20464      0.2021      0.20706      0.20647      0.20435      0.20111
      19      66      2      HE      -1.4333      -20.698      -36.731      -262.89      0.32002      -12.98      -23.048      -219.31      -1.2769      -17.364      -10.367      -220.48      -0.9076      -16.947      -21.316      -180.19      0.20805      0.20945      0.2044      0.21397      0.2079      0.2094      0.20359      0.2141      0.20713      0.20872      0.20275      0.21327      0.20783      0.20895      0.2029      0.21295
      20      66      3      HE      -0.7366      0.07723      -15.059      -23.738      -1.0557      -2.8241      -2.7183      -136.22      -0.7512      -0.7966      -1.7156      -10.389      -0.7998      -1.1706      -3.5579      -29.44      0.20603      0.20654      0.20972      0.20821      0.20571      0.20722      0.20897      0.20856      0.20536      0.20686      0.20872      0.20852      0.20556      0.20664      0.20806      0.20783
      22      65      3      HE      0.13418      -17.796      -35.307      -132.46      0.11168      -20.031      -26.063      -189.29      0.13558      -19.013      -35.64      -208.32      0.06745      -18.217      -21.303      -234.49      0.20788      0.20644      0.20551      0.20713      0.20757      0.20727      0.2053      0.20707      0.20761      0.207      0.20489      0.20693      0.20749      0.2068      0.2047      0.20645
      24      65      3      HE      -0.8495      7.08506      14.5736      123.181      -0.9385      4.72592      21.0595      167.628      -0.8706      7.58991      24.0851      27.6121      -0.9436      6.04921      31.0463      43.4328      0.20581      0.21038      0.20733      0.20413      0.20561      0.21109      0.20649      0.20363      0.20531      0.21048      0.20619      0.204      0.2052      0.21067      0.2058      0.20364
      24      65      2      HE      0.45949      -3.1555      2.65028      26.5646      0.41518      -1.4472      18.6045      53.9049      0.45847      -3.2568      4.47962      53.477      0.39189      -2.6179      13.2236      84.7398      0.20535      0.20956      0.20899      0.19992      0.20509      0.20971      0.20845      0.20017      0.20497      0.20952      0.20815      0.19966      0.20482      0.20932      0.20795      0.19957
      26      65      2      HE      0.36418      14.8497      15.5304      -57.946      0.3978      16.3286      30.9733      -65.519      0.25624      12.9544      13.4537      -87.923      0.38741      14.0167      31.5643      -29.876      0.20776      0.20667      0.21026      0.20341      0.20732      0.20706      0.2093      0.20314      0.20731      0.20662      0.20946      0.20246      0.20696      0.20619      0.20886      0.20239
