#Linking QIE11 condition constant table...
#Printing QIE11 condition constant table! ShuntMode : 11
      29      63      1      HE      0.03565      -0.0484      -0.8637      -29.358      -0.0255      -0.1688      -0.6038      -5.9903      0.00571      0.02146      2.73375      -11.666      -0.0238      -0.0893      -0.3004      -0.007      0.02822      0.0284      0.0284      0.02805      0.02808      0.02846      0.02825      0.0278      0.02818      0.02841      0.02817      0.02786      0.02804      0.02835      0.0281      0.02771
      28      63      1      HE      -0.0344      0.07781      -1.6045      -4.2003      -0.1064      0.07587      -0.2069      -1.0565      -0.1155      -0.0291      0.28349      2.70947      0.0438      0.20205      0.63145      2.49995      0.02834      0.02859      0.02834      0.02768      0.02826      0.02864      0.02826      0.02764      0.02828      0.02856      0.02824      0.02761      0.02816      0.02853      0.0282      0.02758
      18      63      2      HE      -0.0221      1.82633      1.68678      7.28386      -0.0474      1.75879      3.49406      2.8047      -0.0144      1.91525      3.93713      4.25067      0.00173      1.79078      3.36916      0.26561      0.02838      0.02802      0.02776      0.02749      0.02831      0.02802      0.02769      0.02739      0.0284      0.02796      0.02772      0.02737      0.02827      0.02796      0.02758      0.02741
      17      63      2      HE      0.04341      3.20707      2.15422      -13.683      0.04807      3.78532      4.42921      -16.264      0.04291      3.68383      6.03683      -22.936      0.06575      3.72573      4.43341      -16.925      0.02831      0.02834      0.02822      0.02757      0.02823      0.02831      0.0281      0.02774      0.02829      0.02832      0.02807      0.0277      0.02818      0.02828      0.02802      0.02757
      16      63      4      HE      0.02413      1.74317      1.32887      -3.6025      0.00496      1.4799      2.6742      -6.9949      0.02748      1.67475      1.26677      -17.348      -0.0071      1.67033      2.7437      -10.991      0.02818      0.02846      0.02768      0.02751      0.02814      0.02852      0.02763      0.02755      0.02817      0.02841      0.02764      0.02756      0.02809      0.02835      0.02755      0.02754
      29      63      2      HE      0.02263      -0.3146      -1.1791      -28.38      -0.021      -0.0625      -1.4227      -25.076      -0.0064      0.00809      -1.8048      -29.945      -0.0278      -0.2674      -0.6523      -44.839      0.02829      0.02858      0.02854      0.02832      0.02825      0.02858      0.02847      0.02831      0.02826      0.02856      0.02846      0.02826      0.02815      0.02851      0.02839      0.02824
      28      63      2      HE      -0.0203      0.69389      0.94322      -19.444      -0.0146      0.83046      3.71902      -11.905      -0.0525      0.95858      2.23088      -13      -0.0174      0.66567      1.04513      -9.2646      0.02813      0.02843      0.02843      0.02868      0.02809      0.02849      0.02833      0.02858      0.02814      0.0285      0.02826      0.02859      0.0282      0.02842      0.02829      0.02864
      28      63      5      HE      -0.0525      -1.4641      -4.7111      -31.449      -0.0616      -1.1703      -1.3456      -28.373      -0.0475      -1.7179      -1.1331      -9.6701      -0.0861      -1.3796      -2.3622      -20.139      0.02822      0.02841      0.02789      0.02799      0.02823      0.02844      0.02775      0.028      0.02823      0.02842      0.02771      0.02793      0.0283      0.02836      0.02768      0.02797
      28      63      3      HE      0.02128      -1.5028      -0.9111      -6.4878      0.03236      -1.4324      2.11264      14.0731      0.02531      -1.236      2.46726      13.0013      0.0282      -1.5566      2.94819      13.3208      0.02825      0.02831      0.0283      0.02843      0.02829      0.02839      0.0281      0.0283      0.02822      0.02835      0.02804      0.02829      0.02833      0.02834      0.02796      0.02828
      28      63      7      HE      0.01195      1.56942      2.45559      4.88334      0.01609      1.62512      2.10703      8.51438      0.00366      1.17534      1.17231      3.27959      0.02139      1.24437      4.29519      1.78914      0.0284      0.02824      0.02829      0.02816      0.02841      0.02846      0.02815      0.02818      0.02834      0.02841      0.02817      0.02807      0.02846      0.02839      0.02811      0.02805
      26      63      7      HE      -0.0257      2.93006      0.0268      -25.971      0.02276      2.76513      0.41246      -37.648      0.00459      2.69657      0.47098      -19.31      0.02166      2.60444      2.78441      -32.433      0.02822      0.02792      0.02769      0.02766      0.02825      0.02809      0.02754      0.02766      0.02819      0.02803      0.02752      0.02758      0.02829      0.028      0.02749      0.0276
      28      63      6      HE      -0.0369      -0.3782      -3.1788      -11.043      -0.0155      -0.3233      -1.4093      -16.732      -0.0311      -0.1659      -3.0258      -25.596      -0.0152      -0.3095      -0.4207      0.10569      0.02834      0.02815      0.02846      0.02831      0.02837      0.0282      0.02843      0.02835      0.02826      0.02816      0.02829      0.02829      0.02841      0.02816      0.02833      0.02823
      18      63      3      HE      -0.0199      -4.8119      -8.781      -47.093      0.04251      -4.9485      -6.5753      -19.021      0.05254      -4.8865      -7.4638      -36.034      0.02733      -4.6028      -8.6684      -2.2934      0.02872      0.02829      0.0277      0.02785      0.02872      0.02833      0.02755      0.0277      0.02864      0.02824      0.02748      0.02775      0.0287      0.02825      0.02741      0.02755
      28      63      4      HE      0.02697      -5.4016      -4.7562      -7.6331      0.02625      -5.0988      -4.1294      -14.09      -0.1225      -5.3764      -2.8095      -15.739      0.02766      -5.0743      -2.7412      -14.343      0.02833      0.02801      0.02814      0.02756      0.02829      0.02801      0.02804      0.02752      0.02829      0.02791      0.02796      0.0275      0.02823      0.02792      0.02797      0.02749
      17      63      3      HE      0.03001      -4.7287      -7.5523      -17.854      0.00799      -4.3121      -2.172      -17.279      0.05542      -4.1956      -7.7196      -18.032      0.0282      -4.2763      -5.4254      -18.174      0.0284      0.0283      0.02824      0.02806      0.02832      0.02815      0.02804      0.02785      0.02839      0.02812      0.02809      0.02791      0.02832      0.02811      0.02804      0.02789
      18      63      5      HE      0.04924      -4.8018      -5.545      -18.111      0.00958      -4.7829      -2.8636      -2.8223      0.02213      -4.8172      -2.7309      -4.1166      0.0014      -4.6167      -3.0745      -3.6479      0.02833      0.02812      0.02869      0.02862      0.02831      0.02811      0.02851      0.02843      0.02837      0.02807      0.02846      0.02849      0.02828      0.02798      0.02843      0.02842
      18      63      1      HE      -0.0151      -5.0461      -9.1999      3.71368      -0.0021      -5.0483      -5.6008      19.077      0.00401      -4.7196      -7.1248      18.8766      0.00483      -4.6844      -6.7595      30.5281      0.02812      0.02893      0.02844      0.02812      0.02813      0.02893      0.02823      0.028      0.02819      0.02889      0.02827      0.02793      0.02807      0.02877      0.02821      0.02789
      18      63      4      HE      0.05879      -4.2162      -3.7623      3.39767      0.0386      -4.1075      -1.5113      6.7187      0.04057      -3.7644      -1.5601      11.0198      0.02585      -4.0135      -3.4292      -19.083      0.02853      0.02858      0.02847      0.02885      0.02846      0.0285      0.02841      0.02885      0.02851      0.02845      0.02834      0.02879      0.02843      0.0284      0.02831      0.02884
      18      64      1      HE      0.0258      1.05726      2.7186      -11.757      -0.021      0.86223      3.37594      -0.0824      0.02997      0.8527      3.34221      11.6383      -0.0065      0.67176      2.94214      5.74761      0.02808      0.02825      0.02864      0.02853      0.02798      0.02833      0.02842      0.02846      0.02793      0.02829      0.02837      0.02823      0.02796      0.02832      0.02836      0.02842
      18      64      4      HE      0.05346      1.27778      2.62848      -20.351      0.01508      1.24696      5.06116      2.59393      0.04311      1.42743      5.04417      0.37085      0.05204      0.99022      5.61287      -5.505      0.02792      0.02804      0.0283      0.02822      0.02777      0.02804      0.02814      0.02824      0.02782      0.02802      0.02809      0.02818      0.02778      0.02805      0.02806      0.02814
      18      64      5      HE      0.04188      -0.6724      2.12263      13.1605      0.00754      -0.761      3.00499      13.3045      0.03945      -0.5997      0.3566      11.8663      0.022      -0.9236      1.8647      21.0997      0.02787      0.02837      0.02852      0.02841      0.02773      0.02843      0.02839      0.0283      0.02779      0.0284      0.02844      0.02824      0.02778      0.02839      0.02838      0.02819
      17      64      3      HE      0.04755      -0.5958      2.15877      18.4689      0.03748      -0.5268      0.82892      33.8253      0.07933      -0.6584      1.50662      23.8975      0.05738      -0.5859      3.97441      0.0187      0.02809      0.0282      0.02803      0.02777      0.02797      0.02822      0.02788      0.02772      0.02805      0.02822      0.02787      0.02772      0.02799      0.0282      0.02786      0.0277
      27      63      4      HE      -0.0897      2.61187      3.523      17.5066      0.0358      2.92524      5.76332      32.2253      -0.0909      2.61266      5.50249      29.6454      0.03519      2.51298      5.55914      31.2731      0.02796      0.0284      0.02817      0.02799      0.0279      0.02849      0.02804      0.02784      0.02792      0.02844      0.02799      0.0278      0.02789      0.02839      0.02795      0.02785
      18      64      3      HE      0.05148      0.43615      0.7539      11.5277      0.05382      0.53251      3.27034      5.14764      0.06089      0.34273      2.42189      12.9661      0.06536      0.86361      3.07349      9.63337      0.02822      0.02864      0.02804      0.02818      0.02815      0.02864      0.0279      0.02831      0.02815      0.02861      0.02788      0.02818      0.02815      0.02856      0.02783      0.02822
      27      63      7      HE      0.01703      -6.9847      -10.812      -33.564      0.0429      -6.7121      -8.2309      -23.028      0.05352      -6.652      -7.9034      -22.867      0.03332      -6.5973      -7.7822      -34.125      0.02871      0.02952      0.0285      0.02801      0.02871      0.02943      0.02826      0.02784      0.0286      0.02936      0.02821      0.02783      0.02868      0.02938      0.02822      0.02785
      27      63      3      HE      -0.0046      -3.3807      -5.7204      -9.042      0.04012      -3.3501      -4.3401      14.7877      -0.0014      -3.3752      -3.9451      -10.08      0.01065      -3.5869      -1.9013      -13.649      0.02792      0.02787      0.02787      0.02805      0.02791      0.02793      0.02772      0.02793      0.02792      0.02789      0.02768      0.02803      0.02789      0.02794      0.02766      0.02804
      27      63      5      HE      0.02776      -1.4921      -3.2932      -15.846      0.0111      -1.8855      -1.4602      17.6239      0.03236      -1.5996      -1.1513      -8.0524      0.0074      -1.9498      -1.4397      -2.3384      0.0281      0.02843      0.02847      0.02819      0.02808      0.02853      0.0282      0.02801      0.02806      0.02846      0.02811      0.02806      0.02803      0.02842      0.02812      0.02801
      27      63      6      HE      0.01155      -2.1488      -1.5748      -20.278      -0.012      -2.0843      -0.5647      -22.409      -0.0069      -1.8716      -2.9477      -13.953      0.00072      -2.4306      -1.1896      -31.94      0.02836      0.02869      0.02826      0.02749      0.02836      0.02876      0.02813      0.02749      0.02838      0.02872      0.02811      0.02745      0.0283      0.02869      0.02811      0.02744
      29      63      3      HE      0.01704      -1.5372      -3.1283      -8.9605      0.01303      -1.1192      0.88155      27.4206      0.0278      -1.0326      1.66081      -3.0462      0.01776      -1.3788      -0.7499      5.20026      0.02778      0.02807      0.02765      0.02715      0.02774      0.02789      0.02745      0.02703      0.02778      0.02787      0.02743      0.02712      0.02773      0.02788      0.02743      0.02707
      27      63      1      HE      0.06675      -4.6616      -3.1079      15.1383      0.02609      -5.0981      -0.9156      8.44981      0.05549      -5.2028      -2.6319      16.077      0.05835      -4.9744      -2.1711      24.4383      0.02827      0.02812      0.02815      0.02853      0.02819      0.02827      0.02803      0.02859      0.02811      0.02818      0.028      0.02841      0.02818      0.02818      0.02796      0.02838
      18      64      2      HE      0.01503      -4.6898      -3.8821      -1.382      -0.0346      -4.9783      -3.0412      -11.93      0.00596      -4.954      -3.67      -18.001      0.00931      -5.3283      -3.3024      1.12396      0.02818      0.02827      0.02776      0.02792      0.02811      0.02833      0.02768      0.02795      0.02809      0.02826      0.02766      0.02792      0.02804      0.02825      0.02764      0.0278
      17      64      2      HE      0.05343      -5.5679      -7.6152      -27.054      0.0328      -5.7054      -5.1363      -33.526      0.03674      -5.9258      -5.2735      -30.139      0.00208      -6.1575      -5.7622      -27.301      0.02795      0.02785      0.02822      0.02843      0.02783      0.02795      0.02813      0.02837      0.02777      0.0279      0.02809      0.02825      0.02783      0.02793      0.02806      0.02833
      16      64      4      HE      0.05928      -4.6496      -5.4267      -7.1908      -0.0136      -5.1069      -3.3306      -7.6351      0.0431      -5.1441      -4.0023      -8.0163      -0.0001      -5.075      -2.6267      -1.7236      0.02804      0.02823      0.02784      0.02763      0.0279      0.0284      0.02774      0.0275      0.0279      0.02832      0.02765      0.02746      0.02788      0.0283      0.0277      0.02748
      27      63      2      HE      -0.017      -4.5523      -0.7324      4.29835      -0.0099      -4.9682      0.91175      19.8805      -0.0054      -5.0909      -0.7121      6.15058      0.0377      -4.7011      -1.2051      16.1572      0.02793      0.02809      0.02782      0.02696      0.02783      0.02818      0.02778      0.027      0.02783      0.02817      0.02772      0.02695      0.02779      0.02813      0.02769      0.02684
      27      65      1      HE      0.06351      -6.09      -5.5983      -21.129      0.07174      -6.3624      -5.304      -16.82      0.05892      -6.5163      -7.4521      -12.06      0.02029      -6.3979      -6.3564      -12.485      0.02829      0.02892      0.02797      0.02865      0.02829      0.02892      0.02788      0.02858      0.02821      0.02885      0.0278      0.02854      0.02822      0.02879      0.02777      0.02846
      18      65      2      HE      0.07353      -3.0028      0.42483      -5.6768      0.0669      -2.3511      -1.7623      -13.159      -0.0647      -2.644      -0.3832      -18.383      -0.111      -2.8748      -3.6814      -14.396      0.02811      0.02823      0.02811      0.02792      0.02806      0.02805      0.02805      0.02796      0.02801      0.028      0.02798      0.02797      0.02792      0.02794      0.02802      0.02794
      17      65      2      HE      0.06396      -2.9311      -3.602      -12.291      0.03754      -2.915      -2.3702      -11.22      0.05044      -3.0759      -1.764      -18.965      0.00065      -3.1277      -2.4193      -11.864      0.02788      0.02756      0.02829      0.0275      0.02784      0.02748      0.02817      0.02754      0.02785      0.02749      0.02806      0.02749      0.02775      0.02751      0.02807      0.02744
      16      65      4      HE      0.04595      -4.9843      -5.5067      -34.798      0.06309      -5.2322      -3.7302      -26.774      0.05812      -5.2672      -3.9266      -24.844      0.04674      -5.7147      -3.9349      -51.477      0.02813      0.02819      0.0278      0.02817      0.02807      0.02829      0.02769      0.02821      0.02809      0.02824      0.02766      0.02817      0.02802      0.02826      0.02766      0.02817
      27      65      2      HE      0.06691      -5.9611      -4.8234      -26.418      0.07096      -5.6556      -2.6006      -25.96      0.05497      -5.5333      -3.7488      -41.364      0.07228      -6.1215      -2.1917      -46.049      0.02788      0.02807      0.02823      0.02753      0.02784      0.02804      0.02808      0.02758      0.02785      0.02798      0.02805      0.0276      0.0277      0.02808      0.028      0.02761
      27      65      5      HE      0.07047      -0.7504      0.68974      9.41733      0.1039      -0.2756      2.33189      -1.834      0.00726      -0.2151      2.63101      -0.0945      0.03166      -0.7016      2.49728      17.1261      0.02835      0.02856      0.0288      0.02861      0.02849      0.0285      0.02863      0.02859      0.02821      0.02834      0.02854      0.02853      0.02818      0.02838      0.02853      0.02849
      27      65      3      HE      -0.0909      0.14165      -0.3423      19.7981      -0.0845      0.19769      2.79936      14.5197      -0.0715      0.30314      1.38688      8.17914      -0.073      0.36182      1.63375      -0.6243      0.02839      0.02855      0.02881      0.0281      0.02847      0.02847      0.02868      0.0282      0.02817      0.02839      0.02864      0.02811      0.02813      0.02829      0.02863      0.02817
      27      65      7      HE      0.01362      -0.632      -1.2842      -8.4964      -0.0425      -0.3888      0.31448      -11.417      -0.0504      -0.8798      -2.0869      -6.4576      0.00217      -0.4641      0.49485      -7.858      0.02871      0.02923      0.02881      0.02854      0.02885      0.02918      0.0287      0.0285      0.02871      0.02914      0.02872      0.0285      0.02866      0.02915      0.02861      0.02848
      29      65      3      HE      0.09013      -0.6102      -0.9129      20.3006      0.07384      -0.2044      -1.4048      10.2056      0.06573      -0.3277      0.86022      -2.3      0.05961      -0.2205      0.87354      1.08544      0.02861      0.02858      0.02883      0.02805      0.02874      0.02839      0.02874      0.02818      0.02853      0.02835      0.0287      0.0281      0.02849      0.02832      0.02868      0.02808
      27      65      6      HE      0.07954      -1.2124      -2.2078      -18.496      0.08483      -0.9325      -2.5915      -20.599      0.06446      -0.9183      -0.7762      -17.345      0.07401      -0.9667      0.36601      -11.533      0.02882      0.02854      0.02873      0.02797      0.0289      0.02842      0.02865      0.02792      0.02866      0.02836      0.02854      0.02788      0.02868      0.02828      0.02852      0.02784
      18      65      3      HE      0.03087      -6.0087      -5.8941      12.5825      0.06779      -5.9082      -4.3877      -0.1517      0.01777      -5.7863      -3.7269      10.8826      0.02346      -6.0253      -3.9315      -22.999      0.02837      0.02854      0.02883      0.02805      0.02846      0.02849      0.02869      0.02816      0.02834      0.0284      0.02867      0.02807      0.02836      0.02842      0.02867      0.02817
      27      65      4      HE      0.02609      -2.479      -2.8973      -7.9944      0.0359      -1.8351      1.01967      5.6636      0.01934      -2.2287      -0.2021      8.12827      0.02848      -2.1061      -0.2002      15.8708      0.02772      0.02821      0.02779      0.02748      0.02784      0.02819      0.02765      0.02737      0.02776      0.02817      0.02758      0.0273      0.02761      0.02813      0.02762      0.02712
      17      65      3      HE      0.05515      -3.0298      -1.3496      -18.593      0.06025      -1.6558      -2.4151      -14.431      0.05082      -2.4953      -0.537      -14.386      -0.0948      -3.0128      -2.7433      -7.0069      0.02817      0.02855      0.02826      0.02862      0.02823      0.02823      0.02813      0.02858      0.02812      0.02837      0.02806      0.02857      0.02802      0.0284      0.02811      0.02843
      18      65      5      HE      0.02658      -3.2198      -5.8886      -19.731      0.02646      -3.2758      -2.2644      -9.535      0.0105      -3.3467      -4.104      -15.533      0.01276      -3.2567      -1.7567      -11.969      0.02842      0.02818      0.02836      0.02869      0.02855      0.02823      0.02823      0.0287      0.02847      0.02816      0.02824      0.02853      0.02837      0.0281      0.02817      0.0286
      18      65      1      HE      0.03116      -5.1837      -4.5043      2.01008      0.06789      -4.7973      -4.0204      8.70639      0.05339      -5.1484      -4.5019      2.23751      0.03177      -5.0593      -5.4028      -3.1513      0.02828      0.02873      0.02807      0.02844      0.02833      0.02862      0.02803      0.02841      0.02826      0.02865      0.0279      0.02837      0.02816      0.02862      0.02783      0.02833
      18      65      4      HE      0.02071      -5.3845      -3.7278      26.041      0.02094      -5.3647      -1.0794      7.96012      0.05133      -5.0657      -3.0236      4.80826      0.04451      -5.3816      -3.5093      7.82367      0.02809      0.028      0.02852      0.02769      0.02812      0.02797      0.02843      0.02757      0.02808      0.02791      0.02841      0.0276      0.02796      0.02792      0.02839      0.02762
      18      66      1      HE      -0.2068      -2.0428      -4.354      -5.0044      0.13037      -1.34      -0.7894      -8.4494      -0.1369      -1.9647      -1.0248      5.94874      -0.0862      -1.8082      -0.158      16.1966      0.02839      0.02853      0.02834      0.02746      0.02838      0.0285      0.02804      0.02743      0.02816      0.02841      0.02804      0.02734      0.02831      0.02841      0.02802      0.02733
      18      66      4      HE      0.0149      0.37635      1.7223      33.4722      0.02358      0.34743      3.34999      33.2841      -0.0981      0.1029      2.2074      34.1997      -0.1243      0.2971      3.99218      38.7043      0.02849      0.02885      0.02931      0.02777      0.02851      0.02899      0.02923      0.02779      0.02836      0.02891      0.02918      0.02771      0.02839      0.02891      0.02917      0.02771
      18      66      5      HE      0.06868      -1.833      -5.7235      -55.233      0.0771      -2.1932      -3.1835      -8.4983      -0.0125      -2.17      -3.3619      -19.374      0.05786      -2.2924      -0.8798      -37.549      0.0284      0.02889      0.02842      0.02869      0.02838      0.029      0.02827      0.02855      0.02827      0.02889      0.02815      0.0285      0.02828      0.02889      0.02812      0.02853
      17      66      3      HE      -0.0681      1.11749      4.08309      -7.443      0.03437      1.46231      3.68348      7.33685      -0.1285      0.95193      4.70655      18.5095      0.05511      1.48269      2.37828      6.47727      0.02844      0.02877      0.02863      0.0287      0.02844      0.02878      0.02847      0.02866      0.02825      0.0287      0.02843      0.02859      0.02827      0.02869      0.0284      0.02863
      28      65      4      HE      0.08207      -0.6089      -0.37      16.1618      0.09345      -0.6998      -1.5676      14.0697      0.03146      -1.0124      0.39513      -18.889      0.06936      -0.9671      -0.697      -15.176      0.02821      0.0285      0.02853      0.02789      0.02822      0.02867      0.02848      0.02797      0.02803      0.02855      0.02837      0.02792      0.02807      0.02856      0.02838      0.02797
      18      66      3      HE      0.06796      1.72716      -0.0088      -22.865      0.03469      1.19077      0.5228      -18.867      0.02457      1.17764      -1.5824      -6.4332      0.05558      1.31595      -0.9317      -11.309      0.02807      0.02807      0.02842      0.02788      0.02807      0.02821      0.02826      0.02781      0.02794      0.02817      0.02828      0.02778      0.02797      0.02817      0.02827      0.02771
      28      65      7      HE      0.00776      -5.2766      -4.3781      5.71962      0.00512      -5.3362      -5.1765      2.63203      0.04363      -5.3708      -4.9662      10.6034      0.01262      -5.5285      -3.0906      13.7197      0.02766      0.02762      0.02698      0.0281      0.02765      0.02768      0.02694      0.0281      0.0276      0.02765      0.02692      0.02809      0.02763      0.02763      0.02686      0.028
      28      65      3      HE      0.0288      -5.4519      -6.992      -28.333      -0.0062      -5.8598      -5.1749      -24.551      0.03112      -5.8311      -4.9417      -27.018      -0.0117      -5.7261      -4.7868      -20.578      0.02854      0.02908      0.02892      0.02899      0.02854      0.02922      0.02871      0.02886      0.0285      0.02915      0.02868      0.02883      0.02853      0.02912      0.02872      0.02884
      28      65      5      HE      0.04876      -4.3      -5.9837      -6.0663      0.02312      -4.2671      -2.7844      -40.186      0.03872      -4.5226      -4.028      -15.444      0.01964      -4.3062      -2.5324      -49.211      0.02812      0.0285      0.02883      0.02847      0.02816      0.02852      0.02875      0.02856      0.02806      0.02851      0.02864      0.02852      0.0281      0.02848      0.0286      0.0286
      28      65      6      HE      -0.0322      -4.4308      -5.3034      -43.836      -0.0032      -4.0425      -6.0213      -36.364      -0.0143      -4.167      -5.3087      -32.539      -0.0088      -4.1559      -4.5903      -43.465      0.02858      0.02901      0.0289      0.02838      0.02858      0.02895      0.02877      0.02836      0.02854      0.02893      0.02875      0.02832      0.02858      0.02893      0.02874      0.02833
      26      65      7      HE      0.05866      -4.5074      -4.6032      -15.896      0.08138      -4.7954      -0.2808      -1.0665      0.06224      -4.7176      -1.3711      -5.2068      0.07419      -4.9521      0.28044      0.03058      0.02856      0.02905      0.02888      0.02851      0.02857      0.02914      0.02865      0.0284      0.0285      0.02907      0.02857      0.02839      0.02853      0.02907      0.02856      0.02838
      28      65      2      HE      0.01046      -4.9807      -5.597      -3.3118      0.01804      -5.3161      -5.7762      -12.654      0.04429      -5.152      -5.1876      -0.7662      0.0476      -4.8906      -4.9945      -5.5485      0.02835      0.02892      0.02849      0.02834      0.02839      0.02899      0.02846      0.02845      0.02831      0.02893      0.02842      0.0284      0.02832      0.02893      0.02838      0.02832
      29      65      1      HE      0.01207      1.12335      3.35015      -15.425      0.06855      1.92259      3.42237      6.40173      0.06094      1.19143      5.22848      -9.0949      0.05943      1.17614      5.23349      4.61281      0.02778      0.02819      0.02849      0.0275      0.02775      0.02795      0.02834      0.02736      0.02772      0.02804      0.02834      0.02738      0.02769      0.02804      0.0283      0.02731
      28      65      1      HE      0.00597      -1.1149      -3.0155      -27.07      0.03204      -0.9132      -3.7238      -40.37      0.02484      -0.7491      -1.9292      -36.305      0.00678      -0.5557      -2.5999      -36.106      0.0275      0.02796      0.02811      0.02807      0.02745      0.02789      0.02795      0.02803      0.02743      0.02779      0.02791      0.02795      0.02741      0.02777      0.02788      0.02795
      18      66      2      HE      0.01989      0.65448      1.4095      -9.9474      0.06627      0.92385      1.25916      -9.743      0.07095      0.84942      1.65468      -3.7863      0.02362      0.87563      -0.0735      -8.3739      0.0279      0.02817      0.02804      0.02795      0.02787      0.02815      0.0279      0.02787      0.02778      0.02812      0.02783      0.02779      0.0278      0.0281      0.02786      0.02781
      17      66      2      HE      -0.0083      -1.118      -2.6226      -29.936      0.01019      -0.8873      -0.1675      -29.998      -0.0208      -0.8181      -0.1004      -35.725      -0.0015      -0.9462      0.4876      -24.283      0.02828      0.02835      0.02854      0.02796      0.02823      0.02823      0.02832      0.02791      0.02819      0.02819      0.02834      0.02793      0.0282      0.02818      0.02828      0.02787
      16      66      4      HE      0.01478      0.81836      -1.5999      -20.777      0.02142      1.28717      1.72812      -32.799      0.03064      1.09408      2.58311      -26.596      -0.0143      0.77522      2.14299      -26.251      0.02777      0.02801      0.02846      0.02741      0.02773      0.02786      0.02828      0.02739      0.02772      0.02784      0.02819      0.02734      0.02767      0.02787      0.02821      0.02722
      29      65      2      HE      0.04244      -2.5288      -1.7067      13.5086      0.0166      -2.0211      0.9086      -2.1822      0.01145      -2.1697      -0.5576      -6.8949      -0.0072      -2.2697      0.86144      -1.4295      0.02806      0.02805      0.0289      0.0276      0.02803      0.02791      0.02872      0.02762      0.02799      0.02789      0.02869      0.02761      0.02795      0.02789      0.02863      0.02758
      19      63      2      HE      -0.003      0.10907      -1.9999      -47.616      -0.0098      0.27426      0.82757      -42.668      0.00055      0.35175      -0.5411      -45.721      -0.0096      -0.1234      0.36826      -52.848      0.02778      0.02764      0.02715      0.02758      0.02778      0.02768      0.02703      0.02759      0.02764      0.02765      0.02697      0.02753      0.02768      0.02766      0.02695      0.02752
      20      63      3      HE      0.01269      -0.3247      -0.6983      -10.69      0.0382      -0.233      3.7647      2.67155      0.03653      -0.2786      0.71498      0.92502      0.04281      -0.1533      3.29846      11.1209      0.02707      0.02777      0.0276      0.02771      0.02707      0.02792      0.02744      0.02755      0.02699      0.02782      0.0274      0.02757      0.02702      0.02783      0.02735      0.02753
      22      63      3      HE      -0.0059      -1.5083      -2.2952      -11.262      -0.0097      -1.8928      -1.6631      -14.204      -0.0147      -1.6636      -0.4606      -47.106      0.01118      -1.9496      -2.2472      -14.14      0.02782      0.02777      0.02764      0.02747      0.02784      0.02791      0.02747      0.02748      0.02775      0.02779      0.02744      0.02753      0.02777      0.02778      0.02749      0.02748
      24      63      3      HE      0.01352      -3.6649      -6.8996      -35.631      0.01798      -3.6375      -4.9359      -53.531      0.00414      -3.9952      -6.2801      -44.247      0.02707      -3.6172      -5.148      -43.475      0.02742      0.02737      0.02699      0.02636      0.02748      0.02753      0.02687      0.02644      0.02737      0.02747      0.02676      0.02632      0.02743      0.02747      0.02678      0.02635
      24      63      2      HE      0.05657      -0.892      1.93352      12.1645      -0.004      -1.0705      2.66302      -9.6013      0.01571      -0.871      2.27488      15.1096      0.06113      -0.589      3.41059      -8.7721      0.02752      0.02768      0.02722      0.02719      0.02761      0.02779      0.0271      0.02717      0.02747      0.02775      0.02706      0.02707      0.02749      0.0277      0.02704      0.02713
      26      63      2      HE      0.03746      -0.2209      0.42134      18.9186      0.03413      0.25483      2.2783      -3.7175      0.01351      -0.1007      0.27067      -7.7049      0.03785      -0.1555      2.22357      -5.7734      0.02753      0.02754      0.02734      0.0271      0.02753      0.02751      0.02721      0.02713      0.02743      0.02751      0.02724      0.02714      0.02744      0.02749      0.02716      0.0271
      24      63      6      HE      0.02474      0.32396      -0.4013      3.47519      0.02025      0.10609      3.28102      0.98916      0.0354      0.26123      1.85252      20.5566      0.0348      -0.0034      1.64387      23.5079      0.028      0.02816      0.02767      0.02792      0.028      0.02824      0.02743      0.02791      0.02798      0.02821      0.02741      0.02781      0.02786      0.02821      0.02739      0.0278
      24      63      5      HE      0.02083      1.86749      1.54656      0.21445      -0.0247      1.80255      2.57688      0.25514      0.00672      1.75115      4.79875      14.0448      0.00945      1.46909      2.0197      3.90943      0.02772      0.02799      0.02754      0.02685      0.02769      0.02802      0.02733      0.02667      0.02766      0.02802      0.0273      0.02663      0.02758      0.02798      0.02724      0.02664
      26      63      5      HE      0.01396      2.77054      0.49931      6.74223      0.01437      3.01858      5.49761      2.90257      0.01213      2.51675      2.78724      -11.395      0.00142      2.68222      1.53771      1.23687      0.02789      0.02809      0.02791      0.02788      0.0279      0.02818      0.02776      0.02785      0.02782      0.02815      0.0277      0.02776      0.02778      0.02813      0.02766      0.02775
      26      63      6      HE      0.0413      -1.0177      -2.0965      -15.726      0.03125      -1.0578      0.35588      -9.5561      0.02954      -0.9914      -0.4356      -2.544      0.03533      -1.0666      2.28443      -6.3231      0.02807      0.02819      0.02776      0.02717      0.02803      0.02822      0.02766      0.0271      0.028      0.02817      0.02762      0.02703      0.02794      0.02814      0.02755      0.02705
      19      63      3      HE      0.02117      -1.436      -1.3621      16.0221      0.04587      -1.6125      0.85999      21.2572      -0.0354      -1.7741      0.94974      1.04477      0.02875      -1.4024      -0.9367      27.2351      0.02811      0.02823      0.02787      0.02755      0.02813      0.02828      0.02782      0.02744      0.02802      0.02816      0.02772      0.02742      0.02793      0.02812      0.02775      0.02742
      26      63      3      HE      0.01661      1.00942      0.88727      -2.4576      0.01375      0.95623      0.47173      6.37199      0.01145      1.12726      2.79981      16.0763      0.00564      0.8638      3.50474      17.6082      0.02795      0.02802      0.0281      0.0269      0.02793      0.02798      0.02798      0.02681      0.02785      0.02793      0.0279      0.02676      0.02777      0.02793      0.02788      0.02673
      19      63      5      HE      0.00309      -5.0993      -6.8708      -13.789      0.01901      -5.3529      -6.7504      -17.97      0.04037      -5.2277      -4.0085      -20.46      0.02675      -5.3341      -5.4179      -22.447      0.02817      0.02818      0.02797      0.02693      0.02819      0.02826      0.02794      0.02693      0.0282      0.02819      0.02783      0.02681      0.02816      0.0282      0.02786      0.02689
      26      63      4      HE      0.05248      -5.3494      -5.8454      -19.059      0.06513      -5.2133      -2.1667      -10.897      0.03303      -5.2105      -3.6703      -8.8117      0.01237      -5.5232      -1.1937      -7.898      0.02776      0.02817      0.02744      0.02888      0.02778      0.02814      0.02726      0.02878      0.02781      0.02813      0.02717      0.02874      0.02772      0.02812      0.02716      0.02875
      20      63      6      HE      -0.0896      -3.6294      -1.6506      6.3015      -0.0741      -3.8859      0.16633      25.8977      -0.1009      -3.9304      0.78902      19.6936      -0.0264      -4.0583      -0.336      19.3974      0.02783      0.02849      0.02822      0.02842      0.02789      0.02866      0.02813      0.02833      0.02787      0.02861      0.02807      0.02833      0.0278      0.02858      0.02809      0.02834
      20      63      5      HE      0.03711      -4.0869      -6.482      -19.699      0.00918      -4.3141      -6.0165      -18.124      -0.0043      -4.2443      -5.7816      -18.621      0.05391      -4.0486      -5.391      -20.883      0.02771      0.02818      0.02804      0.02822      0.02773      0.02827      0.02798      0.02817      0.02779      0.02823      0.02796      0.0281      0.02772      0.02819      0.02791      0.02807
      22      63      5      HE      -0.0075      -4.7286      -8.1315      -36.101      0.03948      -4.4297      -3.2312      -28.057      -0.0153      -4.8418      -4.6106      -21.601      -0.0052      -4.977      -3.1863      -5.6397      0.0274      0.02839      0.02779      0.02808      0.02744      0.02845      0.0276      0.02806      0.02747      0.02848      0.02762      0.02799      0.02743      0.02842      0.02757      0.02789
      22      63      6      HE      -0.0142      -4.9168      -2.1725      -2.683      -0.0151      -4.8049      -3.9818      20.7678      -0.011      -4.736      -2.2905      14.2899      0.03455      -4.9658      -2.4761      31.5015      0.02772      0.02799      0.02776      0.02826      0.02774      0.02805      0.02767      0.02809      0.02777      0.02799      0.02762      0.02803      0.02774      0.02803      0.02762      0.02781
      19      63      1      HE      0.0417      -1.5986      -0.1665      -20.841      0.054      -1.8825      1.51504      -9.9083      0.0264      -1.7523      4.6147      -6.7486      0.03881      -1.8949      3.84587      -3.8198      0.02808      0.02803      0.02827      0.0272      0.028      0.02816      0.0281      0.02708      0.02802      0.02812      0.028      0.02713      0.02793      0.02811      0.028      0.0271
      20      63      1      HE      0.0098      -1.8605      0.49046      8.96531      0.02731      -1.9319      -0.0073      13.095      0.02206      -1.8348      3.06536      -7.5969      0.02413      -1.8371      1.50076      -7.7444      0.02794      0.02786      0.02826      0.02806      0.02787      0.02802      0.02813      0.02803      0.02793      0.02797      0.02807      0.02801      0.02778      0.02799      0.02807      0.02799
      22      63      1      HE      -0.0659      0.34681      2.58264      8.83724      -0.0497      0.19539      2.98115      27.3355      -0.0808      0.01298      1.56401      13.2244      -0.113      -0.4151      2.75297      26.9798      0.02828      0.02863      0.02772      0.02777      0.02822      0.02881      0.02765      0.02773      0.02824      0.0288      0.02755      0.02775      0.0281      0.02875      0.02757      0.02769
      24      63      1      HE      0.03987      -2.4135      -3.9255      -7.9183      0.00646      -2.3809      -2.1791      -28.258      -0      -2.0912      -3.134      -2.8333      0.01054      -2.7274      -3.6965      -20.92      0.02793      0.02839      0.02789      0.02842      0.02784      0.02846      0.02779      0.02848      0.02791      0.0284      0.02778      0.0284      0.02775      0.02839      0.02772      0.02844
      19      63      4      HE      -0.0414      0.23696      1.35068      -0.3872      0.04129      0.18334      1.7913      17.0988      0.04096      -0.0173      3.44105      39.9438      -0.0649      -0.0827      0.75703      13.513      0.02778      0.02811      0.02747      0.02777      0.0277      0.02817      0.02739      0.02775      0.02773      0.02813      0.02734      0.02763      0.02761      0.02811      0.0273      0.02768
      26      63      1      HE      0.06607      -0.8609      0.58686      28.0241      0.03831      -1.0988      -0.0625      18.8628      0.05318      -1.3832      2.85351      18.304      0.04933      -1.0726      0.03311      50.1112      0.02825      0.02816      0.02786      0.02768      0.02817      0.02828      0.02776      0.0276      0.0282      0.02823      0.0277      0.02762      0.02805      0.02819      0.02767      0.02744
      19      63      6      HE      0.0656      1.12022      1.92005      11.1924      0.05226      0.96315      3.43572      6.25641      -0.0117      0.33711      3.49021      -0.3093      -0.0514      0.30285      2.40065      7.18587      0.02882      0.02902      0.02919      0.02816      0.02855      0.02912      0.02907      0.02825      0.02859      0.02909      0.02905      0.02814      0.02864      0.02911      0.02902      0.02825
      24      63      4      HE      0.047      0.95419      1.10423      16.6408      0.03952      0.77227      3.11314      20.6974      0.08271      0.64279      3.0758      16.8117      0.05272      0.68347      3.90306      -1.5626      0.02871      0.02857      0.02901      0.02801      0.02844      0.02861      0.02895      0.02797      0.02856      0.02858      0.0289      0.02806      0.02851      0.02859      0.02881      0.02799
      22      63      2      HE      0.02596      -0.4871      0.16299      8.11007      0.02301      -0.6174      1.43325      4.78914      0.06983      -0.2651      2.48029      4.75911      0.01782      -0.6066      1.97622      12.2402      0.02869      0.02901      0.02845      0.02861      0.02836      0.02904      0.02832      0.02852      0.02853      0.02904      0.0283      0.0285      0.02848      0.029      0.02829      0.02843
      20      63      2      HE      0.05751      -0.2073      0.64865      -6.4299      0.02581      -0.5314      0.20505      -6.9799      0.06748      -0.5644      1.8983      -0.9378      0.03977      -0.5144      1.38303      -0.6573      0.02855      0.0285      0.0279      0.02847      0.02829      0.02858      0.02789      0.02844      0.0285      0.02852      0.02788      0.02838      0.02846      0.02855      0.02776      0.02841
      22      63      4      HE      -0.0666      2.10204      2.04299      -5.1289      -0.084      1.62419      6.0139      -4.5109      -0.0716      1.72153      6.37959      -9.8333      -0.0424      1.60278      4.15222      -8.1704      0.02879      0.02864      0.02784      0.02782      0.02858      0.02877      0.02774      0.0277      0.0287      0.02876      0.02768      0.02768      0.02865      0.02874      0.02766      0.02765
      20      63      4      HE      0.05618      -0.0702      0.66399      -26.397      0.02296      -0.1621      0.07925      -36.503      0.04216      -0.1992      0.1293      -31.5      0.07465      -0.3422      0.55554      -46.11      0.02908      0.02868      0.0286      0.02771      0.02879      0.02868      0.02847      0.02773      0.02891      0.02867      0.0284      0.02767      0.02888      0.02868      0.02838      0.02768
      19      64      5      HE      -0.0136      -2.2738      -4.8614      -25.834      -0.0216      -1.9097      0.32523      -31.708      -0.02      -1.6871      -0.9993      -17.601      -0.0114      -1.6759      -0.6759      -20.628      0.02787      0.02779      0.02803      0.02806      0.02787      0.02765      0.02784      0.02804      0.02781      0.02761      0.02786      0.028      0.02773      0.02759      0.02783      0.02787
      19      64      6      HE      0.00993      -0.92      -2.5733      -6.7024      0.02157      -0.5693      -0.8742      -0.6139      0.05133      -0.4889      0.7307      23.4204      0.03164      -0.6805      -0.1921      8.89056      0.02794      0.02804      0.02736      0.02728      0.0279      0.02796      0.02725      0.02715      0.02787      0.02793      0.02724      0.02706      0.02781      0.02794      0.02712      0.02709
      21      63      2      HE      0.0406      -0.3763      0.92556      -20.569      0.02504      -0.3274      2.72687      -5.0056      0.03946      -0.35      3.15669      -10.596      0.03992      -0.8888      1.57025      -15.328      0.02771      0.02783      0.02804      0.02769      0.02766      0.02781      0.02792      0.02767      0.02765      0.0278      0.0279      0.02764      0.02754      0.02782      0.02782      0.02757
      20      64      2      HE      0.01583      -1.7785      -0.4437      -17.694      0.01517      -1.5234      -0.585      -24.974      0.02283      -1.5745      0.40458      -26.137      0.01797      -1.5629      0.29227      -22.368      0.02808      0.02794      0.02787      0.02729      0.02807      0.02785      0.0278      0.02737      0.02806      0.02785      0.02783      0.02734      0.02803      0.02782      0.02772      0.02723
      21      63      4      HE      0.02604      -0.6535      -1.7072      3.72651      -0.0303      -0.2      0.67215      2.08835      -0.0316      -0.7312      -0.8737      1.01279      0.03641      -0.7343      -2.5621      -15.47      0.02806      0.02809      0.0281      0.02767      0.02806      0.02801      0.0281      0.02762      0.02797      0.02807      0.02807      0.02762      0.02796      0.02807      0.02807      0.02763
      20      64      4      HE      0.08933      -3.5008      -3.6184      -0.6737      0.05024      -3.2444      0.05945      15.4578      0.04974      -3.0045      -0.9132      15.7618      -0.0018      -3.6299      -4.0756      18.9622      0.02794      0.02771      0.02737      0.02734      0.02785      0.02761      0.02717      0.0273      0.02781      0.02757      0.02716      0.02727      0.02775      0.02762      0.02726      0.02718
      19      64      1      HE      0.0065      1.43467      2.08316      4.1168      -0.0061      0.74354      3.7334      9.16045      -0.0245      1.2915      2.10592      10.1697      0.02588      1.20124      2.40926      0.48971      0.02844      0.02841      0.02807      0.02849      0.0281      0.02843      0.02792      0.02843      0.02835      0.02838      0.02797      0.02841      0.02804      0.02838      0.02788      0.02842
      20      64      1      HE      0.03353      0.54223      1.77172      16.1012      0.06593      0.28959      2.86241      -1.2977      0.02296      0.51898      3.73835      -9.9926      0.00049      -0.0732      4.39917      -1.3077      0.02847      0.02843      0.0283      0.0286      0.02815      0.02853      0.02817      0.02857      0.02843      0.02851      0.02817      0.02856      0.02803      0.02851      0.02815      0.02854
      21      63      1      HE      0.00846      0.5745      0.18268      -6.3791      -0.03      0.02682      3.78599      10.4792      0.03071      0.02867      3.89409      21.471      -0.0344      0.43077      2.58309      -13.473      0.02825      0.02842      0.02824      0.02795      0.02796      0.02845      0.02805      0.02789      0.02828      0.02845      0.02806      0.02785      0.02788      0.02838      0.02805      0.02794
      23      63      1      HE      0.01159      0.43578      0.65013      8.37952      0.01298      0.3627      2.73878      2.13248      0.04011      0.68502      3.26163      3.6076      0.00481      0.39843      2.05145      5.59206      0.0283      0.02817      0.02817      0.02746      0.02802      0.02824      0.02811      0.0274      0.02824      0.02822      0.02807      0.02731      0.02797      0.02818      0.028      0.02739
      19      64      4      HE      -0.0786      0.93583      3.75565      0.83072      0.02077      0.47981      4.20317      -1.2832      0.0253      0.54032      3.43146      9.48222      0.02202      0.25084      3.17112      5.56582      0.02812      0.02807      0.02841      0.02855      0.02788      0.02818      0.02835      0.02844      0.02806      0.02819      0.02834      0.02839      0.02777      0.02815      0.02826      0.02834
      25      63      1      HE      0.03844      3.13198      0.52047      -1.477      -0.0044      2.96857      2.29185      12.8732      0.04097      3.11443      2.26705      -8.1569      -0.0012      2.80398      1.54926      -6.0929      0.02821      0.02838      0.02808      0.02742      0.02794      0.02839      0.02798      0.02736      0.02817      0.02836      0.02792      0.02729      0.02782      0.02831      0.02791      0.02728
      23      63      6      HE      0.0513      -2.3755      -1.9889      -27.075      0.00119      -2.3078      -0.9123      -28.684      0.0464      -2.1554      -0.7064      -26.357      0.03515      -1.8835      -2.0079      -29.192      0.0277      0.02816      0.02769      0.02808      0.02767      0.02823      0.0276      0.02817      0.02768      0.02821      0.02755      0.02817      0.02761      0.02817      0.02752      0.02812
      25      63      4      HE      -0.0098      -1.5341      -1.225      3.39537      0.02285      -2.0123      -0.0011      3.59287      0.01202      -2.0381      1.72926      4.96718      -0.0124      -2.2104      0.18069      1.63565      0.02789      0.028      0.02766      0.02827      0.02784      0.02814      0.02759      0.02822      0.02786      0.0281      0.02753      0.0282      0.02777      0.0281      0.02753      0.02813
      20      64      5      HE      -0.0833      0.24753      0.04292      -23.029      -0.0783      0.32267      1.77273      -6.0342      -0.1187      -0.0844      0.36861      -20.161      -0.1029      -0.0187      2.24991      -4.404      0.02775      0.02788      0.0278      0.02735      0.02771      0.02796      0.02769      0.02733      0.02774      0.02794      0.02771      0.02735      0.02762      0.02792      0.02765      0.02724
      21      63      6      HE      0.01289      -2.7221      -3.3196      -26.611      0.03498      -2.7979      -1.4481      3.01761      0.05526      -2.5626      -0.7664      -18.333      -0.0007      -2.87      -1.5361      -10.348      0.0279      0.02773      0.02782      0.02725      0.02784      0.02781      0.0277      0.02714      0.02784      0.02775      0.02767      0.02716      0.02773      0.02774      0.02764      0.02715
      23      63      4      HE      0.00355      0.50192      -1.7778      -20.284      0.02633      0.11717      2.52373      -8.3927      0.05386      0.27359      2.25589      1.06772      0.03092      0.09882      0.5782      -17.349      0.0278      0.02825      0.02848      0.02796      0.02779      0.02836      0.02836      0.02787      0.02782      0.0283      0.02827      0.02773      0.02768      0.02826      0.02826      0.02769
      20      64      6      HE      -0.0107      -1.0694      -0.2353      -15.213      -0.0053      -1.1238      -0.9818      -10.059      0.04423      -0.8733      0.06829      -3.6158      0.03438      -1.1198      2.60536      -11.571      0.02773      0.02785      0.02754      0.02764      0.02766      0.02793      0.02746      0.02769      0.02768      0.02787      0.02741      0.02763      0.02755      0.02784      0.02738      0.02762
      21      63      5      HE      -0.0002      1.91158      -3.859      -28.592      0.00442      1.92567      2.62032      -26.892      0.00681      2.13794      2.92449      -20.798      0.00502      2.04887      0.16606      -22.27      0.02762      0.02763      0.02786      0.02737      0.02765      0.02767      0.02765      0.02734      0.02766      0.02762      0.02762      0.02735      0.02764      0.02758      0.02762      0.02725
      23      63      5      HE      0.0006      -0.1453      -2.5917      12.5276      -0.0018      -0.3304      0.45756      2.56625      0.01546      -0.5054      0.85873      1.68018      0.00049      -0.3848      0.72531      2.7298      0.02797      0.02879      0.02788      0.0276      0.02795      0.02877      0.02776      0.02754      0.02799      0.02874      0.02774      0.02746      0.02793      0.02874      0.02771      0.02742
      25      63      6      HE      -0.0095      -1.9087      -2.2094      -9.2113      -0      -1.3712      -0.9727      -3.9243      -0.0345      -1.5622      2.07611      -11.608      -0.0049      -1.4384      -1.1413      -28.253      0.02794      0.02814      0.02727      0.02763      0.02794      0.02809      0.02713      0.02756      0.02793      0.02804      0.02708      0.02758      0.02787      0.02804      0.02713      0.02764
      25      63      5      HE      -0.0355      -3.5784      -4.9008      -22.814      -0.0303      -3.2412      -3.8711      -16.778      -0.0315      -3.1363      -4.0032      -9.8807      -0.0236      -3.5325      -3.9068      -15.713      0.02802      0.02827      0.02821      0.02798      0.0281      0.02818      0.02802      0.02784      0.02808      0.02814      0.02802      0.02775      0.02804      0.02817      0.02802      0.0278
      19      64      3      HE      0.03492      -3.5703      -4.7123      -11.506      0.02665      -3.565      -2.2607      -7.3192      0.0033      -3.5664      -3.4244      -6.7063      -0.0021      -3.7913      -2.1633      4.5392      0.02775      0.02765      0.02738      0.02791      0.02778      0.0277      0.0272      0.02788      0.02778      0.02762      0.02719      0.02778      0.02772      0.02763      0.02715      0.02783
      25      63      3      HE      -0.0305      -5.1158      -5.0015      4.12758      -0.0317      -4.5164      -2.0385      -1.6667      -0.0197      -4.8992      -4.3506      15.6603      -0.0345      -4.6049      -4.1909      -6.415      0.02785      0.02805      0.02819      0.02821      0.02787      0.02804      0.02808      0.02802      0.02791      0.02804      0.02811      0.02801      0.02784      0.02801      0.02805      0.02804
      19      64      2      HE      0.04826      -4.4525      -4.277      -35.147      0.04882      -4.6713      -1.6895      -8.1115      0.02992      -4.8071      0.37006      -22.525      0.04926      -4.7179      -0.395      -12.023      0.02822      0.02881      0.02835      0.02902      0.02816      0.02887      0.02815      0.02887      0.02818      0.02883      0.02808      0.02888      0.02811      0.02882      0.02806      0.02887
      20      64      3      HE      0.00367      -5.2849      -4.756      0.83389      0.00024      -5.2638      -3.4639      -23.664      0.01079      -5.3457      -3.3443      -22.062      -0.0016      -5.6319      -5.4543      -2.0576      0.0283      0.02882      0.02884      0.02814      0.02819      0.0288      0.02867      0.02825      0.02825      0.02877      0.02861      0.0282      0.02816      0.02877      0.02866      0.02816
      21      63      3      HE      -0.0058      -4.949      -4.1875      -3.7951      -0.0039      -5.3835      -2.1622      1.04312      0.01382      -5.0905      -1.9485      -0.4221      -0.0041      -5.5138      -0.8672      2.07026      0.02831      0.02872      0.02907      0.02922      0.02826      0.02879      0.02887      0.02929      0.02824      0.02874      0.02884      0.0292      0.02822      0.02875      0.02889      0.02916
      23      63      3      HE      -0.0062      -5.2443      -7.091      8.29815      -0.0145      -5.2547      -3.3241      -39.597      -0.0121      -5.11      -5.8587      -17.805      0.0016      -5.37      -6.0154      -22.589      0.02859      0.02863      0.02844      0.02896      0.02851      0.02865      0.02829      0.0291      0.02851      0.02866      0.02827      0.02904      0.02846      0.02865      0.02826      0.02905
      23      63      2      HE      0.0823      -5.1481      -4.6927      -34.753      0.08109      -4.9202      -2.272      -6.6413      0.03155      -5.1943      -2.399      -1.2726      0.03293      -5.0951      -2.1435      -6.3088      0.02825      0.02847      0.02855      0.02806      0.02817      0.02852      0.02838      0.02794      0.0282      0.02847      0.02838      0.02788      0.02816      0.0285      0.02831      0.02787
      25      63      2      HE      0.00646      -5.1695      -4.5053      -3.7388      0.05456      -5.1999      -1.9476      4.97451      0.07646      -5.3199      -2.5472      12.0269      0.01707      -5.4053      -3.471      11.7182      0.02828      0.02866      0.029      0.02836      0.02821      0.02866      0.02888      0.02832      0.02819      0.02865      0.02884      0.02815      0.02817      0.02868      0.02881      0.02813
      19      65      2      HE      -0.1371      -1.635      -0.8674      -42.678      -0.1003      -1.4453      -0.8013      -47.466      -0.1299      -1.6724      0.2404      -51.858      -0.0705      -1.4045      0.51084      -61.775      0.02761      0.02768      0.02757      0.02751      0.02768      0.02781      0.02749      0.0277      0.02761      0.02783      0.02736      0.0277      0.02759      0.02763      0.02739      0.02776
      20      65      3      HE      0.02523      -5.1565      -5.2059      -6.0834      0.04332      -4.7925      -0.4235      -6.9427      0.00681      -4.9762      -0.5648      -0.4665      0.02398      -5.3304      -1.4764      -23.492      0.02785      0.02811      0.0282      0.02769      0.02791      0.02803      0.02805      0.02775      0.02777      0.02798      0.02804      0.02778      0.02778      0.0281      0.02799      0.02774
      21      65      3      HE      0.01385      -4.4585      -5.7987      -43.073      -0.0075      -3.8048      -4.8898      -60.585      -0.0092      -4.1608      -5.3549      -55.497      0.02368      -4.0243      -5.044      -64.849      0.02732      0.02783      0.02777      0.02781      0.02738      0.02777      0.02774      0.02796      0.02727      0.02778      0.02764      0.02799      0.0273      0.02776      0.02764      0.02796
      23      65      3      HE      -0.0136      -4.8911      -3.5113      -21.245      0.0307      -4.8901      -2.3935      -45.119      -0.001      -4.6109      -1.6485      -71.68      -0.0162      -5.0193      -1.148      -78.679      0.02768      0.02812      0.02808      0.02852      0.02781      0.02813      0.02794      0.02874      0.02768      0.02804      0.02791      0.02889      0.02775      0.02801      0.02791      0.0289
      23      65      2      HE      0.06213      -2.4204      -1.6066      -10.633      0.05764      -2.5329      -1.6863      -37.299      0.0502      -2.1197      -0.7986      -51.817      0.07229      -2.8254      -1.3487      -26.332      0.0275      0.02772      0.02749      0.02869      0.02752      0.02776      0.02737      0.02875      0.02744      0.02757      0.02736      0.02879      0.0274      0.02775      0.02725      0.02867
      25      65      2      HE      0.06742      -1.8819      -1.0874      3.69358      0.04264      -1.2872      -0.1041      0.26268      0.01538      -1.906      -0.8332      -8.1247      0.03306      -2.12      -1.404      -14.225      0.02769      0.02834      0.02768      0.02791      0.02774      0.02824      0.02764      0.02801      0.02764      0.02832      0.02761      0.02802      0.02768      0.02837      0.02762      0.02791
      23      65      6      HE      0.07699      -0.0641      -1.8925      -19.946      0.07399      -0.221      -0.3106      -9.2268      0.03411      -0.2315      -0.086      -16.733      0.06531      -0.1832      -0.9896      1.07326      0.02805      0.02852      0.02774      0.02789      0.02813      0.02863      0.02763      0.02789      0.02793      0.02848      0.02759      0.02777      0.02798      0.02851      0.02754      0.02772
      23      65      5      HE      0.03629      -0.7869      2.94207      22.9537      0.05415      -0.5405      2.23783      13.9577      -0.0036      -0.7193      -0.5355      0.50306      0.02851      -0.7428      0.90286      17.7036      0.02901      0.02874      0.02772      0.02786      0.02912      0.0287      0.02768      0.02807      0.0289      0.02867      0.02767      0.02797      0.02891      0.02864      0.02764      0.02791
      25      65      5      HE      0.02521      0.10981      0.95513      16.0554      0.01549      0.62088      4.00968      -8.2487      0.02362      0.18995      1.89881      1.61037      0.04689      0.61342      2.15024      -2.3447      0.02789      0.02799      0.02797      0.02749      0.02797      0.02783      0.02783      0.02756      0.02776      0.02786      0.02787      0.02752      0.0278      0.02778      0.02776      0.02743
      25      65      6      HE      -0.0093      -0.2193      -0.7444      3.97143      0.00187      -0.2802      -0.2108      -1.5942      -0.0111      -0.4405      0.80988      -20.552      0.00623      -0.0798      1.1346      -19.129      0.02844      0.02833      0.02819      0.02904      0.02859      0.02835      0.02806      0.02922      0.02833      0.02832      0.02803      0.02918      0.02836      0.02827      0.028      0.0291
      19      65      3      HE      0.07543      -1.0205      -1.9514      -2.8996      0.06453      -0.7323      0.57643      -8.9791      0.01946      -0.8967      0.21099      -26.008      -0.0506      -1.0806      -1.1681      -22.802      0.0283      0.02879      0.02809      0.02838      0.02841      0.02869      0.02807      0.02847      0.0281      0.0287      0.02803      0.02842      0.02816      0.02867      0.02795      0.02839
      25      65      3      HE      0.05708      -0.425      1.33022      4.89876      0.04273      -0.1496      1.06487      5.45897      0.02372      -0.5264      0.68191      -15.623      0.02807      -0.5232      2.63909      -26.146      0.02806      0.02825      0.02854      0.02811      0.02819      0.02831      0.02847      0.02823      0.02789      0.0282      0.02842      0.02815      0.02797      0.02812      0.0284      0.02817
      19      65      5      HE      -0.0717      -1.0419      2.94248      -18.811      -0.0995      -0.9707      1.19649      -22.471      -0.0735      -0.9776      2.06053      -1.5901      -0.0828      -1.0161      0.02799      2.97495      0.02764      0.02749      0.02689      0.02696      0.02763      0.02747      0.02679      0.02706      0.02754      0.02744      0.02676      0.02698      0.0275      0.02743      0.02678      0.0269
      25      65      4      HE      -0.0055      -4.7731      -3.2338      7.90478      0.01774      -4.4567      -3.069      26.7461      0.00448      -4.6935      -6.2545      40.4455      0.00694      -4.5142      -4.5177      -0.9931      0.02785      0.02787      0.02799      0.02778      0.02781      0.02774      0.02795      0.02765      0.02779      0.02769      0.02797      0.02755      0.0277      0.02766      0.02793      0.02773
      20      65      6      HE      0.02951      -3.375      -2.9293      6.04952      0.0049      -3.5943      -1.1267      32.0899      0.01017      -3.776      -0.4587      15.5818      0.02886      -3.3322      0.04578      7.89466      0.02765      0.02767      0.02741      0.02737      0.02769      0.02761      0.0273      0.02726      0.02756      0.02763      0.02721      0.02721      0.02757      0.02755      0.02715      0.02725
      20      65      5      HE      0.02249      -4.2231      -4.072      11.1996      0.01723      -3.8338      -2.3446      12.8015      0.01459      -4.4572      -0.8046      -8.112      0.00434      -4.0095      -1.1666      9.52484      0.02748      0.02745      0.02726      0.02802      0.02754      0.0274      0.0272      0.02804      0.02743      0.02744      0.02711      0.02809      0.02745      0.02737      0.02709      0.028
      21      65      5      HE      0.02726      -2.3209      -2.787      -6.3238      0.04192      -2.1122      -1.0604      -31.885      0.04236      -2.3666      -1.6621      -31.391      0.04322      -2.1258      -2.6575      -4.6893      0.02742      0.02799      0.02777      0.0274      0.02742      0.02795      0.02773      0.02748      0.02734      0.02798      0.02765      0.02746      0.0273      0.02793      0.02763      0.02744
      21      65      6      HE      0.03359      -2.338      -2.4546      -26.534      0.02042      -1.7305      -2.91      -10.752      0.07618      -1.918      -4.3521      -24.118      0.03033      -1.7768      -3.9402      -19.503      0.02773      0.02796      0.02776      0.02829      0.02774      0.02788      0.02767      0.02819      0.02766      0.02781      0.02771      0.02821      0.02762      0.0278      0.02769      0.02814
      19      65      1      HE      0.05632      -1.6126      -2.3546      -21.142      0.06984      -1.4199      -0.5461      -35.585      0.03397      -1.0959      -1.1765      -14.948      0.05498      -1.4039      -1.9147      -23.464      0.02828      0.02862      0.02754      0.02868      0.0283      0.02863      0.02745      0.02868      0.02827      0.02855      0.02745      0.02868      0.02821      0.02855      0.02744      0.02863
      20      65      1      HE      -0.0015      -3.3292      -1.1057      -8.9257      0.00873      -2.4038      -1.6492      -20.194      -0.0243      -2.9216      -0.8032      -32.781      0.00196      -3.0875      -0.8618      -18.637      0.0285      0.02866      0.02834      0.02853      0.0285      0.0285      0.02819      0.02864      0.02846      0.02855      0.02818      0.02865      0.02836      0.02852      0.02814      0.02868
      21      65      1      HE      0.00334      -2.5812      -1.0786      4.85422      0.02624      -2.3783      -0.7595      15.7382      0.03446      -2.6006      2.06318      7.46725      -0.0047      -2.2813      1.67345      5.01898      0.02868      0.02877      0.02876      0.0292      0.02865      0.02878      0.02858      0.02913      0.02863      0.02876      0.02857      0.02915      0.02853      0.02875      0.02856      0.02913
      23      65      1      HE      -0.0099      -2.885      -1.6566      -7.1572      0.02514      -2.4096      -1.0226      -0.6731      -0.0038      -2.4014      -0.2418      10.6247      -0.0368      -2.8579      0.63545      20.1163      0.0287      0.02934      0.02842      0.02885      0.02876      0.02925      0.02823      0.02876      0.02868      0.02918      0.02819      0.02871      0.02859      0.02921      0.02822      0.0286
      19      65      4      HE      0.01481      -2.7118      -0.5759      -3.9439      0.08462      -2.4846      0.77683      -3.3804      0.05039      -2.617      -1.3076      -3.6329      -0.0137      -2.576      -0.4444      -3.9868      0.02835      0.02894      0.02893      0.02853      0.02841      0.02894      0.02891      0.02846      0.02833      0.02893      0.0289      0.02841      0.02823      0.02889      0.02883      0.0284
      25      65      1      HE      0.01909      -3.2068      -3.0041      -8.8036      0.03879      -3.3445      -5.568      -17.664      0.00471      -3.059      -3.5173      -13.716      -0.0009      -3.0044      -3.0786      -16.549      0.02861      0.02935      0.02934      0.02863      0.02865      0.02938      0.02934      0.02869      0.02858      0.02925      0.02931      0.02869      0.02848      0.02924      0.02931      0.02867
      19      65      6      HE      0.0603      -2.8517      -3.6962      -16.766      0.01534      -3.0286      -3.2865      -25.854      0.06219      -2.8383      -3.5603      -24.622      0.04546      -3.0157      -4.2198      -22.021      0.02873      0.02932      0.02932      0.02862      0.02879      0.02924      0.02922      0.0287      0.02859      0.02919      0.02922      0.02868      0.02859      0.02921      0.0292      0.02862
      23      65      4      HE      0.01682      -3.1429      -1.2311      -8.7276      0.06402      -2.8551      -1.5017      26.5031      0.04773      -3.8189      -1.4091      12.901      -0.0156      -3.2479      -0.1011      0.8594      0.02854      0.02853      0.02907      0.02842      0.02851      0.02852      0.02899      0.02823      0.02843      0.02859      0.02895      0.0283      0.02837      0.02852      0.02889      0.0283
      21      65      2      HE      0.03136      -2.9131      -2.4908      -10.633      -0.0274      -2.6118      -1.6091      20.8927      0.00744      -2.7743      -0.5458      3.2063      -0.0003      -2.8003      -0.8299      22.5153      0.02856      0.02856      0.0289      0.02847      0.02862      0.0285      0.02883      0.02835      0.02855      0.02846      0.02872      0.02838      0.02853      0.02845      0.02873      0.02829
      20      65      2      HE      0.05851      -1.5946      0.48784      -24.663      0.04646      -1.5736      2.22748      -17.837      0.02809      -1.6073      1.86407      -37.125      0.04154      -1.9365      2.3149      -14.726      0.02859      0.02847      0.02871      0.02792      0.02862      0.02843      0.02854      0.02805      0.02861      0.0284      0.02854      0.02792      0.02849      0.02834      0.02845      0.02786
      21      65      4      HE      0.08173      -3.7399      -3.6409      -9.2237      0.05547      -2.9213      -3.3635      -32.616      0.10703      -3.1925      -3.0774      -25.353      0.0786      -3.1166      -1.3417      -26.469      0.02869      0.0292      0.02874      0.02857      0.02866      0.02902      0.02855      0.02877      0.02858      0.02894      0.02849      0.02871      0.02853      0.02895      0.02842      0.02873
      20      65      4      HE      0.05217      -3.6906      -1.3839      -1.5631      -0.0158      -3.489      0.36118      -3.3754      0.00092      -3.3502      0.29388      -5.3581      0.03194      -3.1706      -0.9888      6.48925      0.0286      0.02838      0.02894      0.02834      0.02857      0.02828      0.02882      0.0283      0.0286      0.02826      0.02882      0.02839      0.02839      0.02821      0.02873      0.02818
      19      66      5      HE      0.00746      0.42837      1.07889      -8.3408      0.02523      0.60162      1.27423      -22.293      -0.0148      0.47572      2.15156      -12.402      -0.0066      0.3938      2.57915      -22.518      0.02829      0.02879      0.02859      0.02889      0.02824      0.02873      0.02848      0.02886      0.02825      0.0287      0.0284      0.02882      0.02823      0.0287      0.0284      0.02882
      19      66      6      HE      0.00124      1.5449      1.68671      -13.37      -0.0271      2.07716      2.9494      -10.922      0.00636      2.11935      4.35205      -6.8227      0.00532      2.05832      3.21209      4.48047      0.02841      0.02866      0.02891      0.0286      0.02839      0.02855      0.0288      0.02852      0.02842      0.02853      0.02867      0.02851      0.02838      0.02849      0.02864      0.02843
      22      65      2      HE      -0.0172      3.04683      5.20091      18.8688      -0.007      2.99016      3.33445      23.4754      -0.0068      2.68828      5.37081      29.0079      -0.0119      2.66595      5.40458      19.6644      0.02835      0.02856      0.02859      0.02891      0.02835      0.0286      0.02853      0.02897      0.02835      0.02863      0.02843      0.02883      0.02837      0.02858      0.02841      0.02883
      20      66      2      HE      0.02957      -0.6946      0.00085      -27.48      0.01179      -0.6701      2.9714      48.1689      0.03495      -0.3899      0.99592      18.1692      0.04052      -0.393      0.53219      8.64813      0.02847      0.02917      0.0288      0.02884      0.02843      0.02906      0.02853      0.02847      0.02842      0.029      0.02849      0.02853      0.02841      0.02895      0.02845      0.02848
      22      65      4      HE      0.04887      -1.7424      -1.0607      -24.438      0.01427      -1.4909      0.51996      6.84576      -0.0044      -1.661      0.74101      12.7332      0.04511      -1.264      1.03681      -4.218      0.02851      0.02857      0.02838      0.02791      0.02848      0.02856      0.02819      0.02768      0.02848      0.02851      0.0281      0.0275      0.02847      0.02849      0.02809      0.02754
      20      66      4      HE      -0.0374      1.29577      4.26354      28.0266      -0.026      1.48066      2.70548      11.5043      -0.0126      1.43633      2.85278      21.5924      -0.0218      1.61958      5.37072      5.56502      0.02839      0.02919      0.02848      0.02897      0.02832      0.02916      0.02842      0.02889      0.02834      0.02912      0.02841      0.02889      0.02832      0.02903      0.02835      0.0288
      19      66      1      HE      -0.0367      1.4567      2.34583      -8.9023      -0.0167      1.39719      3.40716      -16.544      0.01331      1.43046      2.39174      -29.438      -0      1.50144      2.57651      0.96857      0.02838      0.02858      0.0285      0.02912      0.02832      0.02864      0.02844      0.02924      0.02834      0.02856      0.02839      0.02918      0.02834      0.02839      0.02838      0.02916
      20      66      1      HE      -0.0803      -0.4695      0.78679      29.1678      -0.046      -0.4825      3.56805      1.0301      -0.0963      -0.9535      2.20497      29.531      -0.0696      -0.7526      2.32146      4.20365      0.02836      0.02872      0.02887      0.02863      0.02832      0.02874      0.02876      0.02874      0.0283      0.02876      0.02878      0.02864      0.02831      0.02869      0.02867      0.02866
      22      65      1      HE      0.03874      -0.99      1.07085      -3.0305      0.02829      -0.5975      0.63298      3.00671      0.05354      -0.4726      0.45144      -9.1648      0.04034      -0.8192      0.70403      -3.7641      0.02885      0.0291      0.0284      0.02941      0.02884      0.02898      0.02831      0.02934      0.02878      0.02888      0.02818      0.02931      0.02882      0.02892      0.02816      0.02931
      24      65      1      HE      0.04201      2.59638      2.557      5.43903      0.03677      2.32537      3.22913      23.327      0.05225      2.75939      4.55951      1.88021      0.03678      2.37339      5.79337      17.9235      0.02852      0.02866      0.02896      0.02817      0.02852      0.0287      0.02883      0.028      0.02849      0.02861      0.02888      0.02802      0.02846      0.02859      0.02872      0.02807
      19      66      4      HE      0.03217      3.787      5.83572      20.9781      0.02359      3.84915      7.57104      22.6657      0.02296      3.74396      6.72998      28.2908      0.02042      3.69685      6.75631      15.1831      0.02841      0.028      0.02794      0.02844      0.02843      0.02797      0.02786      0.0284      0.02838      0.02783      0.02781      0.02837      0.0284      0.02785      0.02783      0.02841
      26      65      1      HE      -0.0053      0.12177      2.14035      11.599      -0.0031      0.30699      2.54832      -1.3315      -0.0056      0.24847      2.6863      8.35656      -0.0067      0.47545      2.37912      9.65333      0.02871      0.02841      0.02847      0.02775      0.02867      0.02837      0.02838      0.02778      0.02864      0.02833      0.02833      0.02777      0.02864      0.02834      0.02834      0.02766
      24      65      6      HE      0.07181      1.07485      -0.2907      -7.3487      0.00045      1.42268      3.10367      -3.1983      0.02125      1.24108      2.94504      -3.1742      -0.0067      0.96061      2.94603      -3.7833      0.02791      0.02826      0.02735      0.0275      0.02791      0.02818      0.02709      0.02749      0.02786      0.02815      0.02709      0.02743      0.02786      0.02816      0.02709      0.02747
      26      65      4      HE      0.04069      -0.7809      -1.2703      7.20384      0.02686      -0.6108      2.76055      32.5249      0.01702      -0.4871      0.85806      34.3841      0.03569      -0.5603      1.8507      36.7925      0.02784      0.02803      0.02783      0.02723      0.02782      0.02798      0.02768      0.02696      0.02772      0.02783      0.02769      0.02692      0.02778      0.0279      0.02768      0.02692
      20      66      5      HE      0.04321      1.06658      3.08718      9.63717      0.05288      1.24334      3.02764      1.94892      -0.004      1.18202      2.54707      14.2776      0.01663      0.86667      2.40771      -29.798      0.02757      0.02798      0.0283      0.0282      0.02759      0.02801      0.02824      0.02828      0.02747      0.02799      0.02811      0.02817      0.02755      0.028      0.02811      0.02822
      22      65      6      HE      0.02112      -1.3537      -1.7231      -18.939      0.05342      -1.1633      -1.6911      -6.4154      0.01867      -1.0614      -1.3817      -2.5323      0.03449      -1.5475      -2.2451      -4.2751      0.02802      0.02766      0.02803      0.02764      0.02802      0.02755      0.02792      0.02764      0.02795      0.02752      0.02788      0.02754      0.02799      0.02755      0.02789      0.02761
      24      65      4      HE      -0.0133      1.02608      2.33365      20.923      0.04032      1.33591      4.57159      39.7748      -0.0327      1.37904      1.93092      10.9999      -0.0098      1.12922      3.21698      36.2801      0.0281      0.02833      0.02808      0.02784      0.02813      0.02825      0.02795      0.02774      0.02801      0.0282      0.02795      0.02769      0.02806      0.0282      0.02797      0.0277
      20      66      6      HE      -0.0101      -2.5433      -2.7195      16.817      -0.0016      -2.4314      -1.8487      8.89319      0.02896      -2.4131      -1.3861      16.0427      -0.0024      -2.4405      0.9666      11.8892      0.02802      0.0282      0.02812      0.02812      0.02796      0.02817      0.02797      0.02824      0.02784      0.02811      0.02797      0.02812      0.02792      0.02808      0.02796      0.02817
      22      65      5      HE      -0.0384      -4.7846      -6.8502      -41.992      0.00778      -4.3991      -6.7458      -32.163      0.01529      -5.0712      -6.8382      -31.773      0.04263      -4.8734      -6.4616      -29.402      0.02793      0.02842      0.02808      0.02804      0.02805      0.02833      0.02802      0.02813      0.02786      0.02836      0.028      0.02802      0.02801      0.02835      0.02795      0.028
      24      65      5      HE      0.02838      -4.8943      -5.3297      -17.699      0.02549      -4.723      -4.4886      -2.3724      0.02224      -4.7619      -4.6733      -14.662      0.04553      -4.6046      -5.262      3.71962      0.02814      0.02818      0.02798      0.02857      0.02821      0.02812      0.02795      0.02848      0.02808      0.02806      0.02795      0.02845      0.02817      0.02807      0.02781      0.02841
      26      65      6      HE      0.01999      -4.5651      -6.1327      -24.711      0.00467      -3.9235      -2.5273      -10.293      0.00555      -4.1198      -2.7119      -6.9052      0.03094      -4.0413      -4.017      -7.7696      0.02837      0.02869      0.02888      0.02792      0.02839      0.02862      0.02862      0.02779      0.0283      0.02865      0.02866      0.02778      0.02838      0.02862      0.02861      0.02764
      26      65      5      HE      0.06986      -5.1732      -6.5861      -9.8041      0.07556      -5.0029      -2.8127      41.2044      0.06316      -5.1257      -1.8353      11.1729      0.07706      -5.0382      -3.5514      38.057      0.02825      0.02823      0.02851      0.02799      0.02832      0.02828      0.02827      0.02771      0.0282      0.02826      0.02822      0.02781      0.02829      0.02821      0.02826      0.02767
      19      66      3      HE      -0.0461      -4.8528      -3.9187      -2.8351      -0.0201      -4.7181      -5.8535      6.96155      -0.0344      -5.0188      -3.2487      6.15412      -0.0151      -4.9284      -6.398      4.82852      0.0282      0.02844      0.02801      0.02837      0.02829      0.02847      0.02797      0.02828      0.0282      0.02844      0.02795      0.02832      0.02827      0.0284      0.02793      0.02821
      26      65      3      HE      0.038      -4.2061      -5.4169      -11.354      0.03414      -3.9991      -4.3205      -1.5635      0.02538      -3.8924      -5.0964      -9.3317      0.05361      -3.9277      -4.9386      -8.0644      0.02819      0.02833      0.02793      0.0277      0.02827      0.02827      0.02796      0.0276      0.02817      0.02817      0.02791      0.02756      0.02824      0.02816      0.02787      0.02742
      19      66      2      HE      -0.1954      -2.8225      -5.0088      -35.849      0.04364      -1.77      -3.1429      -29.906      -0.1741      -2.3678      -1.4137      -30.066      -0.1237      -2.311      -2.9068      -24.571      0.02837      0.02856      0.02787      0.02918      0.02835      0.02855      0.02776      0.0292      0.02824      0.02846      0.02765      0.02908      0.02834      0.02849      0.02767      0.02904
      20      66      3      HE      -0.1004      0.01053      -2.0535      -3.237      -0.1439      -0.3851      -0.3706      -18.576      -0.1024      -0.1086      -0.2339      -1.4167      -0.109      -0.1596      -0.4851      -4.0146      0.02809      0.02816      0.0286      0.02839      0.02805      0.02826      0.0285      0.02844      0.028      0.02821      0.02846      0.02843      0.02803      0.02818      0.02837      0.02834
      22      65      3      HE      0.0183      -2.4267      -4.8146      -18.062      0.01523      -2.7316      -3.5541      -25.813      0.01849      -2.5927      -4.8601      -28.408      0.0092      -2.4841      -2.905      -31.975      0.02835      0.02815      0.02802      0.02824      0.02831      0.02826      0.028      0.02824      0.02831      0.02823      0.02794      0.02822      0.02829      0.0282      0.02791      0.02815
      24      65      3      HE      -0.1158      0.96614      1.98731      16.7974      -0.1279      0.64444      2.87176      22.8583      -0.1187      1.03499      3.28434      3.76529      -0.1286      0.82489      4.23359      5.92266      0.02807      0.02869      0.02827      0.02784      0.02804      0.02878      0.02816      0.02777      0.028      0.0287      0.02812      0.02782      0.02798      0.02873      0.02806      0.02777
      24      65      2      HE      0.06266      -0.4303      0.3614      3.62245      0.05662      -0.1973      2.53699      7.35068      0.06252      -0.4441      0.61086      7.29232      0.05344      -0.357      1.80323      11.5554      0.028      0.02858      0.0285      0.02726      0.02797      0.0286      0.02842      0.0273      0.02795      0.02857      0.02838      0.02723      0.02793      0.02854      0.02836      0.02721
      26      65      2      HE      0.04966      2.02497      2.11779      -7.9018      0.05425      2.22664      4.22364      -8.9344      0.03494      1.76651      1.8346      -11.989      0.05283      1.91138      4.30423      -4.074      0.02833      0.02818      0.02867      0.02774      0.02827      0.02824      0.02854      0.0277      0.02827      0.02818      0.02856      0.02761      0.02822      0.02812      0.02848      0.0276
