#Linking QIE11 condition constant table...
#Printing QIE11 condition constant table! ShuntMode : 5
      29      63      1      HE      0.07842      -0.1065      -1.9003      -64.588      -0.0563      -0.3713      -1.3285      -13.178      0.01255      0.04721      6.01425      -25.666      -0.0524      -0.1966      -0.6609      -0.0154      0.06208      0.06247      0.06247      0.06171      0.06177      0.06261      0.06216      0.06116      0.06199      0.06249      0.06197      0.0613      0.06169      0.06236      0.06181      0.06095
      28      63      1      HE      -0.0758      0.17118      -3.5299      -9.2408      -0.2341      0.16692      -0.4552      -2.3243      -0.2541      -0.064      0.62367      5.96084      0.09637      0.44451      1.3892      5.4999      0.06234      0.06291      0.06235      0.06091      0.06216      0.06301      0.06217      0.06081      0.06223      0.06282      0.06212      0.06073      0.06196      0.06277      0.06204      0.06067
      18      63      2      HE      -0.0487      4.01793      3.71093      16.0244      -0.1043      3.86934      7.68693      6.17033      -0.0317      4.21356      8.6617      9.35147      0.00381      3.93973      7.41215      0.58434      0.06244      0.06164      0.06107      0.06048      0.06229      0.06164      0.06092      0.06027      0.06247      0.06152      0.06098      0.06022      0.06219      0.06152      0.06068      0.0603
      17      63      2      HE      0.0955      7.05555      4.73928      -30.104      0.10575      8.32769      9.74426      -35.781      0.09441      8.10443      13.281      -50.46      0.14464      8.19661      9.7535      -37.236      0.06229      0.06234      0.06207      0.06066      0.06211      0.06229      0.06183      0.06103      0.06223      0.0623      0.06175      0.06094      0.06199      0.06221      0.06165      0.06066
      16      63      4      HE      0.05308      3.83498      2.92352      -7.9256      0.01091      3.25578      5.88324      -15.388      0.06047      3.68444      2.7869      -38.166      -0.0158      3.67473      6.03614      -24.18      0.06199      0.06261      0.0609      0.06052      0.0619      0.06275      0.0608      0.06061      0.06198      0.0625      0.06081      0.06062      0.0618      0.06236      0.06062      0.0606
      29      63      2      HE      0.04978      -0.6922      -2.5942      -62.436      -0.0462      -0.1375      -3.13      -55.168      -0.0141      0.0178      -3.9706      -65.879      -0.0612      -0.5882      -1.4351      -98.647      0.06223      0.06288      0.06279      0.0623      0.06216      0.06287      0.06264      0.06229      0.06218      0.06283      0.06262      0.06218      0.06192      0.06271      0.06246      0.06214
      28      63      2      HE      -0.0447      1.52655      2.07509      -42.776      -0.0321      1.82702      8.18184      -26.191      -0.1156      2.10889      4.90795      -28.6      -0.0383      1.46448      2.29928      -20.382      0.06189      0.06255      0.06254      0.0631      0.06181      0.06267      0.06232      0.06287      0.06191      0.06271      0.06218      0.0629      0.06203      0.06252      0.06224      0.06302
      28      63      5      HE      -0.1156      -3.2211      -10.364      -69.189      -0.1355      -2.5747      -2.9604      -62.42      -0.1046      -3.7794      -2.4928      -21.274      -0.1895      -3.0351      -5.197      -44.307      0.06209      0.06251      0.06135      0.06159      0.06212      0.06257      0.06105      0.0616      0.06211      0.06252      0.06096      0.06145      0.06225      0.0624      0.0609      0.06154
      28      63      3      HE      0.04681      -3.3063      -2.0044      -14.273      0.07119      -3.1514      4.6478      30.961      0.05568      -2.7192      5.42797      28.603      0.06203      -3.4246      6.48601      29.3059      0.06214      0.06227      0.06226      0.06254      0.06224      0.06246      0.06182      0.06225      0.06209      0.06238      0.06168      0.06224      0.06232      0.06236      0.06152      0.06221
      28      63      7      HE      0.02629      3.45272      5.40229      10.7433      0.0354      3.57526      4.63546      18.7316      0.00805      2.58576      2.57908      7.2151      0.04705      2.73761      9.44942      3.93611      0.06247      0.06213      0.06225      0.06196      0.06251      0.06261      0.06193      0.06199      0.06236      0.06251      0.06198      0.06176      0.06262      0.06247      0.06183      0.06171
      26      63      7      HE      -0.0566      6.44614      0.05897      -57.138      0.05007      6.08328      0.90741      -82.826      0.01009      5.93246      1.03615      -42.482      0.04765      5.72976      6.12571      -71.353      0.06208      0.06143      0.06091      0.06084      0.06214      0.06181      0.06059      0.06085      0.06202      0.06167      0.06055      0.06067      0.06224      0.0616      0.06048      0.06071
      28      63      6      HE      -0.0813      -0.8322      -6.9934      -24.295      -0.0342      -0.7112      -3.1006      -36.811      -0.0685      -0.365      -6.6568      -56.312      -0.0334      -0.681      -0.9257      0.23253      0.06234      0.06193      0.06261      0.06229      0.06241      0.06204      0.06255      0.06236      0.06217      0.06196      0.06224      0.06224      0.06251      0.06195      0.06232      0.0621
      18      63      3      HE      -0.0439      -10.586      -19.318      -103.6      0.09352      -10.886      -14.465      -41.847      0.11559      -10.75      -16.42      -79.276      0.06012      -10.126      -19.07      -5.0455      0.06319      0.06225      0.06093      0.06126      0.06318      0.06234      0.0606      0.06094      0.06301      0.06213      0.06046      0.06104      0.06315      0.06214      0.0603      0.06061
      28      63      4      HE      0.05933      -11.883      -10.463      -16.792      0.05776      -11.217      -9.0847      -30.998      -0.2695      -11.828      -6.181      -34.627      0.06085      -11.163      -6.0308      -31.555      0.06232      0.06162      0.06191      0.06064      0.06223      0.06163      0.06169      0.06054      0.06223      0.06141      0.06152      0.0605      0.06211      0.06141      0.06153      0.06047
      17      63      3      HE      0.06601      -10.403      -16.615      -39.279      0.01757      -9.4867      -4.7785      -38.014      0.12192      -9.2303      -16.983      -39.671      0.06203      -9.4078      -11.935      -39.984      0.06247      0.06225      0.06212      0.06173      0.06231      0.06193      0.06168      0.06126      0.06247      0.06187      0.0618      0.06141      0.06231      0.06184      0.0617      0.06136
      18      63      5      HE      0.10833      -10.564      -12.199      -39.845      0.02107      -10.522      -6.3001      -6.2091      0.04868      -10.597      -6.0081      -9.0566      0.00307      -10.156      -6.7641      -8.0255      0.06233      0.06186      0.06312      0.06296      0.06228      0.06183      0.06273      0.06255      0.06242      0.06176      0.06261      0.06269      0.06222      0.06155      0.06254      0.06252
      18      63      1      HE      -0.0333      -11.101      -20.239      8.1701      -0.0046      -11.106      -12.321      41.9696      0.00882      -10.383      -15.674      41.5285      0.01063      -10.305      -14.871      67.1618      0.06186      0.06365      0.06257      0.06186      0.06189      0.06364      0.06211      0.06161      0.06202      0.06356      0.06218      0.06146      0.06176      0.0633      0.06207      0.06136
      18      63      4      HE      0.12935      -9.2757      -8.2771      7.47488      0.08493      -9.0366      -3.3248      14.7811      0.08925      -8.2818      -3.4322      24.2437      0.05686      -8.8296      -7.5443      -41.982      0.06276      0.06287      0.06264      0.06347      0.06262      0.06269      0.06249      0.06347      0.06272      0.06259      0.06236      0.06334      0.06255      0.06248      0.06228      0.06344
      18      64      1      HE      0.05675      2.32597      5.98093      -25.866      -0.0462      1.8969      7.42707      -0.1814      0.06593      1.87593      7.35287      25.6042      -0.0143      1.47788      6.47271      12.6447      0.06179      0.06216      0.063      0.06276      0.06155      0.06232      0.06253      0.06261      0.06145      0.06225      0.06242      0.06212      0.06151      0.06231      0.06239      0.06252
      18      64      4      HE      0.11761      2.81112      5.78266      -44.773      0.03317      2.74331      11.1345      5.70665      0.09485      3.14035      11.0971      0.81587      0.11449      2.17848      12.3483      -12.111      0.06143      0.06169      0.06226      0.06208      0.0611      0.06169      0.0619      0.06213      0.06121      0.06165      0.0618      0.062      0.06111      0.06172      0.06173      0.06191
      18      64      5      HE      0.09213      -1.4793      4.66979      28.9531      0.01658      -1.6742      6.61098      29.27      0.08678      -1.3193      0.78452      26.106      0.04841      -2.0319      4.10234      46.4193      0.06132      0.06241      0.06275      0.06251      0.06101      0.06256      0.06246      0.06226      0.06113      0.06248      0.06256      0.06213      0.06111      0.06245      0.06243      0.06203
      17      64      3      HE      0.10461      -1.3107      4.74929      40.6317      0.08246      -1.1589      1.82361      74.4157      0.17453      -1.4486      3.31456      52.5746      0.12624      -1.289      8.7437      0.04115      0.0618      0.06204      0.06166      0.0611      0.06153      0.06209      0.06133      0.06097      0.06171      0.06207      0.06132      0.06099      0.06159      0.06203      0.06129      0.06094
      27      63      4      HE      -0.1973      5.74611      7.75061      38.5146      0.07876      6.43553      12.6793      70.8957      -0.2001      5.74786      12.1054      65.2199      0.07742      5.52855      12.2301      68.8009      0.06151      0.06248      0.06198      0.06158      0.06137      0.06267      0.06169      0.06124      0.06142      0.06257      0.06157      0.06116      0.06136      0.06245      0.0615      0.06128
      18      64      3      HE      0.11326      0.95954      1.65859      25.3609      0.1184      1.17152      7.19474      11.3248      0.13396      0.754      5.32815      28.5255      0.14379      1.89995      6.76169      21.1934      0.06209      0.06301      0.06168      0.062      0.06192      0.06301      0.06139      0.06228      0.06193      0.06295      0.06133      0.06199      0.06192      0.06284      0.06123      0.06209
      27      63      7      HE      0.03746      -15.366      -23.786      -73.841      0.09439      -14.766      -18.108      -50.661      0.11775      -14.634      -17.387      -50.308      0.07331      -14.514      -17.12      -75.075      0.06317      0.06493      0.0627      0.06163      0.06316      0.06475      0.06216      0.06126      0.06291      0.06458      0.06205      0.06123      0.06309      0.06463      0.06209      0.06128
      27      63      3      HE      -0.0102      -7.4376      -12.584      -19.892      0.08826      -7.3703      -9.5482      32.5329      -0.0031      -7.4254      -8.6793      -22.176      0.02344      -7.8911      -4.183      -30.029      0.06143      0.06131      0.06131      0.0617      0.0614      0.06145      0.06098      0.06144      0.06142      0.06137      0.06089      0.06167      0.06135      0.06146      0.06084      0.06169
      27      63      5      HE      0.06106      -3.2827      -7.2452      -34.861      0.02443      -4.1482      -3.2126      38.7726      0.0712      -3.5192      -2.5329      -17.715      0.01628      -4.2895      -3.1673      -5.1446      0.06182      0.06254      0.06263      0.06202      0.06177      0.06276      0.06205      0.06163      0.06174      0.06262      0.06184      0.06172      0.06166      0.06253      0.06187      0.06161
      27      63      6      HE      0.0254      -4.7273      -3.4646      -44.612      -0.0264      -4.5855      -1.2423      -49.299      -0.0152      -4.1175      -6.4849      -30.698      0.00158      -5.3474      -2.6171      -70.268      0.06239      0.06311      0.06218      0.06049      0.06239      0.06328      0.0619      0.06048      0.06244      0.06319      0.06185      0.06038      0.06227      0.06313      0.06184      0.06038
      29      63      3      HE      0.03748      -3.3819      -6.8823      -19.713      0.02867      -2.4623      1.93941      60.3254      0.06116      -2.2717      3.65377      -6.7018      0.03907      -3.0334      -1.6499      11.4405      0.06111      0.06175      0.06084      0.05974      0.06102      0.06137      0.0604      0.05947      0.06112      0.06131      0.06034      0.05966      0.06101      0.06133      0.06035      0.05955
      27      63      1      HE      0.14684      -10.255      -6.8374      33.3044      0.05739      -11.215      -2.0144      18.5895      0.12208      -11.446      -5.7902      35.3695      0.12836      -10.943      -4.7766      53.7644      0.06219      0.06186      0.06193      0.06277      0.06203      0.0622      0.06167      0.06291      0.06183      0.06199      0.0616      0.06249      0.062      0.062      0.0615      0.06243
      18      64      2      HE      0.03306      -10.317      -8.5407      -3.0406      -0.0763      -10.952      -6.6907      -26.247      0.01312      -10.898      -8.074      -39.603      0.02047      -11.722      -7.2653      2.47272      0.062      0.0622      0.06107      0.06141      0.06184      0.06233      0.06089      0.06149      0.06179      0.06218      0.06084      0.06142      0.06169      0.06214      0.06081      0.06117
      17      64      2      HE      0.11755      -12.249      -16.753      -59.52      0.07216      -12.551      -11.299      -73.759      0.08084      -13.036      -11.601      -66.306      0.00458      -13.546      -12.677      -60.063      0.06148      0.06128      0.06207      0.06254      0.06124      0.0615      0.06188      0.06241      0.06108      0.06138      0.06181      0.06216      0.06123      0.06145      0.06174      0.06232
      16      64      4      HE      0.13041      -10.229      -11.938      -15.819      -0.0299      -11.235      -7.3274      -16.797      0.09483      -11.317      -8.805      -17.635      -0.0003      -11.165      -5.7788      -3.792      0.06168      0.06212      0.06125      0.06079      0.06138      0.06249      0.06104      0.0605      0.06139      0.06231      0.06084      0.06041      0.06135      0.06225      0.06094      0.06045
      27      63      2      HE      -0.0375      -10.015      -1.6113      9.45638      -0.0219      -10.93      2.00586      43.7373      -0.012      -11.2      -1.5666      13.5312      0.08293      -10.342      -2.6513      35.5458      0.06144      0.06181      0.06121      0.05932      0.06122      0.06199      0.06111      0.0594      0.06122      0.06197      0.06099      0.05928      0.06114      0.06188      0.06093      0.05904
      27      65      1      HE      0.13972      -13.398      -12.316      -46.484      0.15783      -13.997      -11.668      -37.004      0.12961      -14.335      -16.394      -26.532      0.04463      -14.075      -13.984      -27.467      0.06225      0.06362      0.06153      0.06303      0.06224      0.06361      0.06133      0.06289      0.06205      0.06346      0.06117      0.06279      0.06209      0.06333      0.0611      0.06262
      18      65      2      HE      0.16176      -6.6063      0.93462      -12.488      0.14719      -5.1725      -3.8772      -28.951      -0.1425      -5.817      -0.8431      -40.444      -0.2442      -6.3245      -8.0991      -31.672      0.06185      0.06211      0.06183      0.06143      0.06173      0.06171      0.06172      0.06151      0.06162      0.0616      0.06156      0.06153      0.06143      0.06146      0.06164      0.06147
      17      65      2      HE      0.14071      -6.4485      -7.9244      -27.04      0.08259      -6.413      -5.2145      -24.685      0.11097      -6.767      -3.8809      -41.724      0.00144      -6.881      -5.3225      -26.101      0.06134      0.06064      0.06224      0.0605      0.06125      0.06046      0.06198      0.06059      0.06127      0.06047      0.06172      0.06048      0.06105      0.06052      0.06175      0.06037
      16      65      4      HE      0.10109      -10.965      -12.114      -76.557      0.1388      -11.51      -8.2065      -58.904      0.12785      -11.587      -8.6386      -54.658      0.10282      -12.572      -8.6569      -113.25      0.0619      0.06202      0.06117      0.06198      0.06175      0.06223      0.06092      0.06206      0.0618      0.06212      0.06086      0.06197      0.06165      0.06217      0.06084      0.06197
      27      65      2      HE      0.14721      -13.114      -10.611      -58.119      0.15612      -12.442      -5.7213      -57.113      0.12094      -12.173      -8.2473      -91.001      0.15903      -13.467      -4.8218      -101.3      0.06134      0.06175      0.0621      0.06057      0.06124      0.06168      0.06178      0.06067      0.06127      0.06156      0.0617      0.06072      0.06095      0.06178      0.0616      0.06075
      27      65      5      HE      0.15502      -1.651      1.51742      20.7181      0.22858      -0.6064      5.13016      -4.0349      0.01597      -0.4734      5.78823      -0.2079      0.06966      -1.5435      5.49402      37.6775      0.06237      0.06283      0.06337      0.06295      0.06268      0.06269      0.06299      0.06289      0.06207      0.06234      0.06279      0.06276      0.06199      0.06244      0.06276      0.06267
      27      65      3      HE      -0.2001      0.31163      -0.7531      43.556      -0.186      0.43491      6.1586      31.9434      -0.1574      0.66691      3.05113      17.9941      -0.1607      0.796      3.59425      -1.3735      0.06245      0.0628      0.06338      0.06183      0.06263      0.06263      0.06311      0.06205      0.06197      0.06245      0.063      0.06184      0.06188      0.06224      0.06299      0.06197
      27      65      7      HE      0.02997      -1.3905      -2.8253      -18.692      -0.0935      -0.8554      0.69185      -25.118      -0.1109      -1.9356      -4.5912      -14.206      0.00477      -1.0211      1.08867      -17.287      0.06317      0.06431      0.06338      0.06278      0.06346      0.0642      0.06313      0.0627      0.06316      0.06411      0.06319      0.06269      0.06305      0.06413      0.06294      0.06266
      29      65      3      HE      0.19828      -1.3425      -2.0085      44.6614      0.16246      -0.4498      -3.0906      22.4524      0.1446      -0.721      1.89247      -5.0601      0.13115      -0.4851      1.9218      2.38796      0.06293      0.06288      0.06343      0.0617      0.06322      0.06246      0.06323      0.062      0.06277      0.06237      0.06314      0.06182      0.06268      0.0623      0.06309      0.06177
      27      65      6      HE      0.175      -2.6674      -4.8572      -40.691      0.18662      -2.0515      -5.7015      -45.319      0.14182      -2.0203      -1.7077      -38.161      0.16283      -2.1268      0.80522      -25.374      0.06341      0.06279      0.0632      0.06153      0.06359      0.06253      0.06303      0.06142      0.06306      0.06239      0.06279      0.06133      0.0631      0.06222      0.06274      0.06125
      18      65      3      HE      0.06792      -13.219      -12.967      27.6815      0.14915      -12.998      -9.653      -0.3337      0.0391      -12.729      -8.1993      23.9417      0.0516      -13.255      -8.6495      -50.598      0.06241      0.06278      0.06343      0.06171      0.06261      0.06268      0.06313      0.06196      0.06236      0.06249      0.06306      0.06175      0.06238      0.06252      0.06308      0.06196
      27      65      4      HE      0.05739      -5.4538      -6.3742      -17.587      0.07898      -4.0373      2.24328      12.4599      0.04255      -4.9032      -0.4448      17.8822      0.06265      -4.6336      -0.4404      34.9157      0.06099      0.06207      0.06115      0.06046      0.06124      0.06201      0.06083      0.06021      0.06108      0.06197      0.06068      0.06006      0.06075      0.06189      0.06077      0.05966
      17      65      3      HE      0.12134      -6.6656      -2.9691      -40.904      0.13254      -3.6427      -5.3132      -31.748      0.1118      -5.4898      -1.1814      -31.65      -0.2086      -6.6282      -6.0354      -15.415      0.06197      0.06282      0.06217      0.06297      0.0621      0.0621      0.06189      0.06289      0.06187      0.06241      0.06174      0.06284      0.06165      0.06248      0.06183      0.06256
      18      65      5      HE      0.05848      -7.0835      -12.954      -43.41      0.05822      -7.2069      -4.9817      -20.977      0.0231      -7.3628      -9.0289      -34.174      0.02808      -7.1648      -3.8648      -26.332      0.06252      0.062      0.06239      0.06312      0.06281      0.06211      0.0621      0.06314      0.06264      0.06196      0.06212      0.06277      0.06241      0.06182      0.06197      0.06292
      18      65      1      HE      0.06856      -11.404      -9.9095      4.42218      0.14937      -10.554      -8.8449      19.154      0.11746      -11.326      -9.9042      4.92252      0.06989      -11.13      -11.886      -6.9329      0.06221      0.06321      0.06176      0.06257      0.06232      0.06297      0.06167      0.0625      0.06217      0.06302      0.06137      0.06241      0.06194      0.06296      0.06124      0.06234
      18      65      4      HE      0.04556      -11.845      -8.2011      57.2903      0.04607      -11.802      -2.3747      17.5122      0.11292      -11.144      -6.6519      10.5781      0.09793      -11.839      -7.7204      17.212      0.06179      0.06161      0.06275      0.06092      0.06186      0.06153      0.06255      0.06066      0.06178      0.06139      0.0625      0.06072      0.06152      0.06142      0.06246      0.06076
      18      66      1      HE      -0.455      -4.4943      -9.5789      -11.009      0.28682      -2.9481      -1.7368      -18.588      -0.3013      -4.3225      -2.2546      13.0872      -0.1897      -3.9781      -0.3477      35.6326      0.06245      0.06276      0.06235      0.06041      0.06243      0.0627      0.06169      0.06034      0.06195      0.06251      0.06168      0.06016      0.06229      0.06251      0.06164      0.06012
      18      66      4      HE      0.03278      0.82796      3.78906      73.639      0.05188      0.76436      7.36999      73.225      -0.2159      0.22638      4.85627      75.2394      -0.2734      0.65362      8.78279      85.1495      0.06269      0.06347      0.06448      0.0611      0.06271      0.06378      0.0643      0.06114      0.06239      0.06359      0.0642      0.06096      0.06246      0.06359      0.06417      0.06097
      18      66      5      HE      0.1511      -4.0326      -12.591      -121.51      0.16961      -4.825      -7.0038      -18.696      -0.0274      -4.7741      -7.3963      -42.624      0.1273      -5.0432      -1.9356      -82.608      0.06248      0.06356      0.06252      0.06312      0.06244      0.06379      0.06219      0.06282      0.0622      0.06356      0.06192      0.06271      0.06222      0.06357      0.06186      0.06276
      17      66      3      HE      -0.1499      2.45847      8.9828      -16.374      0.07562      3.21708      8.10367      16.141      -0.2827      2.09425      10.3544      40.7209      0.12124      3.26193      5.23222      14.25      0.06256      0.06329      0.06298      0.06314      0.06256      0.06332      0.06263      0.06305      0.06215      0.06315      0.06254      0.0629      0.06218      0.06312      0.06247      0.06299
      28      65      4      HE      0.18055      -1.3396      -0.8141      35.5561      0.20559      -1.5396      -3.4488      30.9535      0.06921      -2.2273      0.86928      -41.556      0.1526      -2.1277      -1.5335      -33.388      0.06207      0.06271      0.06276      0.06135      0.06208      0.06308      0.06266      0.06152      0.06166      0.06281      0.06241      0.06141      0.06176      0.06283      0.06244      0.06153
      18      66      3      HE      0.14952      3.79976      -0.0194      -50.303      0.07631      2.61969      1.15016      -41.509      0.05406      2.59081      -3.4814      -14.153      0.12228      2.89509      -2.0497      -24.879      0.06175      0.06176      0.06252      0.06134      0.06176      0.06206      0.06217      0.06117      0.06147      0.06198      0.06221      0.06111      0.06154      0.06197      0.0622      0.06096
      28      65      7      HE      0.01708      -11.608      -9.6318      12.5831      0.01126      -11.739      -11.388      5.79046      0.09598      -11.815      -10.925      23.3276      0.02775      -12.162      -6.7994      30.1834      0.06084      0.06077      0.05936      0.06183      0.06082      0.06091      0.05926      0.06182      0.06073      0.06084      0.05922      0.0618      0.06079      0.06079      0.0591      0.0616
      28      65      3      HE      0.06336      -11.994      -15.382      -62.334      -0.0137      -12.891      -11.384      -54.014      0.06846      -12.828      -10.871      -59.439      -0.0259      -12.597      -10.531      -45.273      0.06278      0.06398      0.06361      0.06378      0.0628      0.06429      0.06315      0.06349      0.06271      0.06414      0.06309      0.06342      0.06276      0.06407      0.06318      0.06345
      28      65      5      HE      0.10727      -9.4601      -13.164      -13.346      0.05085      -9.3877      -6.1258      -88.41      0.08518      -9.9499      -8.8617      -33.977      0.04321      -9.4737      -5.5712      -108.26      0.06187      0.06271      0.06343      0.06262      0.06195      0.06275      0.06325      0.06284      0.06174      0.06272      0.063      0.06274      0.06182      0.06265      0.06293      0.06292
      28      65      6      HE      -0.0709      -9.7477      -11.667      -96.439      -0.0071      -8.8935      -13.247      -80.002      -0.0314      -9.1675      -11.679      -71.586      -0.0194      -9.1429      -10.098      -95.623      0.06289      0.06383      0.06357      0.06244      0.06287      0.06369      0.06329      0.0624      0.06278      0.06365      0.06325      0.0623      0.06287      0.06365      0.06323      0.06232
      26      65      7      HE      0.12905      -9.9164      -10.127      -34.971      0.17904      -10.549      -0.6178      -2.3463      0.13692      -10.378      -3.0164      -11.455      0.16323      -10.894      0.61697      0.06728      0.06284      0.06392      0.06353      0.06272      0.06285      0.0641      0.06303      0.06249      0.0627      0.06396      0.06285      0.06246      0.06277      0.06395      0.06283      0.06243
      28      65      2      HE      0.023      -10.957      -12.313      -7.286      0.03969      -11.695      -12.707      -27.84      0.09743      -11.334      -11.412      -1.6858      0.10473      -10.759      -10.988      -12.206      0.06238      0.06362      0.06267      0.06235      0.06245      0.06377      0.06262      0.0626      0.06228      0.06366      0.06253      0.06249      0.06231      0.06365      0.06245      0.06231
      29      65      1      HE      0.02655      2.47137      7.37034      -33.936      0.1508      4.22969      7.52921      14.0838      0.13407      2.62114      11.5026      -20.008      0.13076      2.5875      11.5136      10.1481      0.06112      0.06201      0.06267      0.0605      0.06106      0.06148      0.06234      0.06019      0.06098      0.06169      0.06236      0.06024      0.06092      0.06168      0.06226      0.06008
      28      65      1      HE      0.01313      -2.4528      -6.6342      -59.555      0.07048      -2.0091      -8.1923      -88.815      0.05464      -1.6481      -4.2442      -79.872      0.01491      -1.2225      -5.7198      -79.433      0.0605      0.06151      0.06183      0.06175      0.0604      0.06137      0.06149      0.06167      0.06034      0.06115      0.06141      0.0615      0.0603      0.0611      0.06134      0.06148
      18      66      2      HE      0.04376      1.43985      3.10091      -21.884      0.14579      2.03247      2.77015      -21.434      0.15608      1.86873      3.64031      -8.3299      0.05197      1.92639      -0.1617      -18.422      0.06138      0.06196      0.0617      0.06149      0.06131      0.06193      0.06138      0.06132      0.06112      0.06186      0.06122      0.06113      0.06116      0.06183      0.06129      0.06118
      17      66      2      HE      -0.0183      -2.4597      -5.7699      -65.86      0.02241      -1.9521      -0.3686      -65.996      -0.0457      -1.7999      -0.2209      -78.595      -0.0033      -2.0818      1.07271      -53.424      0.06221      0.06236      0.06279      0.06151      0.06211      0.0621      0.06231      0.06141      0.06202      0.06201      0.06234      0.06145      0.06204      0.062      0.06223      0.06131
      16      66      4      HE      0.03252      1.8004      -3.5199      -45.71      0.04713      2.83177      3.80186      -72.158      0.0674      2.40697      5.68284      -58.513      -0.0315      1.70548      4.71458      -57.752      0.06109      0.06163      0.06262      0.0603      0.061      0.06129      0.06222      0.06026      0.06098      0.06125      0.06201      0.06014      0.06086      0.06132      0.06205      0.05988
      29      65      2      HE      0.09337      -5.5635      -3.7549      29.7191      0.03652      -4.4465      1.99892      -4.8009      0.02519      -4.7733      -1.2268      -15.168      -0.0159      -4.9933      1.89517      -3.145      0.06173      0.06172      0.06359      0.06072      0.06167      0.06139      0.06319      0.06076      0.06157      0.06135      0.06311      0.06075      0.06148      0.06135      0.06299      0.06068
      19      63      2      HE      -0.0067      0.23994      -4.3999      -104.75      -0.0217      0.60337      1.82065      -93.87      0.00121      0.77385      -1.1904      -100.58      -0.0211      -0.2715      0.81018      -116.26      0.06112      0.06082      0.05974      0.06068      0.06112      0.0609      0.05946      0.0607      0.0608      0.06084      0.05933      0.06057      0.06089      0.06086      0.0593      0.06054
      20      63      3      HE      0.02792      -0.7145      -1.5364      -23.518      0.08404      -0.5128      8.28234      5.87741      0.08038      -0.613      1.57295      2.03505      0.09418      -0.3373      7.25661      24.4661      0.05956      0.0611      0.06071      0.06096      0.05956      0.06142      0.06037      0.06061      0.05939      0.06121      0.06029      0.06065      0.05945      0.06122      0.06017      0.06057
      22      63      3      HE      -0.0131      -3.3183      -5.0496      -24.776      -0.0213      -4.1642      -3.6589      -31.249      -0.0323      -3.6599      -1.0134      -103.63      0.0246      -4.2891      -4.9438      -31.108      0.0612      0.06109      0.06081      0.06044      0.06125      0.06141      0.06044      0.06045      0.06106      0.06115      0.06036      0.06057      0.06109      0.06111      0.06048      0.06045
      24      63      3      HE      0.02975      -8.0628      -15.179      -78.388      0.03955      -8.0026      -10.859      -117.76      0.00911      -8.7894      -13.816      -97.344      0.05955      -7.958      -11.325      -95.646      0.06032      0.06021      0.05939      0.05799      0.06045      0.06056      0.05912      0.05816      0.06021      0.06043      0.05887      0.0579      0.06034      0.06043      0.05893      0.05798
      24      63      2      HE      0.12446      -1.9624      4.25375      26.7619      -0.0088      -2.3553      5.85865      -21.122      0.03457      -1.9162      5.00473      33.2411      0.13449      -1.2959      7.50329      -19.298      0.06054      0.06089      0.05988      0.05983      0.06073      0.06113      0.05963      0.05977      0.06042      0.06104      0.05953      0.05955      0.06048      0.06094      0.05948      0.05968
      26      63      2      HE      0.08241      -0.4861      0.92694      41.6209      0.07508      0.56062      5.01226      -8.1786      0.02972      -0.2215      0.59547      -16.95      0.08326      -0.3421      4.89185      -12.701      0.06056      0.0606      0.06014      0.05961      0.06056      0.06051      0.05985      0.05969      0.06034      0.06052      0.05992      0.0597      0.06036      0.06048      0.05976      0.05961
      24      63      6      HE      0.05443      0.71271      -0.8829      7.64541      0.04454      0.23339      7.21825      2.17616      0.07789      0.5747      4.07555      45.2245      0.07656      -0.0075      3.61651      51.7175      0.0616      0.06195      0.06088      0.06142      0.06161      0.06214      0.06035      0.0614      0.06156      0.06205      0.06029      0.06118      0.06129      0.06206      0.06025      0.06115
      24      63      5      HE      0.04584      4.10847      3.40244      0.47179      -0.0543      3.96562      5.66914      0.56131      0.01478      3.85253      10.5572      30.8985      0.02079      3.23199      4.44334      8.60076      0.06099      0.06157      0.06058      0.05906      0.06093      0.06165      0.06013      0.05868      0.06086      0.06164      0.06006      0.05859      0.06067      0.06155      0.05994      0.05861
      26      63      5      HE      0.03071      6.09519      1.09849      14.8329      0.03161      6.64088      12.0947      6.38566      0.02668      5.53684      6.13193      -25.07      0.00311      5.90089      3.38296      2.72112      0.06136      0.0618      0.06141      0.06133      0.06138      0.062      0.06108      0.06128      0.0612      0.06194      0.06093      0.06108      0.06112      0.06188      0.06086      0.06104
      26      63      6      HE      0.09086      -2.2389      -4.6124      -34.599      0.06875      -2.3272      0.78293      -21.023      0.06498      -2.1811      -0.9584      -5.5969      0.07772      -2.3466      5.02575      -13.91      0.06175      0.06202      0.06108      0.05977      0.06167      0.06208      0.06085      0.05963      0.0616      0.06198      0.06076      0.05947      0.06146      0.0619      0.06062      0.05951
      19      63      3      HE      0.04657      -3.1592      -2.9967      35.2486      0.10091      -3.5476      1.89199      46.7658      -0.078      -3.903      2.08942      2.29849      0.06324      -3.0854      -2.0608      59.9172      0.06184      0.0621      0.06131      0.06061      0.06189      0.06222      0.06121      0.06037      0.06164      0.06195      0.06098      0.06031      0.06145      0.06186      0.06104      0.06033
      26      63      3      HE      0.03655      2.22073      1.95199      -5.4067      0.03025      2.1037      1.0378      14.0183      0.0252      2.47997      6.15959      35.368      0.0124      1.90035      7.71043      38.7382      0.0615      0.06164      0.06182      0.05919      0.06144      0.06155      0.06155      0.05898      0.06128      0.06145      0.06138      0.05888      0.0611      0.06144      0.06134      0.0588
      19      63      5      HE      0.0068      -11.218      -15.115      -30.337      0.04183      -11.776      -14.851      -39.534      0.08881      -11.501      -8.8188      -45.012      0.05885      -11.735      -11.919      -49.384      0.06197      0.06201      0.06153      0.05926      0.06202      0.06218      0.06147      0.05924      0.06204      0.06202      0.06124      0.05897      0.06195      0.06203      0.0613      0.05916
      26      63      4      HE      0.11546      -11.768      -12.86      -41.931      0.14328      -11.469      -4.7667      -23.974      0.07267      -11.463      -8.0747      -19.385      0.02721      -12.151      -2.6262      -17.375      0.06108      0.06196      0.06038      0.06353      0.06112      0.06191      0.05996      0.06332      0.06118      0.06188      0.05978      0.06323      0.06098      0.06187      0.05975      0.06324
      20      63      6      HE      -0.1972      -7.9847      -3.6314      13.8633      -0.1631      -8.5491      0.36593      56.9749      -0.2219      -8.647      1.73583      43.3259      -0.0581      -8.9284      -0.7393      42.6744      0.06122      0.06268      0.06209      0.06253      0.06137      0.06306      0.06189      0.06232      0.06131      0.06294      0.06174      0.06232      0.06116      0.06287      0.06179      0.06235
      20      63      5      HE      0.08164      -8.9912      -14.26      -43.339      0.0202      -9.491      -13.236      -39.874      -0.0095      -9.3375      -12.719      -40.967      0.1186      -8.9071      -11.86      -45.944      0.06097      0.062      0.0617      0.06208      0.061      0.06219      0.06156      0.06198      0.06113      0.0621      0.06152      0.06182      0.06098      0.06201      0.06141      0.06174
      22      63      5      HE      -0.0166      -10.402      -17.889      -79.423      0.08685      -9.7454      -7.1088      -61.725      -0.0338      -10.652      -10.143      -47.524      -0.0116      -10.949      -7.01      -12.407      0.06028      0.06245      0.06113      0.06177      0.06036      0.06259      0.06072      0.06173      0.06043      0.06266      0.06075      0.06158      0.06035      0.06253      0.06065      0.06135
      22      63      6      HE      -0.0313      -10.817      -4.7796      -5.9027      -0.0332      -10.57      -8.76      45.6893      -0.0243      -10.419      -5.0391      31.4377      0.07602      -10.924      -5.4475      69.3034      0.06099      0.06159      0.06107      0.06217      0.06103      0.06172      0.06087      0.06181      0.06108      0.06159      0.06076      0.06167      0.06103      0.06167      0.06077      0.06118
      19      63      1      HE      0.09175      -3.517      -0.3663      -45.851      0.1188      -4.1416      3.3331      -21.798      0.05808      -3.8552      10.1523      -14.846      0.08538      -4.1689      8.46091      -8.4037      0.06177      0.06167      0.06219      0.05984      0.0616      0.06195      0.06181      0.05958      0.06165      0.06186      0.0616      0.05969      0.06145      0.06184      0.0616      0.05963
      20      63      1      HE      0.02156      -4.0932      1.079      19.7236      0.06008      -4.2503      -0.0161      28.809      0.04853      -4.0365      6.74379      -16.713      0.05309      -4.0416      3.30166      -17.037      0.06146      0.06129      0.06216      0.06173      0.06131      0.06164      0.06189      0.06167      0.06144      0.06154      0.06175      0.06162      0.06111      0.06157      0.06175      0.06159
      22      63      1      HE      -0.145      0.76297      5.6818      19.4419      -0.1093      0.42985      6.55852      60.1381      -0.1779      0.02855      3.44081      29.0937      -0.2486      -0.9133      6.05653      59.3556      0.06222      0.06298      0.06099      0.0611      0.06208      0.06338      0.06083      0.06101      0.06212      0.06337      0.0606      0.06104      0.06182      0.06326      0.06065      0.06091
      24      63      1      HE      0.08772      -5.3098      -8.6361      -17.42      0.01422      -5.2381      -4.794      -62.168      -0.0001      -4.6007      -6.8949      -6.2333      0.02319      -6.0003      -8.1324      -46.025      0.06144      0.06246      0.06135      0.06252      0.06126      0.06261      0.06114      0.06267      0.0614      0.06248      0.06111      0.06248      0.06106      0.06247      0.06098      0.06257
      19      63      4      HE      -0.0911      0.5213      2.97149      -0.8519      0.09084      0.40334      3.94085      37.6173      0.09011      -0.0381      7.57032      87.8764      -0.1429      -0.182      1.66547      29.7286      0.06112      0.06184      0.06043      0.06108      0.06094      0.06198      0.06027      0.06105      0.061      0.06188      0.06015      0.06078      0.06074      0.06183      0.06006      0.06091
      26      63      1      HE      0.14535      -1.8939      1.29109      61.6531      0.08427      -2.4174      -0.1374      41.4983      0.11701      -3.0432      6.27773      40.2688      0.10853      -2.3597      0.07283      110.244      0.06214      0.06195      0.06129      0.06089      0.06198      0.06223      0.06107      0.06072      0.06204      0.06211      0.06095      0.06077      0.0617      0.06201      0.06088      0.06037
      19      63      6      HE      0.14431      2.46447      4.22411      24.6232      0.11496      2.11893      7.55859      13.764      -0.0257      0.74163      7.67846      -0.6805      -0.1131      0.66627      5.28143      15.8089      0.0634      0.06384      0.06423      0.06194      0.0628      0.06407      0.06396      0.06216      0.06291      0.064      0.06391      0.06191      0.063      0.06405      0.06385      0.06214
      24      63      4      HE      0.10339      2.09921      2.42931      36.6099      0.08694      1.69899      6.84891      45.5344      0.18197      1.41413      6.76676      36.9858      0.11599      1.50364      8.58673      -3.4377      0.06316      0.06286      0.06382      0.06162      0.06256      0.06294      0.06369      0.06154      0.06283      0.06288      0.06357      0.06173      0.06273      0.0629      0.06338      0.06157
      22      63      2      HE      0.05712      -1.0717      0.35858      17.8421      0.05061      -1.3583      3.15315      10.5361      0.15364      -0.5833      5.45664      10.47      0.03921      -1.3345      4.34768      26.9285      0.06311      0.06383      0.06258      0.06293      0.0624      0.06389      0.0623      0.06274      0.06276      0.06388      0.06226      0.0627      0.06265      0.0638      0.06224      0.06255
      20      63      2      HE      0.12653      -0.4562      1.42703      -14.145      0.05677      -1.1691      0.45111      -15.355      0.14846      -1.2417      4.17626      -2.0632      0.08749      -1.1318      3.04266      -1.4461      0.06281      0.06269      0.06139      0.06262      0.06225      0.06287      0.06135      0.06256      0.06271      0.06274      0.06133      0.06243      0.06261      0.06281      0.06106      0.06249
      22      63      4      HE      -0.1466      4.62449      4.49457      -11.283      -0.1849      3.57322      13.2305      -9.924      -0.1575      3.78737      14.0351      -21.633      -0.0934      3.52612      9.13488      -17.975      0.06333      0.06302      0.06125      0.06119      0.06287      0.0633      0.06103      0.06094      0.06314      0.06327      0.0609      0.0609      0.06302      0.06323      0.06085      0.06082
      20      63      4      HE      0.12359      -0.1545      1.46078      -58.074      0.05051      -0.3567      0.17436      -80.307      0.09275      -0.4382      0.28446      -69.3      0.16423      -0.7529      1.22219      -101.44      0.06397      0.0631      0.06292      0.06096      0.06334      0.0631      0.06263      0.061      0.0636      0.06307      0.06247      0.06088      0.06354      0.06309      0.06243      0.06089
      19      64      5      HE      -0.03      -5.0024      -10.695      -56.836      -0.0476      -4.2015      0.71551      -69.757      -0.044      -3.7116      -2.1985      -38.723      -0.025      -3.6869      -1.4871      -45.383      0.06132      0.06114      0.06166      0.06174      0.06132      0.06082      0.06124      0.06169      0.06117      0.06073      0.06128      0.06159      0.061      0.06069      0.06123      0.06132
      19      64      6      HE      0.02184      -2.024      -5.6612      -14.745      0.04746      -1.2525      -1.9233      -1.3506      0.11293      -1.0757      1.60754      51.5249      0.06962      -1.4971      -0.4226      19.5592      0.06147      0.06169      0.06019      0.06001      0.06137      0.06151      0.05994      0.05972      0.06131      0.06145      0.05994      0.05953      0.06118      0.06146      0.05967      0.05959
      21      63      2      HE      0.08932      -0.828      2.03624      -45.253      0.05509      -0.7204      5.99912      -11.012      0.08681      -0.7701      6.94472      -23.311      0.08781      -1.9553      3.45455      -33.722      0.06097      0.06122      0.06169      0.06092      0.06085      0.06119      0.06142      0.06088      0.06082      0.06115      0.06138      0.06081      0.06059      0.0612      0.06121      0.06066
      20      64      2      HE      0.03482      -3.9128      -0.9763      -38.927      0.03338      -3.3515      -1.287      -54.944      0.05023      -3.464      0.89007      -57.502      0.03954      -3.4384      0.643      -49.211      0.06178      0.06147      0.06132      0.06003      0.06176      0.06128      0.06116      0.06022      0.06172      0.06127      0.06122      0.06016      0.06166      0.06121      0.06098      0.0599
      21      63      4      HE      0.0573      -1.4377      -3.7559      8.19832      -0.0668      -0.44      1.47873      4.59436      -0.0696      -1.6087      -1.9221      2.22814      0.08011      -1.6156      -5.6368      -34.035      0.06173      0.0618      0.06182      0.06088      0.06173      0.06161      0.06181      0.06076      0.06153      0.06174      0.06176      0.06075      0.06151      0.06176      0.06175      0.06078
      20      64      4      HE      0.19653      -7.7018      -7.9606      -1.4822      0.11053      -7.1377      0.13079      34.0071      0.10943      -6.6099      -2.0091      34.676      -0.0039      -7.9859      -8.9663      41.7169      0.06148      0.06096      0.06022      0.06014      0.06128      0.06075      0.05978      0.06007      0.06118      0.06066      0.05975      0.06      0.06105      0.06077      0.05996      0.05979
      19      64      1      HE      0.01429      3.15628      4.58295      9.05695      -0.0134      1.63578      8.21347      20.1529      -0.0539      2.84131      4.63302      22.3735      0.05695      2.64273      5.30038      1.07736      0.06257      0.06249      0.06176      0.06267      0.06182      0.06254      0.06143      0.06254      0.06238      0.06244      0.06152      0.0625      0.06168      0.06245      0.06134      0.06252
      20      64      1      HE      0.07377      1.1929      3.89778      35.4227      0.14504      0.6371      6.2973      -2.8551      0.05052      1.14175      8.22437      -21.983      0.00108      -0.1611      9.67817      -2.877      0.06264      0.06254      0.06225      0.06293      0.06194      0.06277      0.06197      0.06285      0.06255      0.06273      0.06198      0.06283      0.06168      0.06273      0.06193      0.06278
      21      63      1      HE      0.01861      1.2639      0.40189      -14.034      -0.0661      0.059      8.32917      23.0542      0.06756      0.06308      8.567      47.2363      -0.0757      0.9477      5.6828      -29.642      0.06216      0.06252      0.06213      0.06149      0.06152      0.06259      0.06172      0.06136      0.06221      0.06259      0.06173      0.06126      0.06133      0.06244      0.06171      0.06148
      23      63      1      HE      0.0255      0.95872      1.43029      18.4349      0.02856      0.79793      6.02531      4.69145      0.08825      1.50704      7.17559      7.93671      0.01058      0.87654      4.5132      12.3025      0.06225      0.06196      0.06198      0.06042      0.06164      0.06212      0.06185      0.06028      0.06214      0.06209      0.06175      0.06008      0.06153      0.06199      0.06161      0.06025
      19      64      4      HE      -0.1729      2.05882      8.26243      1.82759      0.04568      1.05558      9.24697      -2.8231      0.05565      1.18871      7.54921      20.8608      0.04845      0.55185      6.97645      12.2448      0.06187      0.06175      0.06251      0.06282      0.06134      0.062      0.06237      0.06258      0.06172      0.06203      0.06234      0.06245      0.0611      0.06192      0.06218      0.06235
      25      63      1      HE      0.08457      6.89036      1.14503      -3.2494      -0.0096      6.53086      5.04208      28.3211      0.09014      6.85175      4.98751      -17.945      -0.0027      6.16876      3.40837      -13.404      0.06207      0.06243      0.06177      0.06032      0.06147      0.06245      0.06156      0.06018      0.06198      0.0624      0.06143      0.06003      0.0612      0.06227      0.06141      0.06002
      23      63      6      HE      0.11286      -5.2262      -4.3756      -59.567      0.00261      -5.0771      -2.0072      -63.106      0.10209      -4.7419      -1.5541      -57.986      0.07734      -4.1437      -4.4175      -64.223      0.06095      0.06196      0.06091      0.06179      0.06088      0.0621      0.06073      0.06196      0.0609      0.06207      0.0606      0.06197      0.06075      0.06198      0.06055      0.06187
      25      63      4      HE      -0.0216      -3.3751      -2.6952      7.46982      0.05027      -4.4271      -0.0025      7.90431      0.02645      -4.4838      3.80438      10.9277      -0.0274      -4.8629      0.39751      3.59843      0.06136      0.0616      0.06085      0.0622      0.06125      0.06191      0.0607      0.06208      0.06129      0.06181      0.06057      0.06203      0.06108      0.06182      0.06057      0.06188
      20      64      5      HE      -0.1832      0.54456      0.09443      -50.663      -0.1723      0.70988      3.90002      -13.275      -0.2611      -0.1857      0.81094      -44.355      -0.2264      -0.0412      4.9498      -9.6889      0.06106      0.06134      0.06117      0.06017      0.06097      0.06152      0.06093      0.06012      0.06102      0.06146      0.06096      0.06017      0.06077      0.06142      0.06083      0.05993
      21      63      6      HE      0.02837      -5.9886      -7.3032      -58.546      0.07695      -6.1555      -3.1859      6.63875      0.12158      -5.6377      -1.6861      -40.332      -0.0016      -6.3141      -3.3795      -22.766      0.06137      0.061      0.06121      0.05995      0.06124      0.06119      0.06094      0.05972      0.06125      0.06104      0.06087      0.05976      0.06101      0.06103      0.06081      0.05973
      23      63      4      HE      0.00781      1.10423      -3.9112      -44.626      0.05793      0.25777      5.5522      -18.463      0.11849      0.60191      4.96296      2.34899      0.06803      0.21741      1.27204      -38.169      0.06115      0.06215      0.06265      0.06152      0.06114      0.06239      0.06238      0.06131      0.0612      0.06227      0.06219      0.06101      0.06089      0.06217      0.06217      0.06093
      20      64      6      HE      -0.0236      -2.3527      -0.5178      -33.469      -0.0116      -2.4724      -2.16      -22.13      0.0973      -1.9212      0.15023      -7.9547      0.07564      -2.4635      5.73179      -25.456      0.061      0.06127      0.06059      0.06082      0.06085      0.06144      0.0604      0.06093      0.0609      0.06131      0.0603      0.06078      0.06061      0.06125      0.06024      0.06076
      21      63      5      HE      -0.0004      4.20548      -8.4898      -62.904      0.00973      4.23647      5.7647      -59.163      0.01499      4.70347      6.43388      -45.755      0.01103      4.50752      0.36532      -48.995      0.06076      0.06078      0.06129      0.06021      0.06083      0.06086      0.06083      0.06015      0.06085      0.06076      0.06077      0.06016      0.06081      0.06068      0.06077      0.05995
      23      63      5      HE      0.00131      -0.3198      -5.7018      27.5607      -0.0041      -0.7269      1.00663      5.64574      0.03402      -1.112      1.88921      3.69639      0.00107      -0.8466      1.59568      6.00556      0.06154      0.06333      0.06133      0.06072      0.06148      0.0633      0.06107      0.06058      0.06157      0.06323      0.06104      0.06042      0.06146      0.06323      0.06095      0.06032
      25      63      6      HE      -0.021      -4.1992      -4.8606      -20.264      -0.0001      -3.0166      -2.1399      -8.6335      -0.076      -3.4368      4.56745      -25.538      -0.0108      -3.1645      -2.5108      -62.157      0.06148      0.06192      0.05999      0.06079      0.06146      0.0618      0.0597      0.06064      0.06144      0.0617      0.05957      0.06067      0.06131      0.06169      0.05968      0.06081
      25      63      5      HE      -0.0782      -7.8726      -10.781      -50.192      -0.0668      -7.1306      -8.5164      -36.913      -0.0693      -6.8999      -8.8072      -21.737      -0.0521      -7.7716      -8.595      -34.568      0.06164      0.0622      0.06206      0.06155      0.06181      0.062      0.06165      0.06124      0.06177      0.06191      0.06165      0.06106      0.06169      0.06197      0.06164      0.06116
      19      64      3      HE      0.07683      -7.8548      -10.367      -25.314      0.05863      -7.843      -4.9735      -16.102      0.00727      -7.8461      -7.5337      -14.753      -0.0047      -8.3409      -4.7593      9.98624      0.06105      0.06084      0.06023      0.06141      0.06111      0.06094      0.05983      0.06134      0.06112      0.06076      0.05982      0.06112      0.06098      0.06079      0.05974      0.06122
      25      63      3      HE      -0.0672      -11.254      -11.003      9.08067      -0.0697      -9.9361      -4.4847      -3.6667      -0.0433      -10.778      -9.5713      34.4528      -0.0759      -10.13      -9.22      -14.113      0.06127      0.06172      0.06201      0.06206      0.06132      0.06168      0.06177      0.06164      0.06139      0.06169      0.06184      0.06163      0.06126      0.06162      0.0617      0.06168
      19      64      2      HE      0.10616      -9.7955      -9.4095      -77.324      0.1074      -10.276      -3.7169      -17.845      0.06583      -10.575      0.81413      -49.555      0.10837      -10.379      -0.8691      -26.451      0.06209      0.06338      0.06238      0.06383      0.06195      0.06351      0.06193      0.06352      0.062      0.06342      0.06177      0.06353      0.06183      0.06339      0.06173      0.06352
      20      64      3      HE      0.00807      -11.626      -10.463      1.83456      0.00053      -11.58      -7.6207      -52.061      0.02374      -11.76      -7.3575      -48.537      -0.0036      -12.39      -11.999      -4.5268      0.06225      0.06341      0.06344      0.06192      0.06201      0.06336      0.06308      0.06216      0.06216      0.06329      0.06295      0.06204      0.06196      0.06329      0.06305      0.06195
      21      63      3      HE      -0.0129      -10.887      -9.2126      -8.3493      -0.0087      -11.843      -4.7569      2.29487      0.03041      -11.199      -4.2868      -0.9286      -0.009      -12.13      -1.9078      4.55456      0.06227      0.06318      0.06396      0.06429      0.06217      0.06333      0.06352      0.06443      0.06213      0.06323      0.06344      0.06424      0.06208      0.06326      0.06356      0.06416
      23      63      3      HE      -0.0137      -11.537      -15.6      18.2559      -0.032      -11.56      -7.313      -87.114      -0.0266      -11.242      -12.889      -39.172      0.00352      -11.814      -13.234      -49.696      0.0629      0.06298      0.06257      0.06372      0.06271      0.06304      0.06224      0.06403      0.06272      0.06306      0.06219      0.0639      0.0626      0.06302      0.06217      0.06391
      23      63      2      HE      0.18106      -11.325      -10.324      -76.458      0.1784      -10.824      -4.9984      -14.61      0.06941      -11.427      -5.2778      -2.7998      0.07245      -11.209      -4.7157      -13.879      0.06215      0.06264      0.06281      0.06174      0.06197      0.06275      0.06243      0.06146      0.06203      0.06264      0.06243      0.06134      0.06194      0.0627      0.06229      0.06131
      25      63      2      HE      0.0142      -11.372      -9.9117      -8.2254      0.12003      -11.439      -4.2848      10.9439      0.16821      -11.703      -5.604      26.4593      0.03755      -11.891      -7.6361      25.78      0.06221      0.06306      0.0638      0.06239      0.06205      0.06306      0.06354      0.0623      0.06202      0.06303      0.06344      0.06192      0.06198      0.06309      0.06338      0.06189
      19      65      2      HE      -0.3016      -3.5971      -1.9083      -93.893      -0.2206      -3.1797      -1.7629      -104.42      -0.2857      -3.6794      0.52888      -114.08      -0.1551      -3.09      1.12384      -135.9      0.06073      0.06089      0.06065      0.06052      0.0609      0.06119      0.06047      0.06094      0.06075      0.06124      0.06019      0.06093      0.06069      0.06079      0.06027      0.06108
      20      65      3      HE      0.0555      -11.344      -11.453      -13.383      0.0953      -10.543      -0.9317      -15.274      0.01498      -10.947      -1.2426      -1.0263      0.05276      -11.726      -3.2481      -51.682      0.06126      0.06185      0.06205      0.06093      0.06141      0.06166      0.06171      0.06105      0.0611      0.06156      0.06169      0.06111      0.06112      0.06181      0.06159      0.06102
      21      65      3      HE      0.03048      -9.8087      -12.757      -94.761      -0.0165      -8.3706      -10.757      -133.28      -0.0203      -9.1538      -11.78      -122.09      0.05209      -8.8536      -11.097      -142.66      0.0601      0.06124      0.0611      0.06117      0.06023      0.0611      0.06102      0.06152      0.05999      0.06112      0.06081      0.06157      0.06006      0.06108      0.06082      0.0615
      23      65      3      HE      -0.0301      -10.76      -7.7249      -46.739      0.06755      -10.758      -5.2657      -99.263      -0.0022      -10.144      -3.6268      -157.69      -0.0357      -11.042      -2.5256      -173.09      0.0609      0.06187      0.06177      0.06275      0.06118      0.06188      0.06146      0.06324      0.06089      0.06169      0.06141      0.06355      0.06106      0.06161      0.06141      0.06359
      23      65      2      HE      0.13669      -5.325      -3.5346      -23.393      0.12681      -5.5724      -3.71      -82.058      0.11045      -4.6634      -1.7569      -113.99      0.15904      -6.2159      -2.9673      -57.931      0.0605      0.06098      0.06048      0.06312      0.06053      0.06108      0.06021      0.06325      0.06036      0.06065      0.06019      0.06334      0.06029      0.06105      0.05996      0.06308
      25      65      2      HE      0.14832      -4.1402      -2.3924      8.12588      0.09382      -2.832      -0.229      0.5779      0.03385      -4.1933      -1.833      -17.874      0.07274      -4.6641      -3.0889      -31.296      0.06092      0.06235      0.06091      0.06139      0.06102      0.06212      0.0608      0.06161      0.06081      0.06231      0.06074      0.06163      0.06089      0.06241      0.06075      0.0614
      23      65      6      HE      0.16938      -0.141      -4.1635      -43.881      0.16278      -0.4862      -0.6835      -20.299      0.07504      -0.5093      -0.1891      -36.813      0.14367      -0.4031      -2.1771      2.36117      0.06171      0.06273      0.06104      0.06136      0.06189      0.06298      0.06079      0.06137      0.06144      0.06265      0.0607      0.0611      0.06155      0.06272      0.06059      0.06097
      23      65      5      HE      0.07983      -1.7311      6.47254      50.4982      0.11912      -1.1892      4.92322      30.707      -0.008      -1.5824      -1.1781      1.10673      0.06272      -1.6343      1.9863      38.9479      0.06381      0.06322      0.06097      0.06128      0.06406      0.06314      0.0609      0.06176      0.06358      0.06307      0.06087      0.06154      0.0636      0.063      0.0608      0.06141
      25      65      5      HE      0.05547      0.24159      2.10128      35.322      0.03407      1.36593      8.82129      -18.147      0.05196      0.41788      4.17738      3.5428      0.10316      1.34953      4.73052      -5.1585      0.06136      0.06159      0.06153      0.06048      0.06153      0.06122      0.06123      0.06063      0.06107      0.0613      0.06131      0.06055      0.06115      0.06112      0.06107      0.06035
      25      65      6      HE      -0.0206      -0.4826      -1.6377      8.73715      0.00411      -0.6166      -0.4637      -3.5074      -0.0244      -0.9692      1.78174      -45.215      0.0137      -0.1755      2.49612      -42.084      0.06257      0.06233      0.06202      0.06389      0.06289      0.06238      0.06173      0.06428      0.06232      0.06231      0.06167      0.0642      0.06239      0.0622      0.06159      0.06402
      19      65      3      HE      0.16594      -2.2453      -4.2932      -6.3791      0.14197      -1.6111      1.26814      -19.754      0.04282      -1.9728      0.46417      -57.218      -0.1114      -2.3774      -2.5699      -50.165      0.06227      0.06333      0.06179      0.06244      0.0625      0.06312      0.06174      0.06262      0.06183      0.06313      0.06166      0.06253      0.06194      0.06307      0.06148      0.06247
      25      65      3      HE      0.12559      -0.935      2.92648      10.7772      0.094      -0.3292      2.34271      12.0097      0.05218      -1.1582      1.5002      -34.371      0.06176      -1.151      5.80601      -57.521      0.06173      0.06215      0.0628      0.06185      0.06202      0.06228      0.06263      0.0621      0.06136      0.06204      0.06252      0.06194      0.06153      0.06186      0.06248      0.06198
      19      65      5      HE      -0.1578      -2.2921      6.47345      -41.386      -0.2189      -2.1356      2.63227      -49.437      -0.1618      -2.1507      4.53317      -3.4983      -0.1822      -2.2354      0.06158      6.5449      0.06081      0.06048      0.05915      0.05931      0.06079      0.06043      0.05895      0.05953      0.06058      0.06036      0.05886      0.05937      0.06051      0.06034      0.05891      0.05919
      25      65      4      HE      -0.0121      -10.5      -7.1143      17.3905      0.03904      -9.8048      -6.7517      58.8415      0.00985      -10.325      -13.759      88.9801      0.01527      -9.9313      -9.9391      -2.1848      0.06128      0.06132      0.06159      0.06111      0.06118      0.06104      0.0615      0.06083      0.06113      0.06091      0.06153      0.06061      0.06095      0.06085      0.06145      0.06101
      20      65      6      HE      0.06492      -7.4251      -6.4445      13.3089      0.01079      -7.9075      -2.4789      70.5978      0.02237      -8.3072      -1.0093      34.2801      0.0635      -7.3308      0.10073      17.3682      0.06082      0.06088      0.0603      0.06022      0.06091      0.06074      0.06006      0.05998      0.06064      0.06078      0.05985      0.05987      0.06065      0.06062      0.05974      0.05995
      20      65      5      HE      0.04947      -9.2908      -8.9584      24.6391      0.03792      -8.4343      -5.1582      28.1634      0.03209      -9.8059      -1.7701      -17.846      0.00956      -8.8209      -2.5666      20.9546      0.06046      0.06039      0.05998      0.06165      0.06059      0.06028      0.05984      0.06169      0.06034      0.06037      0.05964      0.06179      0.06038      0.06022      0.0596      0.0616
      21      65      5      HE      0.05997      -5.1061      -6.1315      -13.912      0.09223      -4.6468      -2.3329      -70.148      0.09319      -5.2065      -3.6566      -69.062      0.09507      -4.6769      -5.8464      -10.316      0.06033      0.06158      0.0611      0.06028      0.06031      0.06149      0.061      0.06046      0.06015      0.06156      0.06082      0.06041      0.06006      0.06145      0.06079      0.06037
      21      65      6      HE      0.07389      -5.1436      -5.4001      -58.376      0.04492      -3.8071      -6.4022      -23.656      0.16759      -4.2196      -9.5747      -53.06      0.06673      -3.9089      -8.6685      -42.907      0.061      0.06151      0.06108      0.06223      0.06103      0.06133      0.06086      0.06202      0.06086      0.06119      0.06096      0.06206      0.06076      0.06116      0.06092      0.0619
      19      65      1      HE      0.1239      -3.5477      -5.1801      -46.513      0.15365      -3.1239      -1.2015      -78.288      0.07473      -2.4109      -2.5883      -32.886      0.12095      -3.0885      -4.2124      -51.621      0.06221      0.06297      0.0606      0.06309      0.06225      0.06299      0.06038      0.06309      0.06218      0.06281      0.06039      0.06309      0.06207      0.06281      0.06037      0.06299
      20      65      1      HE      -0.0033      -7.3243      -2.4326      -19.636      0.01922      -5.2885      -3.6284      -44.428      -0.0536      -6.4276      -1.7671      -72.118      0.00431      -6.7925      -1.896      -41.001      0.0627      0.06304      0.06235      0.06276      0.0627      0.0627      0.06202      0.06301      0.06262      0.06282      0.06199      0.06304      0.06238      0.06275      0.06191      0.0631
      21      65      1      HE      0.00735      -5.6787      -2.3729      10.6792      0.05774      -5.2322      -1.671      34.6241      0.07581      -5.7215      4.539      16.4279      -0.0105      -5.019      3.68159      11.0417      0.06309      0.06329      0.06327      0.06425      0.06304      0.06333      0.06287      0.06409      0.06299      0.06327      0.06286      0.06414      0.06278      0.06326      0.06283      0.06409
      23      65      1      HE      -0.0219      -6.3472      -3.6446      -15.745      0.05531      -5.3012      -2.2497      -1.4808      -0.0085      -5.283      -0.5321      23.3745      -0.081      -6.2874      1.39799      44.256      0.06315      0.06455      0.06253      0.06347      0.06327      0.06435      0.0621      0.06327      0.0631      0.0642      0.06201      0.06316      0.0629      0.06426      0.06209      0.06293
      19      65      4      HE      0.03257      -5.966      -1.267      -8.6767      0.18617      -5.4662      1.70903      -7.4369      0.11086      -5.7575      -2.8769      -7.9923      -0.0302      -5.6672      -0.9778      -8.7711      0.06237      0.06368      0.06365      0.06277      0.06249      0.06367      0.06361      0.06261      0.06232      0.06365      0.06357      0.0625      0.06211      0.06357      0.06343      0.06247
      25      65      1      HE      0.042      -7.055      -6.6092      -19.367      0.08533      -7.3581      -12.249      -38.862      0.01037      -6.7299      -7.7382      -30.175      -0.0021      -6.6097      -6.773      -36.409      0.06293      0.06456      0.06454      0.06299      0.06303      0.06464      0.06454      0.06311      0.06287      0.06436      0.06448      0.06313      0.06266      0.06433      0.06448      0.06308
      19      65      6      HE      0.13267      -6.2738      -8.1318      -36.886      0.03375      -6.663      -7.2304      -56.879      0.13682      -6.2444      -7.8327      -54.168      0.10001      -6.6345      -9.2835      -48.448      0.0632      0.06451      0.06451      0.06296      0.06333      0.06433      0.06428      0.06313      0.0629      0.06422      0.06429      0.06309      0.0629      0.06427      0.06424      0.06297
      23      65      4      HE      0.037      -6.9144      -2.7084      -19.2      0.14085      -6.2812      -3.3038      58.3068      0.105      -8.4016      -3.1002      28.3822      -0.0343      -7.1454      -0.2225      1.89068      0.0628      0.06277      0.06396      0.06253      0.06272      0.06274      0.06378      0.0621      0.06255      0.0629      0.06368      0.06225      0.06241      0.06275      0.06357      0.06226
      21      65      2      HE      0.069      -6.4088      -5.4798      -23.392      -0.0603      -5.746      -3.5402      45.9639      0.01636      -6.1035      -1.2009      7.05386      -0.0007      -6.1606      -1.8257      49.5337      0.06283      0.06283      0.06359      0.06263      0.06296      0.0627      0.06343      0.06237      0.06281      0.0626      0.06318      0.06244      0.06278      0.06259      0.0632      0.06223
      20      65      2      HE      0.12872      -3.5082      1.07325      -54.259      0.10221      -3.4619      4.90045      -39.242      0.06179      -3.536      4.10095      -81.676      0.09138      -4.2603      5.09277      -32.398      0.06289      0.06263      0.06316      0.06143      0.06297      0.06254      0.06278      0.06171      0.06294      0.06249      0.06278      0.06142      0.06268      0.06235      0.06259      0.06129
      21      65      4      HE      0.1798      -8.2279      -8.0101      -20.292      0.12204      -6.4269      -7.3998      -71.756      0.23546      -7.0236      -6.7704      -55.777      0.17291      -6.8565      -2.9517      -58.232      0.06312      0.06424      0.06323      0.06286      0.06305      0.06384      0.0628      0.0633      0.06288      0.06367      0.06268      0.06316      0.06276      0.06369      0.06252      0.06321
      20      65      4      HE      0.11477      -8.1194      -3.0446      -3.439      -0.0349      -7.6758      0.79461      -7.426      0.00203      -7.3704      0.64653      -11.787      0.07027      -6.9753      -2.1755      14.2763      0.06292      0.06243      0.06366      0.06236      0.06285      0.06221      0.0634      0.06226      0.06293      0.06217      0.0634      0.06245      0.06246      0.06206      0.06321      0.06199
      19      66      5      HE      0.01641      0.94241      2.37356      -18.349      0.05551      1.32356      2.8033      -49.046      -0.0325      1.04659      4.73343      -27.285      -0.0147      0.86635      5.67412      -49.54      0.06224      0.06334      0.06289      0.06357      0.06212      0.06322      0.06266      0.0635      0.06214      0.06313      0.06248      0.0634      0.06212      0.06314      0.06248      0.0634
      19      66      6      HE      0.00273      3.39877      3.71077      -29.415      -0.0597      4.56976      6.48868      -24.029      0.01398      4.66258      9.57452      -15.01      0.01171      4.5283      7.06659      9.85703      0.06251      0.06305      0.0636      0.06292      0.06247      0.0628      0.06336      0.06275      0.06252      0.06277      0.06307      0.06271      0.06244      0.06267      0.063      0.06255
      22      65      2      HE      -0.0379      6.70302      11.442      41.5115      -0.0155      6.57836      7.33579      51.6459      -0.0151      5.91421      11.8157      63.8174      -0.0262      5.8651      11.89      43.2617      0.06237      0.06284      0.0629      0.0636      0.06237      0.06293      0.06277      0.06373      0.06237      0.06299      0.06254      0.06343      0.06242      0.06288      0.06251      0.06343
      20      66      2      HE      0.06505      -1.5282      0.00186      -60.456      0.02594      -1.4743      6.53707      105.971      0.07689      -0.8579      2.19103      39.9723      0.08914      -0.8647      1.17082      19.0258      0.06263      0.06416      0.06336      0.06346      0.06255      0.06393      0.06276      0.06263      0.06252      0.06379      0.06268      0.06277      0.0625      0.06368      0.06259      0.06265
      22      65      4      HE      0.10751      -3.8332      -2.3336      -53.764      0.03139      -3.28      1.14391      15.0606      -0.0097      -3.6542      1.63022      28.013      0.09925      -2.7808      2.28098      -9.2797      0.06273      0.06285      0.06244      0.0614      0.06266      0.06283      0.06201      0.0609      0.06265      0.06273      0.06182      0.06049      0.06263      0.06269      0.0618      0.06059
      20      66      4      HE      -0.0822      2.85069      9.37978      61.6585      -0.0572      3.25744      5.95205      25.3094      -0.0278      3.15993      6.27612      47.5034      -0.048      3.56307      11.8155      12.243      0.06246      0.06422      0.06267      0.06372      0.0623      0.06415      0.06252      0.06357      0.06234      0.06406      0.0625      0.06356      0.0623      0.06386      0.06238      0.06336
      19      66      1      HE      -0.0807      3.20474      5.16082      -19.585      -0.0369      3.07382      7.49575      -36.396      0.02928      3.14702      5.26182      -64.765      -0.0001      3.30317      5.66832      2.13086      0.06243      0.06288      0.0627      0.06405      0.0623      0.06302      0.06257      0.06434      0.06234      0.06282      0.06245      0.0642      0.06236      0.06247      0.06245      0.06416
      20      66      1      HE      -0.1766      -1.0329      1.73094      64.1692      -0.1013      -1.0616      7.8497      2.26623      -0.2119      -2.0979      4.85092      64.9683      -0.1531      -1.6558      5.10721      9.24804      0.06239      0.06318      0.06352      0.06299      0.0623      0.06322      0.06328      0.06323      0.06226      0.06328      0.06332      0.06301      0.06228      0.06313      0.06307      0.06304
      22      65      1      HE      0.08523      -2.1781      2.35587      -6.6671      0.06223      -1.3145      1.39255      6.61475      0.11779      -1.0397      0.99316      -20.162      0.08874      -1.8024      1.54886      -8.2811      0.06347      0.06403      0.06248      0.06471      0.06346      0.06375      0.06227      0.06455      0.06331      0.06354      0.06201      0.06449      0.0634      0.06362      0.06195      0.06449
      24      65      1      HE      0.09243      5.71204      5.6254      11.9658      0.08089      5.11581      7.10409      51.3195      0.11495      6.07066      10.0309      4.13645      0.08091      5.22146      12.7454      39.4317      0.06275      0.06305      0.06371      0.06197      0.06274      0.06313      0.06343      0.0616      0.06268      0.06295      0.06355      0.06164      0.06261      0.0629      0.06318      0.06176
      19      66      4      HE      0.07076      8.3314      12.8385      46.1519      0.0519      8.46813      16.6562      49.8646      0.05052      8.23672      14.8059      62.2399      0.04491      8.13307      14.8638      33.4029      0.06251      0.06159      0.06147      0.06257      0.06254      0.06154      0.0613      0.06248      0.06243      0.06123      0.06119      0.06241      0.06249      0.06127      0.06123      0.0625
      26      65      1      HE      -0.0118      0.2679      4.70877      25.5178      -0.0069      0.67538      5.60631      -2.9294      -0.0123      0.54662      5.90986      18.3844      -0.0147      1.04599      5.23406      21.2373      0.06316      0.06251      0.06263      0.06104      0.06307      0.06242      0.06243      0.06112      0.06302      0.06233      0.06232      0.06109      0.063      0.06235      0.06234      0.06084
      24      65      6      HE      0.15798      2.36467      -0.6397      -16.167      0.00099      3.12989      6.82807      -7.0363      0.04676      2.73039      6.47909      -6.9834      -0.0148      2.11335      6.48126      -8.3233      0.0614      0.06218      0.06017      0.06049      0.0614      0.06199      0.05961      0.06047      0.06129      0.06193      0.05959      0.06034      0.06129      0.06195      0.05959      0.06043
      26      65      4      HE      0.08951      -1.718      -2.7948      15.8484      0.0591      -1.3437      6.0732      71.5549      0.03745      -1.0718      1.88773      75.6452      0.07853      -1.2328      4.07155      80.9435      0.06124      0.06166      0.06123      0.05991      0.06121      0.06156      0.0609      0.05931      0.06099      0.06124      0.06091      0.05921      0.06113      0.06138      0.0609      0.05923
      20      66      5      HE      0.09506      2.34647      6.79179      21.2017      0.11633      2.73536      6.66081      4.28762      -0.0088      2.60044      5.60356      31.4108      0.03658      1.90667      5.29697      -65.557      0.06064      0.06155      0.06226      0.06204      0.0607      0.06162      0.06212      0.06222      0.06044      0.06157      0.06185      0.06198      0.0606      0.0616      0.06184      0.06209
      22      65      6      HE      0.04646      -2.9783      -3.7908      -41.666      0.11753      -2.5592      -3.7204      -14.114      0.04106      -2.3352      -3.0398      -5.5712      0.07587      -3.4044      -4.9393      -9.4052      0.06164      0.06085      0.06166      0.06081      0.06164      0.06061      0.06143      0.06081      0.06149      0.06054      0.06134      0.06059      0.06158      0.06062      0.06136      0.06074
      24      65      4      HE      -0.0292      2.25738      5.13403      46.0307      0.08871      2.93899      10.0574      87.5045      -0.0721      3.03388      4.24803      24.1998      -0.0216      2.48429      7.07736      79.8164      0.06182      0.06233      0.06178      0.06125      0.06189      0.06214      0.06149      0.06102      0.06162      0.06204      0.06148      0.06091      0.06174      0.06204      0.06153      0.06094
      20      66      6      HE      -0.0223      -5.5954      -5.983      36.9974      -0.0037      -5.3492      -4.0672      19.565      0.06372      -5.3088      -3.0495      35.294      -0.0053      -5.3692      2.12652      26.1563      0.06165      0.06205      0.06186      0.06186      0.06152      0.06198      0.06152      0.06212      0.06125      0.06185      0.06153      0.06185      0.06142      0.06178      0.0615      0.06198
      22      65      5      HE      -0.0845      -10.526      -15.07      -92.383      0.01711      -9.678      -14.84      -70.758      0.03364      -11.156      -15.044      -69.901      0.0938      -10.721      -14.215      -64.684      0.06144      0.06252      0.06177      0.0617      0.06172      0.06232      0.06164      0.06189      0.06129      0.06239      0.06159      0.06165      0.06163      0.06238      0.0615      0.06159
      24      65      5      HE      0.06244      -10.767      -11.725      -38.938      0.05607      -10.39      -9.8749      -5.2193      0.04893      -10.476      -10.281      -32.256      0.10016      -10.13      -11.576      8.18316      0.06192      0.062      0.06155      0.06286      0.06206      0.06185      0.06149      0.06265      0.06178      0.06173      0.06149      0.06258      0.06197      0.06175      0.06117      0.06249
      26      65      6      HE      0.04398      -10.043      -13.492      -54.365      0.01028      -8.6318      -5.5602      -22.645      0.01222      -9.0636      -5.9661      -15.191      0.06806      -8.891      -8.8374      -17.093      0.06241      0.06312      0.06353      0.06142      0.06247      0.06297      0.06297      0.06113      0.06225      0.06303      0.06304      0.06112      0.06243      0.06297      0.06294      0.06081
      26      65      5      HE      0.15369      -11.381      -14.489      -21.569      0.16623      -11.006      -6.188      90.6497      0.13896      -11.276      -4.0376      24.5804      0.16953      -11.084      -7.8131      83.7254      0.06215      0.0621      0.06271      0.06157      0.06231      0.06222      0.06219      0.06097      0.06205      0.06217      0.06209      0.06119      0.06224      0.06206      0.06217      0.06088
      19      66      3      HE      -0.1015      -10.676      -8.6212      -6.2374      -0.0442      -10.379      -12.877      15.3154      -0.0758      -11.041      -7.1472      13.539      -0.0332      -10.842      -14.075      10.6227      0.06205      0.06258      0.06162      0.06242      0.06223      0.06263      0.06154      0.06222      0.06204      0.06257      0.06149      0.0623      0.06219      0.06249      0.06144      0.06206
      26      65      3      HE      0.08361      -9.2536      -11.917      -24.979      0.0751      -8.798      -9.5052      -3.4398      0.05583      -8.5633      -11.212      -20.529      0.11793      -8.6409      -10.865      -17.741      0.06203      0.06232      0.06144      0.06093      0.0622      0.0622      0.06151      0.06073      0.06197      0.06198      0.06139      0.06063      0.06212      0.06194      0.0613      0.06033
      19      66      2      HE      -0.43      -6.2095      -11.019      -78.867      0.09601      -3.8942      -6.9144      -65.795      -0.383      -5.2092      -3.1102      -66.145      -0.2722      -5.0843      -6.395      -54.057      0.06242      0.06284      0.06132      0.06419      0.06237      0.06282      0.06108      0.06423      0.06214      0.06262      0.06082      0.06398      0.06235      0.06268      0.06087      0.06389
      20      66      3      HE      -0.2209      0.02317      -4.5179      -7.1216      -0.3167      -0.8472      -0.8155      -40.867      -0.2253      -0.2389      -0.5146      -3.1169      -0.2399      -0.3511      -1.0673      -8.8323      0.06181      0.06196      0.06292      0.06246      0.06171      0.06217      0.06269      0.06257      0.06161      0.06206      0.06262      0.06255      0.06167      0.06199      0.06242      0.06235
      22      65      3      HE      0.04025      -5.3389      -10.592      -39.738      0.0335      -6.0095      -7.819      -56.789      0.04068      -5.7039      -10.692      -62.498      0.02023      -5.4651      -6.3911      -70.347      0.06236      0.06193      0.06165      0.06214      0.06227      0.06218      0.06159      0.06212      0.06228      0.0621      0.06147      0.06208      0.06225      0.06204      0.06141      0.06194
      24      65      3      HE      -0.2548      2.12552      4.37209      36.9544      -0.2815      1.41778      6.31788      50.2884      -0.2611      2.27697      7.22554      8.28364      -0.2831      1.81476      9.31389      13.0298      0.06174      0.06311      0.0622      0.06124      0.06168      0.06333      0.06195      0.06109      0.06159      0.06314      0.06186      0.0612      0.06156      0.0632      0.06174      0.06109
      24      65      2      HE      0.13785      -0.9466      0.79508      7.9694      0.12455      -0.4341      5.58138      16.1715      0.13754      -0.977      1.34389      16.0431      0.11757      -0.7853      3.9671      25.4219      0.0616      0.06287      0.0627      0.05998      0.06153      0.06291      0.06253      0.06005      0.06149      0.06286      0.06245      0.0599      0.06145      0.0628      0.06239      0.05987
      26      65      2      HE      0.10925      4.45494      4.65915      -17.384      0.11934      4.89861      9.292      -19.655      0.07687      3.88633      4.03612      -26.377      0.11622      4.20504      9.4693      -8.9628      0.06233      0.062      0.06308      0.06102      0.0622      0.06212      0.06279      0.06094      0.06219      0.06199      0.06284      0.06074      0.06209      0.06186      0.06266      0.06072
