#Linking QIE11 condition constant table...
#Printing QIE11 condition constant table! ShuntMode : 11.5
      29      63      1      HE      0.0341      -0.0463      -0.8262      -28.082      -0.0244      -0.1614      -0.5776      -5.7298      0.00546      0.02052      2.61489      -11.159      -0.0228      -0.0854      -0.2873      -0.0067      0.02699      0.02716      0.02716      0.02683      0.02686      0.02722      0.02702      0.02659      0.02695      0.02717      0.02694      0.02665      0.02682      0.02711      0.02688      0.0265
      28      63      1      HE      -0.0329      0.07443      -1.5347      -4.0177      -0.1017      0.07257      -0.1979      -1.0106      -0.1105      -0.0278      0.27116      2.59167      0.0419      0.19327      0.604      2.39126      0.0271      0.02735      0.02711      0.02648      0.02703      0.02739      0.02703      0.02644      0.02705      0.02731      0.02701      0.02641      0.02694      0.02729      0.02697      0.02638
      18      63      2      HE      -0.0212      1.74692      1.61345      6.96717      -0.0453      1.68232      3.34215      2.68275      -0.0137      1.83198      3.76595      4.06586      0.00166      1.71292      3.22267      0.25406      0.02715      0.0268      0.02655      0.0263      0.02708      0.0268      0.02649      0.0262      0.02716      0.02675      0.02652      0.02618      0.02704      0.02675      0.02638      0.02622
      17      63      2      HE      0.04152      3.06763      2.06056      -13.088      0.04598      3.62074      4.23664      -15.557      0.04105      3.52366      5.77436      -21.939      0.06289      3.56374      4.24065      -16.189      0.02708      0.0271      0.02699      0.02637      0.027      0.02708      0.02688      0.02653      0.02706      0.02709      0.02685      0.02649      0.02695      0.02705      0.0268      0.02638
      16      63      4      HE      0.02308      1.66738      1.27109      -3.4459      0.00474      1.41556      2.55793      -6.6907      0.02629      1.60193      1.21169      -16.594      -0.0068      1.59771      2.62441      -10.513      0.02695      0.02722      0.02648      0.02631      0.02691      0.02728      0.02643      0.02635      0.02695      0.02717      0.02644      0.02636      0.02687      0.02711      0.02636      0.02635
      29      63      2      HE      0.02164      -0.3009      -1.1279      -27.146      -0.0201      -0.0598      -1.3609      -23.986      -0.0061      0.00774      -1.7263      -28.643      -0.0266      -0.2557      -0.624      -42.89      0.02706      0.02734      0.0273      0.02709      0.02702      0.02734      0.02723      0.02708      0.02704      0.02732      0.02723      0.02703      0.02692      0.02727      0.02716      0.02702
      28      63      2      HE      -0.0194      0.66372      0.90221      -18.598      -0.0139      0.79435      3.55732      -11.387      -0.0502      0.91691      2.13389      -12.435      -0.0166      0.63673      0.99969      -8.8618      0.02691      0.0272      0.02719      0.02744      0.02687      0.02725      0.02709      0.02733      0.02692      0.02726      0.02703      0.02735      0.02697      0.02718      0.02706      0.0274
      28      63      5      HE      -0.0502      -1.4004      -4.5062      -30.082      -0.0589      -1.1194      -1.2871      -27.139      -0.0454      -1.6432      -1.0838      -9.2497      -0.0824      -1.3196      -2.2595      -19.264      0.027      0.02718      0.02668      0.02678      0.02701      0.02721      0.02654      0.02678      0.02701      0.02718      0.02651      0.02672      0.02707      0.02713      0.02648      0.02675
      28      63      3      HE      0.02035      -1.4375      -0.8715      -6.2057      0.03095      -1.3701      2.02078      13.4613      0.02421      -1.1822      2.35999      12.4361      0.02697      -1.4889      2.82001      12.7417      0.02702      0.02707      0.02707      0.02719      0.02706      0.02716      0.02688      0.02707      0.02699      0.02712      0.02682      0.02706      0.0271      0.02711      0.02675      0.02705
      28      63      7      HE      0.01143      1.50118      2.34882      4.67102      0.01539      1.55446      2.01542      8.14419      0.0035      1.12424      1.12134      3.137      0.02046      1.19027      4.10844      1.71135      0.02716      0.02701      0.02706      0.02694      0.02718      0.02722      0.02693      0.02695      0.02711      0.02718      0.02695      0.02685      0.02723      0.02716      0.02688      0.02683
      26      63      7      HE      -0.0246      2.80267      0.02564      -24.842      0.02177      2.6449      0.39453      -36.011      0.00439      2.57933      0.4505      -18.47      0.02072      2.4912      2.66335      -31.023      0.02699      0.02671      0.02648      0.02645      0.02702      0.02687      0.02634      0.02646      0.02697      0.02681      0.02633      0.02638      0.02706      0.02678      0.0263      0.0264
      28      63      6      HE      -0.0353      -0.3618      -3.0406      -10.563      -0.0148      -0.3092      -1.348      -16.005      -0.0297      -0.1587      -2.8942      -24.483      -0.0145      -0.296      -0.4024      0.1011      0.0271      0.02692      0.02722      0.02708      0.02714      0.02697      0.0272      0.02711      0.02703      0.02694      0.02706      0.02706      0.02718      0.02694      0.0271      0.027
      18      63      3      HE      -0.019      -4.6027      -8.3992      -45.046      0.04066      -4.7333      -6.2894      -18.194      0.05026      -4.6741      -7.1393      -34.468      0.02614      -4.4026      -8.2915      -2.1937      0.02748      0.02706      0.02649      0.02663      0.02747      0.0271      0.02635      0.0265      0.02739      0.02701      0.02629      0.02654      0.02746      0.02702      0.02622      0.02635
      28      63      4      HE      0.0258      -5.1668      -4.5494      -7.3012      0.02511      -4.8771      -3.9498      -13.477      -0.1171      -5.1426      -2.6873      -15.055      0.02646      -4.8537      -2.622      -13.719      0.02709      0.02679      0.02692      0.02637      0.02706      0.0268      0.02682      0.02632      0.02706      0.0267      0.02675      0.0263      0.027      0.0267      0.02675      0.02629
      17      63      3      HE      0.0287      -4.5231      -7.2239      -17.077      0.00764      -4.1246      -2.0776      -16.528      0.05301      -4.0131      -7.384      -17.248      0.02697      -4.0903      -5.1895      -17.384      0.02716      0.02707      0.02701      0.02684      0.02709      0.02692      0.02682      0.02664      0.02716      0.0269      0.02687      0.0267      0.02709      0.02689      0.02683      0.02668
      18      63      5      HE      0.0471      -4.593      -5.3039      -17.324      0.00916      -4.5749      -2.7391      -2.6996      0.02117      -4.6078      -2.6122      -3.9376      0.00134      -4.416      -2.9409      -3.4893      0.0271      0.02689      0.02744      0.02738      0.02708      0.02688      0.02727      0.02719      0.02714      0.02685      0.02722      0.02726      0.02705      0.02676      0.02719      0.02718
      18      63      1      HE      -0.0145      -4.8267      -8.7999      3.55222      -0.002      -4.8288      -5.3573      18.2476      0.00384      -4.5144      -6.815      18.0559      0.00462      -4.4808      -6.4656      29.2008      0.0269      0.02767      0.0272      0.0269      0.02691      0.02767      0.027      0.02679      0.02697      0.02763      0.02704      0.02672      0.02685      0.02752      0.02699      0.02668
      18      63      4      HE      0.05624      -4.0329      -3.5987      3.24995      0.03692      -3.9289      -1.4455      6.42658      0.03881      -3.6008      -1.4922      10.5407      0.02472      -3.839      -3.2801      -18.253      0.02729      0.02734      0.02723      0.02759      0.02723      0.02726      0.02717      0.0276      0.02727      0.02722      0.02711      0.02754      0.02719      0.02717      0.02708      0.02758
      18      64      1      HE      0.02468      1.01129      2.6004      -11.246      -0.02      0.82474      3.22916      -0.0788      0.02866      0.81562      3.1969      11.1323      -0.0062      0.64256      2.81422      5.49771      0.02686      0.02702      0.02739      0.02729      0.02676      0.0271      0.02719      0.02722      0.02672      0.02706      0.02714      0.02701      0.02674      0.02709      0.02713      0.02718
      18      64      4      HE      0.05113      1.22223      2.5142      -19.466      0.01442      1.19274      4.8411      2.48115      0.04124      1.36537      4.82486      0.35472      0.04978      0.94716      5.36883      -5.2656      0.02671      0.02682      0.02707      0.02699      0.02656      0.02682      0.02691      0.02701      0.02661      0.0268      0.02687      0.02696      0.02657      0.02684      0.02684      0.02692
      18      64      5      HE      0.04005      -0.6431      2.03034      12.5883      0.00721      -0.7279      2.87434      12.7261      0.03773      -0.5736      0.3411      11.3504      0.02105      -0.8834      1.78362      20.1823      0.02666      0.02713      0.02728      0.02718      0.02653      0.0272      0.02716      0.02707      0.02658      0.02717      0.0272      0.02701      0.02657      0.02715      0.02714      0.02697
      17      64      3      HE      0.04548      -0.5699      2.06491      17.6659      0.03585      -0.5039      0.79288      32.3546      0.07588      -0.6298      1.44111      22.8585      0.05489      -0.5604      3.80161      0.01789      0.02687      0.02697      0.02681      0.02657      0.02675      0.02699      0.02667      0.02651      0.02683      0.02699      0.02666      0.02652      0.02678      0.02697      0.02665      0.0265
      27      63      4      HE      -0.0858      2.49831      3.36983      16.7455      0.03424      2.79806      5.51274      30.8242      -0.087      2.49907      5.26325      28.3565      0.03366      2.40372      5.31744      29.9134      0.02674      0.02717      0.02695      0.02677      0.02668      0.02725      0.02682      0.02663      0.02671      0.0272      0.02677      0.02659      0.02668      0.02715      0.02674      0.02664
      18      64      3      HE      0.04924      0.41719      0.72113      11.0264      0.05148      0.50936      3.12815      4.92383      0.05824      0.32783      2.31659      12.4024      0.06252      0.82606      2.93986      9.21453      0.027      0.02739      0.02682      0.02695      0.02692      0.02739      0.02669      0.02708      0.02693      0.02737      0.02666      0.02695      0.02692      0.02732      0.02662      0.02699
      27      63      7      HE      0.01629      -6.681      -10.342      -32.104      0.04104      -6.4203      -7.873      -22.026      0.05119      -6.3628      -7.5598      -21.873      0.03188      -6.3105      -7.4438      -32.641      0.02747      0.02823      0.02726      0.02679      0.02746      0.02815      0.02703      0.02663      0.02735      0.02808      0.02698      0.02662      0.02743      0.0281      0.02699      0.02664
      27      63      3      HE      -0.0044      -3.2337      -5.4717      -8.6489      0.03837      -3.2044      -4.1514      14.1447      -0.0013      -3.2284      -3.7736      -9.6421      0.01019      -3.4309      -1.8187      -13.056      0.02671      0.02666      0.02666      0.02683      0.0267      0.02672      0.02651      0.02671      0.02671      0.02668      0.02647      0.02681      0.02667      0.02672      0.02645      0.02682
      27      63      5      HE      0.02655      -1.4272      -3.1501      -15.157      0.01062      -1.8035      -1.3967      16.8576      0.03096      -1.5301      -1.1012      -7.7023      0.00708      -1.865      -1.3771      -2.2367      0.02688      0.02719      0.02723      0.02697      0.02685      0.02729      0.02698      0.0268      0.02684      0.02722      0.02689      0.02684      0.02681      0.02719      0.0269      0.02679
      27      63      6      HE      0.01104      -2.0553      -1.5063      -19.396      -0.0114      -1.9937      -0.5401      -21.434      -0.0066      -1.7902      -2.8195      -13.347      0.00069      -2.3249      -1.1379      -30.551      0.02713      0.02744      0.02703      0.0263      0.02712      0.02751      0.02691      0.02629      0.02715      0.02747      0.02689      0.02625      0.02707      0.02745      0.02689      0.02625
      29      63      3      HE      0.0163      -1.4704      -2.9923      -8.5709      0.01247      -1.0706      0.84322      26.2284      0.02659      -0.9877      1.5886      -2.9138      0.01699      -1.3189      -0.7173      4.97416      0.02657      0.02685      0.02645      0.02597      0.02653      0.02668      0.02626      0.02586      0.02657      0.02666      0.02623      0.02594      0.02652      0.02667      0.02624      0.02589
      27      63      1      HE      0.06384      -4.4589      -2.9728      14.4802      0.02495      -4.8764      -0.8758      8.08243      0.05308      -4.9766      -2.5174      15.378      0.05581      -4.7581      -2.0767      23.3758      0.02704      0.0269      0.02692      0.02729      0.02697      0.02704      0.02681      0.02735      0.02688      0.02695      0.02678      0.02717      0.02696      0.02696      0.02674      0.02715
      18      64      2      HE      0.01437      -4.4859      -3.7133      -1.322      -0.0331      -4.7618      -2.909      -11.411      0.0057      -4.7386      -3.5104      -17.219      0.0089      -5.0966      -3.1588      1.07509      0.02696      0.02704      0.02655      0.0267      0.02689      0.0271      0.02647      0.02673      0.02687      0.02703      0.02645      0.02671      0.02682      0.02702      0.02644      0.0266
      17      64      2      HE      0.05111      -5.3258      -7.2841      -25.878      0.03138      -5.4573      -4.9129      -32.069      0.03515      -5.6681      -5.0442      -28.828      0.00199      -5.8898      -5.5117      -26.114      0.02673      0.02664      0.02699      0.02719      0.02662      0.02674      0.0269      0.02714      0.02656      0.02669      0.02687      0.02703      0.02662      0.02672      0.02684      0.0271
      16      64      4      HE      0.0567      -4.4475      -5.1908      -6.8781      -0.013      -4.8849      -3.1858      -7.3031      0.04123      -4.9204      -3.8282      -7.6678      -0.0001      -4.8543      -2.5125      -1.6487      0.02682      0.02701      0.02663      0.02643      0.02669      0.02717      0.02654      0.0263      0.02669      0.02709      0.02645      0.02627      0.02667      0.02707      0.02649      0.02628
      27      63      2      HE      -0.0163      -4.3544      -0.7005      4.11147      -0.0095      -4.7522      0.87211      19.0162      -0.0052      -4.8695      -0.6811      5.88316      0.03606      -4.4967      -1.1527      15.4547      0.02671      0.02687      0.02661      0.02579      0.02662      0.02695      0.02657      0.02583      0.02662      0.02694      0.02652      0.02577      0.02658      0.0269      0.02649      0.02567
      27      65      1      HE      0.06075      -5.8252      -5.3549      -20.21      0.06862      -6.0858      -5.0734      -16.089      0.05635      -6.233      -7.1281      -11.535      0.01941      -6.1198      -6.0801      -11.942      0.02706      0.02766      0.02675      0.0274      0.02706      0.02766      0.02667      0.02734      0.02698      0.02759      0.0266      0.0273      0.027      0.02753      0.02657      0.02722
      18      65      2      HE      0.07033      -2.8723      0.40636      -5.4299      0.06399      -2.2489      -1.6857      -12.587      -0.0619      -2.5291      -0.3665      -17.584      -0.1062      -2.7498      -3.5213      -13.77      0.02689      0.027      0.02688      0.02671      0.02684      0.02683      0.02683      0.02674      0.02679      0.02678      0.02677      0.02675      0.02671      0.02672      0.0268      0.02673
      17      65      2      HE      0.06118      -2.8037      -3.4454      -11.756      0.03591      -2.7882      -2.2672      -10.732      0.04825      -2.9422      -1.6873      -18.14      0.00063      -2.9917      -2.3141      -11.348      0.02667      0.02636      0.02706      0.0263      0.02663      0.02628      0.02695      0.02635      0.02664      0.02629      0.02684      0.02629      0.02654      0.02631      0.02685      0.02625
      16      65      4      HE      0.04395      -4.7676      -5.2673      -33.285      0.06035      -5.0047      -3.568      -25.61      0.05559      -5.0381      -3.7559      -23.764      0.0447      -5.4663      -3.7639      -49.239      0.02691      0.02696      0.0266      0.02695      0.02685      0.02706      0.02649      0.02698      0.02687      0.02701      0.02646      0.02694      0.0268      0.02703      0.02645      0.02694
      27      65      2      HE      0.064      -5.7019      -4.6137      -25.269      0.06788      -5.4097      -2.4875      -24.832      0.05258      -5.2927      -3.5858      -39.565      0.06914      -5.8553      -2.0964      -44.047      0.02667      0.02685      0.027      0.02633      0.02663      0.02682      0.02686      0.02638      0.02664      0.02677      0.02683      0.0264      0.0265      0.02686      0.02678      0.02641
      27      65      5      HE      0.0674      -0.7178      0.65975      9.00788      0.09938      -0.2636      2.2305      -1.7543      0.00694      -0.2058      2.51662      -0.0903      0.03029      -0.6711      2.3887      16.3815      0.02712      0.02732      0.02755      0.02737      0.02725      0.02726      0.02739      0.02734      0.02699      0.0271      0.0273      0.02729      0.02695      0.02715      0.02729      0.02725
      27      65      3      HE      -0.087      0.13549      -0.3274      18.9374      -0.0809      0.18909      2.67765      13.8884      -0.0684      0.28996      1.32658      7.82352      -0.0698      0.34609      1.56272      -0.5971      0.02715      0.02731      0.02756      0.02688      0.02723      0.02723      0.02744      0.02698      0.02694      0.02715      0.02739      0.02689      0.0269      0.02706      0.02739      0.02694
      27      65      7      HE      0.01303      -0.6045      -1.2284      -8.127      -0.0406      -0.3719      0.30081      -10.92      -0.0482      -0.8415      -1.9962      -6.1768      0.00208      -0.4439      0.47333      -7.5163      0.02746      0.02796      0.02755      0.0273      0.02759      0.02791      0.02745      0.02726      0.02746      0.02787      0.02747      0.02726      0.02741      0.02788      0.02736      0.02724
      29      65      3      HE      0.08621      -0.5837      -0.8733      19.418      0.07063      -0.1955      -1.3437      9.76194      0.06287      -0.3135      0.82281      -2.2      0.05702      -0.2109      0.83556      1.03824      0.02736      0.02734      0.02758      0.02683      0.02749      0.02716      0.02749      0.02696      0.02729      0.02712      0.02745      0.02688      0.02725      0.02709      0.02743      0.02686
      27      65      6      HE      0.07609      -1.1597      -2.1118      -17.691      0.08114      -0.8919      -2.4789      -19.704      0.06166      -0.8784      -0.7425      -16.591      0.0708      -0.9247      0.3501      -11.032      0.02757      0.0273      0.02748      0.02675      0.02765      0.02719      0.0274      0.02671      0.02742      0.02713      0.0273      0.02666      0.02743      0.02705      0.02728      0.02663
      18      65      3      HE      0.02953      -5.7475      -5.6379      12.0354      0.06485      -5.6513      -4.1969      -0.1451      0.017      -5.5347      -3.5649      10.4094      0.02244      -5.7633      -3.7606      -21.999      0.02713      0.0273      0.02758      0.02683      0.02722      0.02725      0.02745      0.02694      0.02711      0.02717      0.02742      0.02685      0.02712      0.02718      0.02743      0.02694
      27      65      4      HE      0.02495      -2.3712      -2.7714      -7.6468      0.03434      -1.7553      0.97534      5.41735      0.0185      -2.1318      -0.1933      7.77487      0.02724      -2.0146      -0.1914      15.1807      0.02652      0.02699      0.02659      0.02629      0.02663      0.02696      0.02645      0.02618      0.02655      0.02694      0.02638      0.02612      0.02641      0.02691      0.02642      0.02594
      17      65      3      HE      0.05275      -2.8981      -1.2909      -17.784      0.05763      -1.5838      -2.3101      -13.803      0.04861      -2.3868      -0.5136      -13.761      -0.0907      -2.8818      -2.6241      -6.7023      0.02694      0.02731      0.02703      0.02738      0.027      0.027      0.02691      0.02734      0.0269      0.02713      0.02684      0.02732      0.02681      0.02717      0.02688      0.0272
      18      65      5      HE      0.02542      -3.0798      -5.6325      -18.874      0.02531      -3.1334      -2.1659      -9.1205      0.01005      -3.2012      -3.9256      -14.858      0.01221      -3.1151      -1.6803      -11.449      0.02718      0.02696      0.02713      0.02744      0.02731      0.027      0.027      0.02745      0.02724      0.02694      0.02701      0.02729      0.02713      0.02688      0.02694      0.02736
      18      65      1      HE      0.02981      -4.9584      -4.3085      1.92269      0.06494      -4.5887      -3.8456      8.32785      0.05107      -4.9246      -4.3061      2.14023      0.03039      -4.8393      -5.1679      -3.0143      0.02705      0.02748      0.02685      0.02721      0.02709      0.02738      0.02681      0.02718      0.02703      0.0274      0.02668      0.02713      0.02693      0.02737      0.02662      0.0271
      18      65      4      HE      0.01981      -5.1504      -3.5657      24.9088      0.02003      -5.1314      -1.0325      7.61403      0.04909      -4.8455      -2.8921      4.59921      0.04258      -5.1476      -3.3567      7.48351      0.02687      0.02678      0.02728      0.02649      0.0269      0.02675      0.0272      0.02637      0.02686      0.02669      0.02717      0.0264      0.02675      0.0267      0.02716      0.02642
      18      66      1      HE      -0.1978      -1.954      -4.1647      -4.7868      0.1247      -1.2817      -0.7551      -8.0821      -0.131      -1.8793      -0.9802      5.6901      -0.0824      -1.7296      -0.1511      15.4924      0.02715      0.02729      0.02711      0.02626      0.02714      0.02726      0.02682      0.02623      0.02693      0.02718      0.02682      0.02616      0.02708      0.02718      0.0268      0.02614
      18      66      4      HE      0.01425      0.35998      1.64742      32.0169      0.02256      0.33233      3.20434      31.8369      -0.0939      0.09843      2.11142      32.7128      -0.1189      0.28418      3.81861      37.0215      0.02726      0.02759      0.02804      0.02656      0.02727      0.02773      0.02796      0.02658      0.02713      0.02765      0.02791      0.0265      0.02716      0.02765      0.0279      0.02651
      18      66      5      HE      0.06569      -1.7533      -5.4747      -52.831      0.07374      -2.0978      -3.0451      -8.1288      -0.0119      -2.0757      -3.2157      -18.532      0.05535      -2.1927      -0.8415      -35.916      0.02716      0.02763      0.02718      0.02744      0.02715      0.02774      0.02704      0.02731      0.02704      0.02764      0.02692      0.02726      0.02705      0.02764      0.0269      0.02729
      17      66      3      HE      -0.0652      1.0689      3.90556      -7.1194      0.03288      1.39873      3.52333      7.01785      -0.1229      0.91054      4.50192      17.7047      0.05271      1.41823      2.27488      6.19565      0.0272      0.02752      0.02738      0.02745      0.0272      0.02753      0.02723      0.02742      0.02702      0.02746      0.02719      0.02735      0.02704      0.02744      0.02716      0.02739
      28      65      4      HE      0.0785      -0.5824      -0.3539      15.4592      0.08939      -0.6694      -1.4994      13.458      0.03009      -0.9684      0.37795      -18.068      0.06635      -0.9251      -0.6667      -14.516      0.02699      0.02726      0.02729      0.02667      0.02699      0.02742      0.02724      0.02675      0.02681      0.02731      0.02713      0.0267      0.02685      0.02732      0.02715      0.02675
      18      66      3      HE      0.06501      1.65207      -0.0084      -21.871      0.03318      1.139      0.50007      -18.047      0.0235      1.12644      -1.5136      -6.1535      0.05317      1.25874      -0.8912      -10.817      0.02685      0.02685      0.02718      0.02667      0.02685      0.02698      0.02703      0.0266      0.02673      0.02695      0.02705      0.02657      0.02676      0.02694      0.02704      0.02651
      28      65      7      HE      0.00743      -5.0472      -4.1877      5.47094      0.0049      -5.1042      -4.9515      2.51759      0.04173      -5.1373      -4.7502      10.1424      0.01207      -5.2881      -2.9562      13.1232      0.02645      0.02642      0.02581      0.02688      0.02644      0.02648      0.02577      0.02688      0.0264      0.02645      0.02575      0.02687      0.02643      0.02643      0.0257      0.02678
      28      65      3      HE      0.02755      -5.2149      -6.688      -27.102      -0.006      -5.605      -4.9499      -23.484      0.02977      -5.5776      -4.7268      -25.843      -0.0112      -5.4771      -4.5787      -19.684      0.0273      0.02782      0.02766      0.02773      0.0273      0.02795      0.02746      0.0276      0.02727      0.02789      0.02743      0.02757      0.02729      0.02785      0.02747      0.02759
      28      65      5      HE      0.04664      -4.1131      -5.7235      -5.8026      0.02211      -4.0816      -2.6634      -38.439      0.03704      -4.326      -3.8529      -14.773      0.01879      -4.119      -2.4223      -47.072      0.0269      0.02726      0.02758      0.02723      0.02693      0.02728      0.0275      0.02732      0.02684      0.02727      0.02739      0.02728      0.02688      0.02724      0.02736      0.02736
      28      65      6      HE      -0.0308      -4.2381      -5.0728      -41.93      -0.0031      -3.8667      -5.7595      -34.783      -0.0136      -3.9859      -5.0779      -31.124      -0.0084      -3.9752      -4.3907      -41.575      0.02734      0.02775      0.02764      0.02715      0.02734      0.02769      0.02752      0.02713      0.0273      0.02767      0.0275      0.02709      0.02733      0.02767      0.02749      0.0271
      26      65      7      HE      0.05611      -4.3114      -4.403      -15.204      0.07784      -4.5869      -0.2686      -1.0201      0.05953      -4.5125      -1.3115      -4.9804      0.07097      -4.7368      0.26825      0.02925      0.02732      0.02779      0.02762      0.02727      0.02732      0.02787      0.02741      0.02717      0.02726      0.02781      0.02732      0.02716      0.02729      0.0278      0.02732      0.02714
      28      65      2      HE      0.01      -4.7641      -5.3536      -3.1678      0.01726      -5.085      -5.5251      -12.104      0.04236      -4.928      -4.9621      -0.7329      0.04553      -4.678      -4.7774      -5.3073      0.02712      0.02766      0.02725      0.02711      0.02715      0.02773      0.02722      0.02722      0.02708      0.02768      0.02719      0.02717      0.02709      0.02768      0.02715      0.02709
      29      65      1      HE      0.01154      1.07451      3.20449      -14.755      0.06557      1.839      3.27357      6.12339      0.05829      1.13962      5.00116      -8.6994      0.05685      1.125      5.00594      4.41226      0.02657      0.02696      0.02725      0.02631      0.02655      0.02673      0.0271      0.02617      0.02651      0.02682      0.02711      0.02619      0.02649      0.02682      0.02707      0.02612
      28      65      1      HE      0.00571      -1.0664      -2.8844      -25.893      0.03064      -0.8735      -3.5619      -38.615      0.02376      -0.7165      -1.8453      -34.727      0.00648      -0.5315      -2.4868      -34.536      0.0263      0.02674      0.02688      0.02685      0.02626      0.02668      0.02673      0.02681      0.02623      0.02659      0.0267      0.02674      0.02622      0.02657      0.02667      0.02673
      18      66      2      HE      0.01902      0.62602      1.34822      -9.5149      0.06338      0.88368      1.20441      -9.3194      0.06786      0.81249      1.58274      -3.6217      0.02259      0.83756      -0.0703      -8.0098      0.02669      0.02694      0.02682      0.02673      0.02666      0.02693      0.02669      0.02666      0.02657      0.0269      0.02662      0.02658      0.02659      0.02688      0.02665      0.0266
      17      66      2      HE      -0.0079      -1.0694      -2.5086      -28.635      0.00974      -0.8487      -0.1602      -28.694      -0.0199      -0.7825      -0.096      -34.171      -0.0014      -0.9051      0.4664      -23.227      0.02705      0.02711      0.0273      0.02674      0.027      0.027      0.02709      0.0267      0.02696      0.02696      0.02711      0.02672      0.02697      0.02696      0.02706      0.02665
      16      66      4      HE      0.01414      0.78278      -1.5304      -19.874      0.02049      1.23121      1.65298      -31.373      0.0293      1.04651      2.4708      -25.44      -0.0137      0.74151      2.04982      -25.109      0.02656      0.02679      0.02722      0.02622      0.02652      0.02665      0.02705      0.0262      0.02651      0.02663      0.02696      0.02615      0.02646      0.02666      0.02698      0.02604
      29      65      2      HE      0.0406      -2.4189      -1.6325      12.9213      0.01588      -1.9332      0.8691      -2.0873      0.01095      -2.0753      -0.5334      -6.5951      -0.0069      -2.171      0.82399      -1.3674      0.02684      0.02684      0.02765      0.0264      0.02681      0.02669      0.02748      0.02642      0.02677      0.02667      0.02744      0.02641      0.02673      0.02667      0.02739      0.02638
      19      63      2      HE      -0.0029      0.10432      -1.913      -45.545      -0.0094      0.26233      0.79159      -40.813      0.00053      0.33646      -0.5176      -43.733      -0.0091      -0.118      0.35225      -50.55      0.02657      0.02644      0.02597      0.02638      0.02657      0.02648      0.02585      0.02639      0.02643      0.02645      0.0258      0.02633      0.02647      0.02646      0.02578      0.02632
      20      63      3      HE      0.01214      -0.3106      -0.668      -10.225      0.03654      -0.2229      3.60102      2.55539      0.03495      -0.2665      0.68389      0.8848      0.04095      -0.1466      3.15505      10.6374      0.0259      0.02657      0.0264      0.0265      0.02589      0.0267      0.02625      0.02635      0.02582      0.02661      0.02621      0.02637      0.02585      0.02662      0.02616      0.02633
      22      63      3      HE      -0.0057      -1.4427      -2.1954      -10.772      -0.0092      -1.8105      -1.5908      -13.586      -0.014      -1.5913      -0.4406      -45.058      0.0107      -1.8648      -2.1495      -13.525      0.02661      0.02656      0.02644      0.02628      0.02663      0.0267      0.02628      0.02628      0.02655      0.02659      0.02624      0.02634      0.02656      0.02657      0.02629      0.02628
      24      63      3      HE      0.01293      -3.5055      -6.5996      -34.082      0.0172      -3.4794      -4.7213      -51.203      0.00396      -3.8215      -6.007      -42.323      0.02589      -3.46      -4.9242      -41.585      0.02623      0.02618      0.02582      0.02521      0.02628      0.02633      0.02571      0.02529      0.02618      0.02627      0.0256      0.02517      0.02623      0.02627      0.02562      0.02521
      24      63      2      HE      0.05411      -0.8532      1.84946      11.6356      -0.0038      -1.024      2.54724      -9.1838      0.01503      -0.8331      2.17597      14.4526      0.05847      -0.5634      3.2623      -8.3907      0.02632      0.02648      0.02603      0.02601      0.02641      0.02658      0.02592      0.02599      0.02627      0.02654      0.02588      0.02589      0.0263      0.02649      0.02586      0.02595
      26      63      2      HE      0.03583      -0.2113      0.40302      18.096      0.03264      0.24375      2.17924      -3.5559      0.01292      -0.0963      0.2589      -7.3699      0.0362      -0.1487      2.12689      -5.5224      0.02633      0.02635      0.02615      0.02592      0.02633      0.02631      0.02602      0.02595      0.02623      0.02631      0.02605      0.02596      0.02624      0.0263      0.02598      0.02592
      24      63      6      HE      0.02367      0.30987      -0.3839      3.32409      0.01937      0.10147      3.13837      0.94615      0.03386      0.24987      1.77198      19.6628      0.03329      -0.0032      1.5724      22.4858      0.02678      0.02694      0.02647      0.02671      0.02679      0.02702      0.02624      0.0267      0.02676      0.02698      0.02621      0.0266      0.02665      0.02698      0.0262      0.02659
      24      63      5      HE      0.01993      1.78629      1.47932      0.20513      -0.0236      1.72418      2.46484      0.24405      0.00642      1.67501      4.59011      13.4341      0.00904      1.40521      1.93189      3.73946      0.02652      0.02677      0.02634      0.02568      0.02649      0.0268      0.02614      0.02551      0.02646      0.0268      0.02611      0.02548      0.02638      0.02676      0.02606      0.02548
      26      63      5      HE      0.01335      2.65008      0.4776      6.44909      0.01374      2.88734      5.25859      2.77637      0.0116      2.40732      2.66606      -10.9      0.00135      2.56561      1.47085      1.1831      0.02668      0.02687      0.0267      0.02666      0.02669      0.02695      0.02656      0.02664      0.02661      0.02693      0.02649      0.02655      0.02658      0.02691      0.02646      0.02654
      26      63      6      HE      0.03951      -0.9734      -2.0054      -15.043      0.02989      -1.0118      0.34041      -9.1407      0.02825      -0.9483      -0.4167      -2.4334      0.03379      -1.0202      2.18511      -6.0482      0.02685      0.02697      0.02656      0.02599      0.02682      0.02699      0.02646      0.02592      0.02678      0.02695      0.02642      0.02586      0.02672      0.02691      0.02636      0.02588
      19      63      3      HE      0.02025      -1.3735      -1.3029      15.3255      0.04387      -1.5424      0.8226      20.333      -0.0339      -1.6969      0.90844      0.99934      0.0275      -1.3415      -0.896      26.0509      0.02689      0.027      0.02666      0.02635      0.02691      0.02705      0.02661      0.02625      0.0268      0.02693      0.02651      0.02622      0.02672      0.0269      0.02654      0.02623
      26      63      3      HE      0.01589      0.96554      0.84869      -2.3507      0.01315      0.91465      0.45122      6.09495      0.01095      1.07825      2.67808      15.3774      0.00539      0.82624      3.35236      16.8427      0.02674      0.0268      0.02688      0.02573      0.02671      0.02676      0.02676      0.02565      0.02664      0.02672      0.02669      0.0256      0.02656      0.02671      0.02667      0.02557
      19      63      5      HE      0.00296      -4.8776      -6.5721      -13.19      0.01819      -5.1202      -6.4569      -17.189      0.03861      -5.0004      -3.8343      -19.57      0.02559      -5.1022      -5.1823      -21.471      0.02694      0.02696      0.02675      0.02576      0.02697      0.02703      0.02672      0.02576      0.02697      0.02697      0.02662      0.02564      0.02693      0.02697      0.02665      0.02572
      26      63      4      HE      0.0502      -5.1168      -5.5913      -18.23      0.0623      -4.9866      -2.0725      -10.423      0.03159      -4.9839      -3.5107      -8.4286      0.01183      -5.283      -1.1418      -7.5546      0.02656      0.02694      0.02625      0.02762      0.02657      0.02692      0.02607      0.02753      0.0266      0.0269      0.02599      0.02749      0.02651      0.0269      0.02598      0.0275
      20      63      6      HE      -0.0857      -3.4716      -1.5788      6.02752      -0.0709      -3.717      0.1591      24.7717      -0.0965      -3.7596      0.75471      18.8373      -0.0252      -3.8819      -0.3214      18.5541      0.02662      0.02725      0.027      0.02719      0.02668      0.02742      0.02691      0.0271      0.02666      0.02737      0.02684      0.0271      0.02659      0.02733      0.02687      0.02711
      20      63      5      HE      0.0355      -3.9092      -6.2002      -18.843      0.00878      -4.1265      -5.7549      -17.336      -0.0041      -4.0598      -5.5302      -17.811      0.05157      -3.8726      -5.1566      -19.975      0.02651      0.02695      0.02682      0.02699      0.02652      0.02704      0.02676      0.02695      0.02658      0.027      0.02675      0.02688      0.02651      0.02696      0.0267      0.02685
      22      63      5      HE      -0.0072      -4.523      -7.7779      -34.532      0.03776      -4.2371      -3.0908      -26.837      -0.0147      -4.6313      -4.4101      -20.662      -0.005      -4.7606      -3.0478      -5.3945      0.02621      0.02715      0.02658      0.02686      0.02624      0.02721      0.0264      0.02684      0.02628      0.02724      0.02641      0.02678      0.02624      0.02719      0.02637      0.02667
      22      63      6      HE      -0.0136      -4.703      -2.0781      -2.5664      -0.0144      -4.596      -3.8087      19.8649      -0.0106      -4.53      -2.1909      13.6686      0.03305      -4.7499      -2.3684      30.1319      0.02652      0.02678      0.02655      0.02703      0.02654      0.02683      0.02646      0.02687      0.02656      0.02678      0.02642      0.02681      0.02653      0.02681      0.02642      0.0266
      19      63      1      HE      0.03989      -1.5291      -0.1593      -19.935      0.05165      -1.8007      1.44917      -9.4775      0.02525      -1.6761      4.41406      -6.4551      0.03712      -1.8125      3.67866      -3.6538      0.02686      0.02681      0.02704      0.02602      0.02678      0.02693      0.02687      0.02591      0.02681      0.0269      0.02678      0.02595      0.02672      0.02689      0.02678      0.02593
      20      63      1      HE      0.00937      -1.7796      0.46913      8.57551      0.02612      -1.8479      -0.007      12.5256      0.0211      -1.755      2.93208      -7.2666      0.02308      -1.7572      1.43551      -7.4077      0.02672      0.02665      0.02703      0.02684      0.02666      0.0268      0.02691      0.02681      0.02671      0.02676      0.02685      0.02679      0.02657      0.02677      0.02685      0.02678
      22      63      1      HE      -0.063      0.33173      2.47035      8.45302      -0.0475      0.18689      2.85153      26.147      -0.0773      0.01241      1.49601      12.6494      -0.108      -0.3971      2.63328      25.8067      0.02705      0.02738      0.02652      0.02657      0.02699      0.02756      0.02645      0.02653      0.02701      0.02755      0.02635      0.02654      0.02688      0.0275      0.02637      0.02648
      24      63      1      HE      0.03814      -2.3086      -3.7548      -7.574      0.00618      -2.2774      -2.0843      -27.029      -0      -2.0003      -2.9978      -2.7101      0.01008      -2.6088      -3.5358      -20.01      0.02671      0.02716      0.02668      0.02718      0.02663      0.02722      0.02658      0.02725      0.0267      0.02717      0.02657      0.02717      0.02655      0.02716      0.02651      0.02721
      19      63      4      HE      -0.0396      0.22665      1.29195      -0.3703      0.0395      0.17537      1.71341      16.3553      0.03918      -0.0166      3.29144      38.2071      -0.0621      -0.0791      0.72412      12.9254      0.02657      0.02689      0.02627      0.02656      0.02649      0.02695      0.0262      0.02655      0.02652      0.0269      0.02615      0.02643      0.02641      0.02688      0.02611      0.02648
      26      63      1      HE      0.0632      -0.8234      0.56134      26.8057      0.03664      -1.051      -0.0597      18.0427      0.05087      -1.3231      2.72945      17.5081      0.04719      -1.0259      0.03167      47.9325      0.02702      0.02693      0.02665      0.02647      0.02695      0.02705      0.02655      0.0264      0.02698      0.027      0.0265      0.02642      0.02683      0.02696      0.02647      0.02625
      19      63      6      HE      0.06274      1.07151      1.83657      10.7057      0.04998      0.92127      3.28634      5.98439      -0.0111      0.32245      3.33846      -0.2959      -0.0492      0.28968      2.29627      6.87344      0.02756      0.02776      0.02792      0.02693      0.02731      0.02785      0.02781      0.02703      0.02735      0.02783      0.02779      0.02692      0.02739      0.02785      0.02776      0.02702
      24      63      4      HE      0.04495      0.9127      1.05622      15.9173      0.0378      0.73869      2.97779      19.7975      0.07912      0.61484      2.94207      16.0808      0.05043      0.65376      3.73336      -1.4946      0.02746      0.02733      0.02775      0.02679      0.0272      0.02737      0.02769      0.02676      0.02732      0.02734      0.02764      0.02684      0.02728      0.02735      0.02756      0.02677
      22      63      2      HE      0.02483      -0.4659      0.15591      7.75746      0.02201      -0.5905      1.37094      4.58092      0.0668      -0.2536      2.37245      4.5522      0.01705      -0.5802      1.8903      11.708      0.02744      0.02775      0.02721      0.02736      0.02713      0.02778      0.02709      0.02728      0.02728      0.02777      0.02707      0.02726      0.02724      0.02774      0.02706      0.0272
      20      63      2      HE      0.05501      -0.1983      0.62045      -6.1503      0.02468      -0.5083      0.19613      -6.6764      0.06455      -0.5398      1.81577      -0.897      0.03804      -0.4921      1.3229      -0.6287      0.02731      0.02726      0.02669      0.02723      0.02706      0.02733      0.02667      0.0272      0.02726      0.02728      0.02666      0.02714      0.02722      0.02731      0.02655      0.02717
      22      63      4      HE      -0.0637      2.01065      1.95416      -4.9059      -0.0804      1.55357      5.75242      -4.3148      -0.0684      1.64668      6.10222      -9.4058      -0.0406      1.53309      3.97169      -7.8152      0.02754      0.0274      0.02663      0.02661      0.02734      0.02752      0.02654      0.0265      0.02745      0.02751      0.02648      0.02648      0.0274      0.02749      0.02646      0.02645
      20      63      4      HE      0.05373      -0.0672      0.63512      -25.249      0.02196      -0.1551      0.07581      -34.916      0.04033      -0.1905      0.12368      -30.13      0.0714      -0.3273      0.53139      -44.105      0.02781      0.02743      0.02736      0.0265      0.02754      0.02743      0.02723      0.02652      0.02765      0.02742      0.02716      0.02647      0.02763      0.02743      0.02714      0.02647
      19      64      5      HE      -0.013      -2.1749      -4.6501      -24.711      -0.0207      -1.8267      0.31109      -30.329      -0.0191      -1.6137      -0.9558      -16.836      -0.0109      -1.603      -0.6465      -19.731      0.02666      0.02658      0.02681      0.02684      0.02666      0.02644      0.02663      0.02682      0.0266      0.02641      0.02664      0.02678      0.02652      0.02639      0.02662      0.02666
      19      64      6      HE      0.0095      -0.88      -2.4614      -6.411      0.02063      -0.5445      -0.8362      -0.5872      0.0491      -0.4677      0.69893      22.4021      0.03027      -0.6509      -0.1837      8.50401      0.02673      0.02682      0.02617      0.02609      0.02668      0.02675      0.02606      0.02597      0.02666      0.02672      0.02606      0.02588      0.0266      0.02672      0.02594      0.02591
      21      63      2      HE      0.03883      -0.36      0.88532      -19.675      0.02395      -0.3132      2.60831      -4.788      0.03774      -0.3348      3.01944      -10.135      0.03818      -0.8501      1.50198      -14.661      0.02651      0.02662      0.02682      0.02649      0.02646      0.02661      0.0267      0.02647      0.02644      0.02659      0.02669      0.02644      0.02634      0.02661      0.02661      0.02637
      20      64      2      HE      0.01514      -1.7012      -0.4244      -16.924      0.01451      -1.4571      -0.5595      -23.889      0.02184      -1.5061      0.38699      -25      0.01719      -1.4949      0.27956      -21.396      0.02686      0.02672      0.02666      0.0261      0.02685      0.02664      0.02659      0.02618      0.02684      0.02664      0.02662      0.02615      0.02681      0.02661      0.02651      0.02604
      21      63      4      HE      0.02491      -0.6251      -1.633      3.56449      -0.029      -0.1913      0.64293      1.99755      -0.0302      -0.6994      -0.8357      0.96876      0.03483      -0.7024      -2.4507      -14.797      0.02684      0.02687      0.02688      0.02647      0.02684      0.02679      0.02687      0.02642      0.02675      0.02685      0.02685      0.02642      0.02674      0.02685      0.02685      0.02643
      20      64      4      HE      0.08545      -3.3486      -3.4611      -0.6444      0.04806      -3.1033      0.05687      14.7857      0.04758      -2.8738      -0.8735      15.0765      -0.0017      -3.4721      -3.8984      18.1378      0.02673      0.0265      0.02618      0.02615      0.02664      0.02641      0.02599      0.02612      0.0266      0.02637      0.02598      0.02609      0.02654      0.02642      0.02607      0.026
      19      64      1      HE      0.00621      1.3723      1.99259      3.93781      -0.0058      0.71121      3.57107      8.76217      -0.0234      1.23535      2.01435      9.72762      0.02476      1.14901      2.30451      0.46842      0.02721      0.02717      0.02685      0.02725      0.02688      0.02719      0.02671      0.02719      0.02712      0.02715      0.02675      0.02717      0.02682      0.02715      0.02667      0.02718
      20      64      1      HE      0.03208      0.51865      1.69469      15.4011      0.06306      0.277      2.73796      -1.2413      0.02196      0.49641      3.57581      -9.5582      0.00047      -0.07      4.2079      -1.2508      0.02724      0.02719      0.02707      0.02736      0.02693      0.02729      0.02695      0.02732      0.0272      0.02727      0.02695      0.02732      0.02682      0.02727      0.02693      0.0273
      21      63      1      HE      0.00809      0.54952      0.17474      -6.1017      -0.0287      0.02565      3.62138      10.0236      0.02937      0.02743      3.72478      20.5375      -0.0329      0.41204      2.47078      -12.887      0.02703      0.02718      0.02701      0.02674      0.02675      0.02721      0.02683      0.02668      0.02705      0.02721      0.02684      0.02663      0.02666      0.02715      0.02683      0.02673
      23      63      1      HE      0.01109      0.41684      0.62186      8.01519      0.01242      0.34693      2.6197      2.03976      0.03837      0.65523      3.11982      3.45075      0.0046      0.3811      1.96226      5.34892      0.02707      0.02694      0.02695      0.02627      0.0268      0.02701      0.02689      0.02621      0.02702      0.027      0.02685      0.02612      0.02675      0.02695      0.02678      0.02619
      19      64      4      HE      -0.0751      0.89514      3.59236      0.7946      0.01986      0.45895      4.02042      -1.2274      0.0242      0.51683      3.28226      9.06995      0.02106      0.23994      3.03324      5.32383      0.0269      0.02685      0.02718      0.02731      0.02667      0.02696      0.02712      0.02721      0.02684      0.02697      0.02711      0.02715      0.02656      0.02692      0.02703      0.02711
      25      63      1      HE      0.03677      2.99581      0.49784      -1.4128      -0.0042      2.8395      2.19221      12.3135      0.03919      2.97902      2.16848      -7.8022      -0.0011      2.68207      1.4819      -5.828      0.02699      0.02715      0.02686      0.02623      0.02672      0.02715      0.02676      0.02617      0.02695      0.02713      0.02671      0.0261      0.02661      0.02708      0.0267      0.0261
      23      63      6      HE      0.04907      -2.2722      -1.9024      -25.898      0.00114      -2.2074      -0.8727      -27.437      0.04439      -2.0617      -0.6757      -25.211      0.03362      -1.8016      -1.9206      -27.923      0.0265      0.02694      0.02648      0.02686      0.02647      0.027      0.0264      0.02694      0.02648      0.02699      0.02635      0.02695      0.02641      0.02695      0.02633      0.0269
      25      63      4      HE      -0.0094      -1.4674      -1.1718      3.24775      0.02186      -1.9248      -0.0011      3.43665      0.0115      -1.9495      1.65408      4.75121      -0.0119      -2.1143      0.17283      1.56453      0.02668      0.02678      0.02645      0.02704      0.02663      0.02692      0.02639      0.02699      0.02665      0.02687      0.02634      0.02697      0.02656      0.02688      0.02633      0.02691
      20      64      5      HE      -0.0796      0.23677      0.04106      -22.027      -0.0749      0.30864      1.69566      -5.7718      -0.1135      -0.0807      0.35258      -19.285      -0.0984      -0.0179      2.15209      -4.2126      0.02655      0.02667      0.0266      0.02616      0.02651      0.02675      0.02649      0.02614      0.02653      0.02672      0.0265      0.02616      0.02642      0.0267      0.02645      0.02606
      21      63      6      HE      0.01233      -2.6037      -3.1753      -25.454      0.03346      -2.6763      -1.3852      2.88641      0.05286      -2.4511      -0.7331      -17.535      -0.0007      -2.7452      -1.4693      -9.8985      0.02668      0.02652      0.02661      0.02606      0.02663      0.0266      0.0265      0.02596      0.02663      0.02654      0.02647      0.02598      0.02653      0.02653      0.02644      0.02597
      23      63      4      HE      0.0034      0.4801      -1.7005      -19.402      0.02519      0.11207      2.414      -8.0278      0.05152      0.2617      2.15781      1.0213      0.02958      0.09453      0.55306      -16.595      0.02659      0.02702      0.02724      0.02675      0.02658      0.02712      0.02712      0.02666      0.02661      0.02707      0.02704      0.02653      0.02647      0.02703      0.02703      0.02649
      20      64      6      HE      -0.0102      -1.0229      -0.2251      -14.551      -0.005      -1.0749      -0.9391      -9.6219      0.04231      -0.8353      0.06532      -3.4585      0.03289      -1.0711      2.49208      -11.067      0.02652      0.02664      0.02634      0.02644      0.02645      0.02671      0.02626      0.02649      0.02648      0.02666      0.02622      0.02643      0.02635      0.02663      0.02619      0.02642
      21      63      5      HE      -0.0002      1.82847      -3.6912      -27.349      0.00423      1.84194      2.50639      -25.723      0.00652      2.04499      2.79734      -19.893      0.0048      1.95979      0.15884      -21.302      0.02642      0.02642      0.02665      0.02618      0.02645      0.02646      0.02645      0.02615      0.02646      0.02642      0.02642      0.02616      0.02644      0.02638      0.02642      0.02606
      23      63      5      HE      0.00057      -0.139      -2.479      11.9829      -0.0017      -0.316      0.43766      2.45467      0.01479      -0.4835      0.82139      1.60713      0.00047      -0.3681      0.69377      2.61111      0.02676      0.02754      0.02666      0.0264      0.02673      0.02752      0.02655      0.02634      0.02677      0.02749      0.02654      0.02627      0.02672      0.02749      0.0265      0.02622
      25      63      6      HE      -0.0091      -1.8257      -2.1133      -8.8108      -0      -1.3115      -0.9304      -3.7537      -0.033      -1.4942      1.98585      -11.103      -0.0047      -1.3758      -1.0916      -27.024      0.02673      0.02692      0.02608      0.02643      0.02672      0.02687      0.02595      0.02636      0.02671      0.02682      0.0259      0.02638      0.02665      0.02682      0.02595      0.02644
      25      63      5      HE      -0.034      -3.4228      -4.6877      -21.822      -0.029      -3.1003      -3.7027      -16.049      -0.0301      -2.9999      -3.8292      -9.4511      -0.0226      -3.3789      -3.7369      -15.029      0.0268      0.02704      0.02698      0.02676      0.02687      0.02696      0.02681      0.02663      0.02686      0.02692      0.0268      0.02655      0.02682      0.02694      0.0268      0.02659
      19      64      3      HE      0.0334      -3.4151      -4.5074      -11.006      0.02549      -3.41      -2.1624      -7.001      0.00316      -3.4113      -3.2755      -6.4147      -0.002      -3.6264      -2.0692      4.34184      0.02654      0.02645      0.02619      0.0267      0.02657      0.02649      0.02601      0.02667      0.02658      0.02642      0.02601      0.02657      0.02652      0.02643      0.02597      0.02662
      25      63      3      HE      -0.0292      -4.8933      -4.784      3.94812      -0.0303      -4.32      -1.9498      -1.5942      -0.0188      -4.6862      -4.1614      14.9795      -0.033      -4.4047      -4.0086      -6.1361      0.02664      0.02683      0.02696      0.02698      0.02666      0.02682      0.02686      0.0268      0.02669      0.02682      0.02689      0.0268      0.02663      0.02679      0.02683      0.02682
      19      64      2      HE      0.04616      -4.2589      -4.0911      -33.619      0.04669      -4.4682      -1.616      -7.7588      0.02862      -4.5981      0.35397      -21.546      0.04712      -4.5128      -0.3779      -11.5      0.027      0.02755      0.02712      0.02775      0.02694      0.02761      0.02692      0.02762      0.02696      0.02757      0.02686      0.02762      0.02688      0.02756      0.02684      0.02762
      20      64      3      HE      0.00351      -5.0551      -4.5492      0.79764      0.00023      -5.0349      -3.3133      -22.635      0.01032      -5.1132      -3.1989      -21.103      -0.0015      -5.3871      -5.2172      -1.9681      0.02707      0.02757      0.02758      0.02692      0.02696      0.02755      0.02743      0.02702      0.02703      0.02752      0.02737      0.02698      0.02694      0.02752      0.02741      0.02694
      21      63      3      HE      -0.0056      -4.7339      -4.0055      -3.6301      -0.0038      -5.1494      -2.0682      0.99777      0.01322      -4.8692      -1.8638      -0.4037      -0.0039      -5.274      -0.8295      1.98025      0.02707      0.02747      0.02781      0.02795      0.02703      0.02754      0.02762      0.02801      0.02701      0.02749      0.02758      0.02793      0.02699      0.0275      0.02764      0.0279
      23      63      3      HE      -0.0059      -5.0163      -6.7826      7.93736      -0.0139      -5.0263      -3.1795      -37.875      -0.0115      -4.8878      -5.604      -17.031      0.00153      -5.1366      -5.7539      -21.607      0.02735      0.02738      0.02721      0.0277      0.02727      0.02741      0.02706      0.02784      0.02727      0.02742      0.02704      0.02778      0.02722      0.0274      0.02703      0.02778
      23      63      2      HE      0.07872      -4.9243      -4.4887      -33.242      0.07757      -4.7063      -2.1732      -6.3526      0.03018      -4.9685      -2.2947      -1.2173      0.0315      -4.8736      -2.0503      -6.0345      0.02702      0.02724      0.02731      0.02684      0.02694      0.02728      0.02714      0.02672      0.02697      0.02723      0.02715      0.02667      0.02693      0.02726      0.02708      0.02666
      25      63      2      HE      0.00618      -4.9447      -4.3094      -3.5762      0.05219      -4.9738      -1.8629      4.75823      0.07314      -5.0886      -2.4365      11.504      0.01633      -5.1702      -3.32      11.2087      0.02705      0.02742      0.02774      0.02713      0.02698      0.02742      0.02762      0.02709      0.02697      0.0274      0.02758      0.02692      0.02695      0.02743      0.02756      0.02691
      19      65      2      HE      -0.1311      -1.5639      -0.8297      -40.823      -0.0959      -1.3824      -0.7665      -45.402      -0.1242      -1.5997      0.22995      -49.603      -0.0674      -1.3435      0.48863      -59.089      0.02641      0.02647      0.02637      0.02631      0.02648      0.0266      0.02629      0.02649      0.02641      0.02662      0.02617      0.02649      0.02639      0.02643      0.0262      0.02656
      20      65      3      HE      0.02413      -4.9323      -4.9796      -5.8189      0.04144      -4.5841      -0.4051      -6.6409      0.00651      -4.7598      -0.5403      -0.4462      0.02294      -5.0986      -1.4122      -22.47      0.02664      0.02689      0.02698      0.02649      0.0267      0.02681      0.02683      0.02654      0.02656      0.02677      0.02682      0.02657      0.02658      0.02687      0.02678      0.02653
      21      65      3      HE      0.01325      -4.2646      -5.5466      -41.2      -0.0072      -3.6394      -4.6772      -57.951      -0.0088      -3.9799      -5.1221      -53.084      0.02265      -3.8494      -4.8247      -62.03      0.02613      0.02662      0.02656      0.0266      0.02619      0.02657      0.02653      0.02675      0.02608      0.02657      0.02644      0.02677      0.02611      0.02656      0.02644      0.02674
      23      65      3      HE      -0.0131      -4.6784      -3.3586      -20.321      0.02937      -4.6775      -2.2894      -43.158      -0.0009      -4.4104      -1.5768      -68.564      -0.0155      -4.8011      -1.098      -75.258      0.02648      0.0269      0.02685      0.02728      0.0266      0.02691      0.02672      0.02749      0.02648      0.02682      0.0267      0.02763      0.02655      0.02679      0.0267      0.02765
      23      65      2      HE      0.05943      -2.3152      -1.5368      -10.17      0.05513      -2.4228      -1.613      -35.677      0.04802      -2.0275      -0.7638      -49.564      0.06915      -2.7025      -1.2901      -25.187      0.02631      0.02651      0.0263      0.02744      0.02632      0.02656      0.02618      0.0275      0.02625      0.02637      0.02617      0.02754      0.02621      0.02654      0.02607      0.02743
      25      65      2      HE      0.06449      -1.8      -1.0401      3.53299      0.04079      -1.2313      -0.0995      0.25126      0.01472      -1.8231      -0.7969      -7.7714      0.03162      -2.0278      -1.343      -13.607      0.02649      0.02711      0.02648      0.02669      0.02653      0.02701      0.02644      0.02679      0.02644      0.02709      0.02641      0.0268      0.02647      0.02713      0.02641      0.02669
      23      65      6      HE      0.07364      -0.0613      -1.8102      -19.078      0.07077      -0.2114      -0.2971      -8.8256      0.03263      -0.2214      -0.0822      -16.005      0.06247      -0.1752      -0.9465      1.02659      0.02683      0.02728      0.02654      0.02668      0.02691      0.02738      0.02643      0.02668      0.02672      0.02724      0.02639      0.02656      0.02676      0.02727      0.02634      0.02651
      23      65      5      HE      0.03471      -0.7526      2.81415      21.9557      0.05179      -0.517      2.14053      13.3509      -0.0035      -0.688      -0.5122      0.48119      0.02727      -0.7105      0.86361      16.9339      0.02774      0.02749      0.02651      0.02664      0.02785      0.02745      0.02648      0.02685      0.02764      0.02742      0.02647      0.02675      0.02765      0.02739      0.02643      0.0267
      25      65      5      HE      0.02412      0.10504      0.9136      15.3573      0.01481      0.59388      3.83534      -7.8901      0.02259      0.18169      1.81625      1.54035      0.04485      0.58675      2.05675      -2.2428      0.02668      0.02678      0.02675      0.0263      0.02675      0.02662      0.02662      0.02636      0.02655      0.02665      0.02665      0.02633      0.02659      0.02658      0.02655      0.02624
      25      65      6      HE      -0.0089      -0.2098      -0.712      3.79876      0.00179      -0.2681      -0.2016      -1.5249      -0.0106      -0.4213      0.77467      -19.658      0.00596      -0.0763      1.08527      -18.297      0.0272      0.0271      0.02696      0.02778      0.02734      0.02712      0.02684      0.02795      0.0271      0.02709      0.02681      0.02792      0.02712      0.02704      0.02678      0.02783
      19      65      3      HE      0.07215      -0.9762      -1.8666      -2.7735      0.06173      -0.7004      0.55137      -8.5887      0.01862      -0.8577      0.20181      -24.877      -0.0484      -1.0336      -1.1173      -21.811      0.02707      0.02754      0.02687      0.02715      0.02717      0.02744      0.02685      0.02723      0.02688      0.02745      0.02681      0.02719      0.02693      0.02742      0.02673      0.02716
      25      65      3      HE      0.0546      -0.4065      1.27238      4.68577      0.04087      -0.1431      1.01857      5.22162      0.02269      -0.5036      0.65226      -14.944      0.02685      -0.5004      2.52435      -25.009      0.02684      0.02702      0.0273      0.02689      0.02697      0.02708      0.02723      0.027      0.02668      0.02697      0.02718      0.02693      0.02675      0.0269      0.02716      0.02695
      19      65      5      HE      -0.0686      -0.9966      2.81454      -17.994      -0.0952      -0.9285      1.14447      -21.494      -0.0703      -0.9351      1.97094      -1.521      -0.0792      -0.9719      0.02678      2.84561      0.02644      0.0263      0.02572      0.02579      0.02643      0.02627      0.02563      0.02588      0.02634      0.02624      0.02559      0.02581      0.02631      0.02624      0.02561      0.02573
      25      65      4      HE      -0.0052      -4.5655      -3.0932      7.5611      0.01697      -4.2629      -2.9355      25.5832      0.00428      -4.4895      -5.9825      38.687      0.00664      -4.3179      -4.3213      -0.9499      0.02664      0.02666      0.02678      0.02657      0.0266      0.02654      0.02674      0.02645      0.02658      0.02648      0.02675      0.02635      0.0265      0.02646      0.02672      0.02653
      20      65      6      HE      0.02823      -3.2283      -2.8019      5.7865      0.00469      -3.438      -1.0777      30.6947      0.00973      -3.6118      -0.4388      14.9044      0.02761      -3.1873      0.04379      7.55142      0.02644      0.02647      0.02622      0.02618      0.02648      0.02641      0.02611      0.02608      0.02636      0.02643      0.02602      0.02603      0.02637      0.02635      0.02597      0.02607
      20      65      5      HE      0.02151      -4.0395      -3.8949      10.7126      0.01648      -3.6671      -2.2427      12.2449      0.01395      -4.2634      -0.7696      -7.7593      0.00415      -3.8352      -1.1159      9.11072      0.02629      0.02626      0.02608      0.02681      0.02634      0.02621      0.02602      0.02682      0.02623      0.02625      0.02593      0.02687      0.02625      0.02618      0.02591      0.02678
      21      65      5      HE      0.02608      -2.22      -2.6659      -6.0488      0.0401      -2.0203      -1.0143      -30.499      0.04052      -2.2637      -1.5898      -30.027      0.04134      -2.0334      -2.5419      -4.4854      0.02623      0.02678      0.02657      0.02621      0.02622      0.02674      0.02652      0.02629      0.02615      0.02676      0.02644      0.02626      0.02611      0.02672      0.02643      0.02625
      21      65      6      HE      0.03212      -2.2363      -2.3478      -25.381      0.01953      -1.6552      -2.7835      -10.285      0.07287      -1.8346      -4.1629      -23.069      0.02901      -1.6995      -3.7689      -18.655      0.02652      0.02674      0.02656      0.02706      0.02653      0.02667      0.02646      0.02696      0.02646      0.02661      0.0265      0.02698      0.02642      0.02659      0.02649      0.02692
      19      65      1      HE      0.05387      -1.5424      -2.2522      -20.223      0.0668      -1.3582      -0.5224      -34.038      0.03249      -1.0482      -1.1253      -14.298      0.05259      -1.3428      -1.8315      -22.444      0.02705      0.02738      0.02635      0.02743      0.02707      0.02739      0.02625      0.02743      0.02704      0.02731      0.02626      0.02743      0.02699      0.02731      0.02625      0.02739
      20      65      1      HE      -0.0014      -3.1844      -1.0576      -8.5376      0.00835      -2.2993      -1.5775      -19.316      -0.0233      -2.7946      -0.7683      -31.355      0.00187      -2.9532      -0.8243      -17.826      0.02726      0.02741      0.02711      0.02729      0.02726      0.02726      0.02696      0.0274      0.02723      0.02731      0.02695      0.02741      0.02712      0.02728      0.02692      0.02743
      21      65      1      HE      0.0032      -2.469      -1.0317      4.64316      0.0251      -2.2748      -0.7265      15.054      0.03296      -2.4876      1.97348      7.14259      -0.0045      -2.1821      1.60069      4.80077      0.02743      0.02752      0.02751      0.02793      0.02741      0.02753      0.02733      0.02787      0.02739      0.02751      0.02733      0.02788      0.02729      0.0275      0.02732      0.02787
      23      65      1      HE      -0.0095      -2.7596      -1.5846      -6.846      0.02405      -2.3048      -0.9781      -0.6438      -0.0037      -2.2969      -0.2313      10.1628      -0.0352      -2.7336      0.60782      19.2417      0.02746      0.02806      0.02719      0.0276      0.02751      0.02798      0.027      0.02751      0.02744      0.02791      0.02696      0.02746      0.02735      0.02794      0.027      0.02736
      19      65      4      HE      0.01416      -2.5939      -0.5508      -3.7724      0.08095      -2.3766      0.74305      -3.2334      0.0482      -2.5032      -1.2508      -3.4749      -0.0131      -2.464      -0.4251      -3.8135      0.02712      0.02769      0.02768      0.02729      0.02717      0.02768      0.02766      0.02722      0.0271      0.02767      0.02764      0.02718      0.027      0.02764      0.02758      0.02716
      25      65      1      HE      0.01826      -3.0674      -2.8735      -8.4208      0.0371      -3.1991      -5.3259      -16.896      0.00451      -2.926      -3.3644      -13.119      -0.0009      -2.8737      -2.9447      -15.83      0.02736      0.02807      0.02806      0.02739      0.0274      0.0281      0.02806      0.02744      0.02733      0.02798      0.02803      0.02745      0.02724      0.02797      0.02804      0.02743
      19      65      6      HE      0.05768      -2.7277      -3.5355      -16.037      0.01467      -2.8969      -3.1436      -24.73      0.05949      -2.7149      -3.4055      -23.551      0.04348      -2.8846      -4.0363      -21.064      0.02748      0.02805      0.02805      0.02737      0.02754      0.02797      0.02795      0.02745      0.02735      0.02792      0.02795      0.02743      0.02735      0.02794      0.02793      0.02738
      23      65      4      HE      0.01608      -3.0062      -1.1776      -8.3481      0.06124      -2.7309      -1.4364      25.3507      0.04565      -3.6529      -1.3479      12.34      -0.0149      -3.1067      -0.0967      0.82204      0.0273      0.02729      0.02781      0.02719      0.02727      0.02728      0.02773      0.027      0.0272      0.02735      0.02769      0.02707      0.02714      0.02728      0.02764      0.02707
      21      65      2      HE      0.03      -2.7864      -2.3825      -10.17      -0.0262      -2.4982      -1.5392      19.9843      0.00711      -2.6537      -0.5221      3.06689      -0.0003      -2.6785      -0.7938      21.5364      0.02732      0.02732      0.02765      0.02723      0.02738      0.02726      0.02758      0.02712      0.02731      0.02722      0.02747      0.02715      0.02729      0.02721      0.02748      0.02706
      20      65      2      HE      0.05596      -1.5253      0.46663      -23.59      0.04444      -1.5051      2.13063      -17.062      0.02687      -1.5374      1.78302      -35.511      0.03973      -1.8523      2.21425      -14.086      0.02734      0.02723      0.02746      0.02671      0.02738      0.02719      0.0273      0.02683      0.02737      0.02717      0.0273      0.0267      0.02725      0.02711      0.02721      0.02665
      21      65      4      HE      0.07817      -3.5773      -3.4826      -8.8227      0.05306      -2.7943      -3.2173      -31.198      0.10238      -3.0537      -2.9436      -24.251      0.07518      -2.981      -1.2833      -25.318      0.02744      0.02793      0.02749      0.02733      0.02741      0.02776      0.02731      0.02752      0.02734      0.02768      0.02725      0.02746      0.02729      0.02769      0.02718      0.02748
      20      65      4      HE      0.0499      -3.5301      -1.3237      -1.4952      -0.0151      -3.3373      0.34548      -3.2287      0.00088      -3.2045      0.2811      -5.1252      0.03055      -3.0327      -0.9459      6.20711      0.02736      0.02714      0.02768      0.02711      0.02733      0.02705      0.02756      0.02707      0.02736      0.02703      0.02756      0.02715      0.02716      0.02698      0.02748      0.02695
      19      66      5      HE      0.00714      0.40975      1.03198      -7.9782      0.02413      0.57546      1.21883      -21.324      -0.0141      0.45504      2.05801      -11.863      -0.0063      0.37668      2.46701      -21.539      0.02706      0.02754      0.02734      0.02764      0.02701      0.02749      0.02724      0.02761      0.02702      0.02745      0.02717      0.02757      0.02701      0.02745      0.02716      0.02756
      19      66      6      HE      0.00119      1.47773      1.61338      -12.789      -0.0259      1.98685      2.82116      -10.447      0.00608      2.02721      4.16283      -6.5261      0.00509      1.96883      3.07243      4.28567      0.02718      0.02741      0.02765      0.02736      0.02716      0.0273      0.02755      0.02728      0.02718      0.02729      0.02742      0.02727      0.02715      0.02725      0.02739      0.0272
      22      65      2      HE      -0.0165      2.91435      4.97479      18.0484      -0.0067      2.86016      3.18947      22.4547      -0.0065      2.5714      5.1373      27.7467      -0.0114      2.55004      5.1696      18.8094      0.02712      0.02732      0.02735      0.02765      0.02712      0.02736      0.02729      0.02771      0.02712      0.02739      0.02719      0.02758      0.02714      0.02734      0.02718      0.02758
      20      66      2      HE      0.02828      -0.6644      0.00081      -26.285      0.01128      -0.641      2.8422      46.0746      0.03343      -0.373      0.95262      17.3793      0.03876      -0.3759      0.50905      8.27212      0.02723      0.0279      0.02755      0.02759      0.02719      0.0278      0.02729      0.02723      0.02718      0.02774      0.02725      0.02729      0.02717      0.02769      0.02721      0.02724
      22      65      4      HE      0.04674      -1.6666      -1.0146      -23.375      0.01365      -1.4261      0.49735      6.54812      -0.0042      -1.5888      0.70879      12.1796      0.04315      -1.209      0.99173      -4.0346      0.02727      0.02732      0.02715      0.0267      0.02724      0.02732      0.02696      0.02648      0.02724      0.02728      0.02688      0.0263      0.02723      0.02726      0.02687      0.02635
      20      66      4      HE      -0.0357      1.23943      4.07816      26.808      -0.0248      1.41628      2.58785      11.0041      -0.0121      1.37388      2.72875      20.6536      -0.0208      1.54916      5.13721      5.32306      0.02716      0.02792      0.02725      0.02771      0.02709      0.02789      0.02718      0.02764      0.02711      0.02785      0.02717      0.02764      0.02709      0.02776      0.02712      0.02755
      19      66      1      HE      -0.0351      1.39336      2.24384      -8.5153      -0.016      1.33644      3.25902      -15.824      0.01273      1.36827      2.28775      -28.158      -0      1.43616      2.46449      0.92646      0.02714      0.02734      0.02726      0.02785      0.02709      0.0274      0.0272      0.02797      0.0271      0.02731      0.02715      0.02791      0.02711      0.02716      0.02715      0.0279
      20      66      1      HE      -0.0768      -0.449      0.75258      27.8996      -0.044      -0.4615      3.41291      0.98532      -0.0921      -0.9121      2.1091      28.2471      -0.0666      -0.7199      2.22053      4.02089      0.02713      0.02747      0.02762      0.02739      0.02709      0.02749      0.02751      0.02749      0.02707      0.02751      0.02753      0.0274      0.02708      0.02745      0.02742      0.02741
      22      65      1      HE      0.03705      -0.947      1.02429      -2.8987      0.02706      -0.5715      0.60545      2.87598      0.05121      -0.452      0.43181      -8.7664      0.03858      -0.7836      0.67342      -3.6005      0.02759      0.02784      0.02717      0.02813      0.02759      0.02772      0.02708      0.02806      0.02753      0.02763      0.02696      0.02804      0.02757      0.02766      0.02693      0.02804
      24      65      1      HE      0.04019      2.4835      2.44583      5.20255      0.03517      2.22426      3.08873      22.3128      0.04998      2.63942      4.36127      1.79846      0.03518      2.2702      5.54148      17.1442      0.02728      0.02741      0.0277      0.02694      0.02728      0.02745      0.02758      0.02678      0.02725      0.02737      0.02763      0.0268      0.02722      0.02735      0.02747      0.02685
      19      66      4      HE      0.03077      3.62235      5.582      20.066      0.02256      3.68179      7.24187      21.6802      0.02196      3.58118      6.43737      27.0608      0.01953      3.53612      6.46256      14.523      0.02718      0.02678      0.02673      0.0272      0.02719      0.02676      0.02665      0.02717      0.02714      0.02662      0.0266      0.02713      0.02717      0.02664      0.02662      0.02717
      26      65      1      HE      -0.0051      0.11648      2.04729      11.0947      -0.003      0.29364      2.43753      -1.2736      -0.0053      0.23766      2.5695      7.99323      -0.0064      0.45478      2.27568      9.23362      0.02746      0.02718      0.02723      0.02654      0.02742      0.02714      0.02714      0.02657      0.0274      0.0271      0.0271      0.02656      0.02739      0.02711      0.0271      0.02645
      24      65      6      HE      0.06869      1.02812      -0.2781      -7.0292      0.00043      1.36082      2.96873      -3.0592      0.02033      1.18712      2.817      -3.0362      -0.0064      0.91885      2.81794      -3.6188      0.0267      0.02703      0.02616      0.0263      0.0267      0.02695      0.02592      0.02629      0.02665      0.02692      0.02591      0.02623      0.02665      0.02693      0.02591      0.02628
      26      65      4      HE      0.03892      -0.7469      -1.2151      6.89063      0.0257      -0.5842      2.64052      31.1108      0.01628      -0.466      0.82075      32.8892      0.03414      -0.536      1.77024      35.1928      0.02663      0.02681      0.02662      0.02605      0.02661      0.02676      0.02648      0.02579      0.02652      0.02662      0.02648      0.02575      0.02658      0.02669      0.02648      0.02575
      20      66      5      HE      0.04133      1.02021      2.95295      9.21817      0.05058      1.18929      2.896      1.86418      -0.0038      1.13063      2.43633      13.6568      0.0159      0.82899      2.30303      -28.503      0.02637      0.02676      0.02707      0.02697      0.02639      0.02679      0.02701      0.02705      0.02628      0.02677      0.02689      0.02695      0.02635      0.02678      0.02689      0.027
      22      65      6      HE      0.0202      -1.2949      -1.6481      -18.116      0.0511      -1.1127      -1.6175      -6.1365      0.01785      -1.0153      -1.3216      -2.4222      0.03299      -1.4802      -2.1475      -4.0892      0.0268      0.02646      0.02681      0.02644      0.0268      0.02635      0.02671      0.02644      0.02673      0.02632      0.02667      0.02634      0.02677      0.02636      0.02668      0.02641
      24      65      4      HE      -0.0127      0.98147      2.23219      20.0133      0.03857      1.27782      4.37282      38.0454      -0.0313      1.31908      1.84697      10.5216      -0.0093      1.08013      3.07711      34.7027      0.02688      0.0271      0.02686      0.02663      0.02691      0.02702      0.02674      0.02653      0.02679      0.02697      0.02673      0.02648      0.02684      0.02697      0.02675      0.0265
      20      66      6      HE      -0.0097      -2.4327      -2.6013      16.0858      -0.0016      -2.3257      -1.7683      8.50653      0.0277      -2.3081      -1.3259      15.3452      -0.0023      -2.3344      0.92457      11.3723      0.02681      0.02698      0.02689      0.0269      0.02675      0.02695      0.02675      0.02701      0.02663      0.02689      0.02675      0.02689      0.0267      0.02686      0.02674      0.02695
      22      65      5      HE      -0.0367      -4.5766      -6.5524      -40.166      0.00744      -4.2078      -6.4525      -30.764      0.01463      -4.8507      -6.5409      -30.392      0.04078      -4.6615      -6.1806      -28.123      0.02671      0.02718      0.02686      0.02683      0.02683      0.0271      0.0268      0.02691      0.02665      0.02713      0.02678      0.0268      0.0268      0.02712      0.02674      0.02678
      24      65      5      HE      0.02715      -4.6815      -5.098      -16.929      0.02438      -4.5177      -4.2934      -2.2692      0.02127      -4.5549      -4.4701      -14.024      0.04355      -4.4044      -5.0332      3.55789      0.02692      0.02696      0.02676      0.02733      0.02698      0.02689      0.02673      0.02724      0.02686      0.02684      0.02673      0.02721      0.02695      0.02685      0.0266      0.02717
      26      65      6      HE      0.01912      -4.3666      -5.866      -23.637      0.00447      -3.7529      -2.4175      -9.8457      0.00531      -3.9407      -2.594      -6.605      0.02959      -3.8656      -3.8423      -7.4318      0.02714      0.02744      0.02762      0.02671      0.02716      0.02738      0.02738      0.02658      0.02707      0.0274      0.02741      0.02657      0.02714      0.02738      0.02736      0.02644
      26      65      5      HE      0.06682      -4.9482      -6.2997      -9.3778      0.07227      -4.7854      -2.6904      39.4129      0.06042      -4.9028      -1.7555      10.6871      0.07371      -4.8191      -3.397      36.4023      0.02702      0.027      0.02727      0.02677      0.02709      0.02705      0.02704      0.02651      0.02698      0.02703      0.027      0.0266      0.02706      0.02698      0.02703      0.02647
      19      66      3      HE      -0.0441      -4.6418      -3.7483      -2.7119      -0.0192      -4.5129      -5.599      6.65887      -0.0329      -4.8006      -3.1074      5.88655      -0.0144      -4.7141      -6.1198      4.61859      0.02698      0.02721      0.02679      0.02714      0.02706      0.02723      0.02676      0.02705      0.02697      0.02721      0.02673      0.02709      0.02704      0.02717      0.02671      0.02698
      26      65      3      HE      0.03635      -4.0233      -5.1813      -10.86      0.03265      -3.8252      -4.1327      -1.4955      0.02427      -3.7232      -4.8748      -8.926      0.05127      -3.7569      -4.7239      -7.7138      0.02697      0.0271      0.02671      0.02649      0.02704      0.02704      0.02674      0.0264      0.02694      0.02695      0.02669      0.02636      0.02701      0.02693      0.02665      0.02623
      19      66      2      HE      -0.1869      -2.6998      -4.791      -34.29      0.04174      -1.6931      -3.0062      -28.606      -0.1665      -2.2649      -1.3522      -28.758      -0.1183      -2.2106      -2.7804      -23.503      0.02714      0.02732      0.02666      0.02791      0.02712      0.02731      0.02656      0.02793      0.02702      0.02722      0.02645      0.02782      0.02711      0.02725      0.02647      0.02778
      20      66      3      HE      -0.096      0.01007      -1.9643      -3.0963      -0.1377      -0.3683      -0.3545      -17.768      -0.0979      -0.1039      -0.2237      -1.3551      -0.1043      -0.1526      -0.464      -3.8401      0.02687      0.02694      0.02736      0.02716      0.02683      0.02703      0.02726      0.0272      0.02679      0.02698      0.02722      0.0272      0.02681      0.02695      0.02714      0.02711
      22      65      3      HE      0.0175      -2.3212      -4.6053      -17.277      0.01457      -2.6128      -3.3995      -24.691      0.01768      -2.4799      -4.6488      -27.173      0.0088      -2.3761      -2.7787      -30.585      0.02711      0.02693      0.02681      0.02702      0.02707      0.02704      0.02678      0.02701      0.02708      0.027      0.02672      0.02699      0.02706      0.02697      0.0267      0.02693
      24      65      3      HE      -0.1108      0.92414      1.90091      16.0671      -0.1224      0.61642      2.7469      21.8645      -0.1135      0.98999      3.14154      3.60158      -0.123      0.78903      4.04952      5.66515      0.02684      0.02744      0.02704      0.02663      0.02682      0.02753      0.02693      0.02656      0.02678      0.02745      0.02689      0.02661      0.02676      0.02748      0.02684      0.02656
      24      65      2      HE      0.05993      -0.4115      0.34569      3.46496      0.05415      -0.1887      2.42669      7.03109      0.0598      -0.4248      0.5843      6.97526      0.05112      -0.3414      1.72482      11.053      0.02678      0.02733      0.02726      0.02608      0.02675      0.02735      0.02719      0.02611      0.02673      0.02733      0.02715      0.02604      0.02672      0.0273      0.02712      0.02603
      26      65      2      HE      0.0475      1.93693      2.02572      -7.5583      0.05189      2.12983      4.04      -8.5459      0.03342      1.68971      1.75483      -11.468      0.05053      1.82828      4.11709      -3.8968      0.0271      0.02696      0.02742      0.02653      0.02704      0.02701      0.0273      0.0265      0.02704      0.02695      0.02732      0.02641      0.02699      0.02689      0.02724      0.0264
