# crate slot s/n channel 4 x offsets capID0 4 x offsets capID1 4 x offsets capID2 4 x offsets capID3 4 x slopes capID0 4 x slopes capID1 4 x slopes capID2 4 x slopes capID3
4 4 500633 1 0.545040 0.445650 32.744851 9.904848 1.028518 5.340255 17.608912 -29.152397 0.171730 2.431027 36.670887 -60.723939 0.377440 3.682699 38.213723 -43.501809 0.305823 0.311054 0.313563 0.317255 0.304542 0.310665 0.313900 0.317301 0.306768 0.310690 0.312973 0.315345 0.305574 0.310459 0.312965 0.315221 
4 4 500633 2 -0.058981 6.314048 78.019003 -17.097286 -0.222081 11.234880 84.510222 -277.486064 0.138158 3.477484 50.101499 -149.392011 0.041331 9.898122 80.957275 -102.675983 0.303404 0.307074 0.309007 0.312610 0.303423 0.307180 0.308013 0.312775 0.301655 0.306271 0.308576 0.311718 0.301956 0.305551 0.307990 0.312813 
4 4 500633 3 0.433754 -2.211087 5.252451 -962.809589 0.578411 -2.706496 -13.367785 -751.214832 0.455017 -4.140002 -12.475351 -655.220496 0.393108 0.175829 -11.515511 -681.263600 0.305617 0.305170 0.312240 0.316791 0.304771 0.304965 0.311036 0.316824 0.304415 0.305095 0.311211 0.313904 0.304212 0.304397 0.311247 0.315137 
4 4 500633 4 0.059195 -0.602534 -11.339291 -307.308808 0.314474 -0.819995 -7.538165 -282.723512 0.137770 -0.164182 -3.501775 -343.180602 0.174547 -2.438620 -3.325290 -169.327156 0.307301 0.310984 0.312332 0.312539 0.306494 0.310200 0.311701 0.311775 0.306207 0.309996 0.310619 0.313490 0.306263 0.309441 0.310436 0.309081 
4 4 500633 5 -0.159759 0.712237 38.211268 -464.586805 -0.138438 1.963788 42.215204 -557.122299 0.757512 3.757460 36.109131 -421.696555 0.759651 4.465295 28.378520 -527.024636 0.301207 0.304479 0.307563 0.314041 0.300829 0.304359 0.307063 0.314680 0.299211 0.303907 0.307687 0.313277 0.299207 0.304449 0.307037 0.314190 
4 4 500633 6 0.373059 1.829710 9.766391 -330.088174 0.714629 2.091358 28.966545 -283.669733 0.726613 5.773862 22.869635 -281.329002 -0.035551 -2.866681 18.964332 -179.348319 0.303546 0.304576 0.306424 0.310327 0.303225 0.304677 0.306177 0.311683 0.303546 0.304546 0.307211 0.308626 0.302205 0.304926 0.305847 0.308944 
4 4 500633 7 0.459966 0.833554 1.745550 -285.357115 -0.109736 -0.003530 12.534039 -326.634952 0.094158 4.484858 7.635487 -84.537626 0.190117 0.162032 5.447725 -357.803964 0.303787 0.306539 0.310342 0.307089 0.303292 0.306081 0.309671 0.310507 0.302150 0.305553 0.310051 0.307244 0.302395 0.306239 0.309663 0.308548 
4 4 500633 8 0.377957 1.508308 57.329114 -39.456339 0.300355 4.660497 33.032289 -118.407637 0.006810 4.899144 31.994943 -241.677537 0.360226 0.413745 24.652457 -188.207928 0.316262 0.320407 0.319917 0.323418 0.315827 0.320003 0.319045 0.322918 0.314898 0.320009 0.318470 0.323576 0.314307 0.319888 0.318406 0.324182 
4 4 500633 9 -0.287676 3.268881 21.920926 153.029075 -0.098612 3.537778 47.298204 -83.505715 0.009012 5.591244 26.903645 -84.575189 -0.520110 4.822633 32.189185 -45.888380 0.307525 0.309906 0.314978 0.310107 0.307761 0.309553 0.314082 0.312027 0.306253 0.309196 0.313814 0.309893 0.307171 0.308847 0.313593 0.309075 
4 4 500633 10 -0.083252 5.291941 34.278400 -380.396326 -0.048163 -1.241827 33.855422 -364.706082 0.721213 7.030640 47.072917 -207.234261 -0.049230 2.404521 26.104543 -196.557089 0.308693 0.310063 0.309264 0.320761 0.308013 0.310130 0.308866 0.320162 0.306757 0.309477 0.308734 0.319089 0.307881 0.309503 0.308844 0.318736 
4 4 500633 11 0.600075 0.419371 27.593061 -601.577795 0.521177 -0.017548 -3.043228 -660.013682 0.597042 2.037642 0.419766 -615.815905 0.705489 0.830351 33.103341 -606.067471 0.304508 0.306763 0.305932 0.308216 0.304049 0.306372 0.306106 0.311450 0.303665 0.306099 0.305637 0.308103 0.303475 0.306462 0.304498 0.308074 
4 4 500633 12 0.218127 0.533986 42.969200 -538.447313 0.575967 0.494480 46.313078 -399.177219 0.169814 1.572811 37.153212 -457.732625 0.300547 2.479641 58.639679 -437.303769 0.306012 0.306679 0.312216 0.322476 0.305093 0.306194 0.311331 0.320545 0.304861 0.305681 0.311906 0.320820 0.305925 0.306012 0.310920 0.320903 
4 4 500633 13 0.289371 4.254303 51.663354 -308.466716 0.053387 2.726098 27.279963 -81.939602 -0.065295 6.629369 49.147588 -79.196097 -0.034278 2.557424 28.517337 -215.908919 0.302446 0.306128 0.306098 0.311205 0.302605 0.306502 0.305895 0.311866 0.302561 0.305559 0.305988 0.311203 0.301714 0.305730 0.305425 0.310814 
4 4 500633 14 0.307884 2.066280 9.077772 -501.508374 0.188854 1.377922 16.383183 -491.653493 -0.117023 0.924609 14.658971 -408.646248 -0.085093 -2.749193 13.665174 -581.297079 0.306551 0.306524 0.309634 0.320796 0.305915 0.305194 0.308855 0.320714 0.305257 0.305137 0.309035 0.320539 0.304887 0.305582 0.307659 0.319119 
4 4 500633 15 -0.018202 4.030369 39.148308 60.955277 0.232955 5.867374 40.048329 138.242703 0.407054 3.869375 44.577889 77.873715 0.365960 4.693083 46.903497 -20.044254 0.314878 0.319548 0.319669 0.322454 0.313656 0.319020 0.318537 0.319952 0.313307 0.317817 0.318282 0.319438 0.312932 0.319398 0.319005 0.324912 
4 4 500633 16 -0.232699 5.440241 46.992666 -389.294876 0.104831 7.684934 66.781931 -347.971515 0.112936 6.242043 72.440284 -92.716721 0.169071 6.924503 69.304886 -334.719746 0.312873 0.318510 0.320712 0.322766 0.311269 0.317826 0.319750 0.325243 0.311299 0.318130 0.319659 0.323045 0.310943 0.318308 0.319658 0.323545 
4 4 500633 17 0.339199 2.979564 33.041486 -150.297975 0.362069 2.892543 25.884969 39.377571 0.228520 5.664780 35.759388 -23.226213 0.396883 3.904156 41.713216 -96.690372 0.312723 0.315625 0.313980 0.323793 0.312072 0.315121 0.313664 0.319335 0.311406 0.313934 0.312751 0.320522 0.311362 0.313758 0.312840 0.319419 
4 4 500633 18 0.064442 -0.740075 49.354455 -405.507800 0.500291 1.464320 33.618698 -465.862558 0.412184 -1.287366 4.645946 -448.339669 0.076234 -3.515046 -9.061868 -547.129482 0.307449 0.306299 0.311187 0.317752 0.306796 0.306365 0.311657 0.320226 0.305290 0.305449 0.311815 0.319956 0.305355 0.305285 0.310837 0.319089 
4 4 500633 19 0.259924 2.371444 55.052181 -223.694125 -0.406219 -0.191510 64.861901 -249.194340 -0.423767 1.958205 29.843228 -311.667462 -0.089427 -0.067933 30.755958 -145.109572 0.307251 0.309831 0.309184 0.314219 0.307586 0.309633 0.308352 0.313752 0.306937 0.309022 0.309177 0.314016 0.306917 0.309171 0.309239 0.310395 
4 4 500633 20 0.463570 2.030417 29.458255 -494.974445 0.116262 1.327195 1.763954 -633.467313 0.188173 1.432459 3.190589 -534.166104 0.129906 1.532896 8.893767 -357.865215 0.304551 0.307740 0.309265 0.316775 0.303925 0.307094 0.309850 0.316193 0.303075 0.306398 0.309765 0.311720 0.302843 0.306376 0.309645 0.313815 
4 4 500633 21 -0.207163 6.723229 59.542137 -148.984233 -0.380218 7.012905 58.666134 -221.015564 0.104169 5.149370 41.840115 -193.537137 -0.286105 4.521670 24.663500 -344.901175 0.304741 0.308937 0.307257 0.313267 0.304568 0.308452 0.307122 0.313148 0.303424 0.308694 0.307501 0.311000 0.303748 0.308596 0.306346 0.312659 
4 4 500633 22 0.137970 -1.467057 10.673986 -522.497573 0.023871 3.610995 19.405974 -384.885647 -0.008988 2.517905 8.044527 -633.305715 0.105155 1.437480 8.942915 -651.717475 0.302894 0.308165 0.308898 0.315984 0.302486 0.307344 0.308857 0.314076 0.302501 0.306828 0.308587 0.317025 0.302149 0.306603 0.308264 0.316348 
4 4 500633 23 0.109828 1.320816 33.049649 150.808675 0.109646 0.315642 33.468651 208.200665 0.011875 4.717297 47.984550 204.855315 -0.101102 0.159666 45.654319 35.025736 0.305914 0.310703 0.313566 0.313262 0.304830 0.310395 0.313493 0.314061 0.303988 0.309842 0.311626 0.312203 0.303845 0.310184 0.311777 0.312979 
4 4 500633 24 0.079450 3.524488 9.041118 -53.383535 0.476556 3.843149 83.709913 -90.259776 -0.096140 5.061840 53.560519 34.881210 0.146140 4.954914 20.022173 298.414791 0.303691 0.309355 0.309731 0.308446 0.302189 0.308018 0.307564 0.311940 0.303784 0.308555 0.308227 0.308578 0.302322 0.307223 0.308787 0.307159 
4 5 500697 1 0.307181 -0.872539 10.842302 -781.219021 0.369234 -0.632882 8.184434 -751.179938 0.367927 1.136618 -10.843144 -879.769922 0.595784 -0.102281 5.714722 -683.054504 0.304477 0.308773 0.309380 0.313311 0.303918 0.308701 0.309395 0.312713 0.302783 0.307480 0.309684 0.313334 0.302500 0.307283 0.309180 0.311231 
4 5 500697 2 0.386416 -1.854489 4.072883 -752.701786 0.446590 0.502569 11.397828 -675.657039 0.248979 -0.738171 12.900157 -465.490316 0.430104 1.577287 7.991449 -462.167675 0.306358 0.308926 0.315573 0.319241 0.306060 0.308357 0.314675 0.318054 0.305709 0.307416 0.314924 0.315192 0.305593 0.307814 0.314614 0.316410 
4 5 500697 3 0.595926 2.222633 34.235996 177.013268 0.578993 4.309142 37.540144 -112.825529 0.513224 5.112058 54.356599 -7.335503 0.239616 5.572516 41.222348 -114.726295 0.309976 0.314259 0.312590 0.320506 0.308376 0.313783 0.311775 0.323112 0.308404 0.312333 0.311261 0.321832 0.308442 0.312902 0.311730 0.323429 
4 5 500697 4 0.164171 1.891018 4.324933 -355.845794 -0.007076 1.965032 6.506139 -368.386447 -0.163435 -3.113781 0.053932 -561.931841 0.119901 -0.142759 18.285042 -526.320576 0.303576 0.307400 0.310048 0.309490 0.303848 0.306759 0.309555 0.308970 0.303244 0.307112 0.310046 0.309800 0.303059 0.306779 0.308912 0.310572 
4 5 500697 5 0.645380 1.834615 -28.135168 -403.913143 -0.141345 3.633294 -21.280127 -551.804127 0.178998 1.263738 3.111098 -150.946844 0.149003 0.270048 -11.136354 -459.277341 0.305878 0.310820 0.312822 0.315617 0.306489 0.310691 0.312644 0.319321 0.305218 0.310556 0.311126 0.313945 0.305270 0.310801 0.311165 0.316124 
4 5 500697 6 -0.132531 -4.500593 12.332885 -418.977368 -0.041977 -1.466267 10.307977 -405.442137 0.252736 -0.096724 6.985516 -421.008802 0.106046 2.961604 13.614615 -412.980792 0.309387 0.309760 0.307332 0.321978 0.307877 0.309151 0.306029 0.321042 0.306729 0.308651 0.306197 0.322317 0.307302 0.308176 0.305869 0.322693 
4 5 500697 7 0.205420 2.983886 16.377829 -101.845907 0.258874 4.827545 39.129584 -47.807851 -0.189123 2.313676 23.176251 -180.024527 0.883039 3.847697 17.041255 -393.474962 0.300904 0.305540 0.308903 0.317624 0.302197 0.305344 0.308125 0.317131 0.301158 0.305131 0.308434 0.317236 0.299412 0.304886 0.307227 0.317235 
4 5 500697 8 0.369201 -3.202667 5.718047 -473.213114 -0.315828 -4.597033 15.314549 -463.002232 0.438797 -1.296997 -19.251037 -306.931634 0.578460 -3.851106 5.884214 -340.488383 0.301628 0.305685 0.310296 0.312673 0.300434 0.305594 0.309284 0.312535 0.299436 0.305348 0.309381 0.310189 0.299745 0.305477 0.309095 0.311938 
4 5 500697 9 -0.240388 1.397212 -0.744159 -370.382854 -0.197696 0.222115 14.823861 -517.004748 0.041669 3.053526 -3.171645 -513.987559 0.296024 0.537483 5.878170 -478.103491 0.309261 0.311170 0.310525 0.312003 0.308446 0.310607 0.309040 0.313485 0.307304 0.310690 0.310276 0.313640 0.307413 0.309628 0.309952 0.312787 
4 5 500697 10 0.217237 0.142792 23.363022 -518.413201 0.723037 5.034614 32.141726 -740.896297 0.311044 2.141763 27.210180 -585.139874 0.311490 4.106769 40.126613 -428.131099 0.306807 0.308723 0.313123 0.315775 0.305448 0.309002 0.313273 0.316894 0.304442 0.308167 0.312351 0.316094 0.304657 0.307913 0.312586 0.314293 
4 5 500697 11 0.704043 1.475947 43.925159 -378.039609 0.276120 1.026719 53.110441 -326.618292 0.769344 4.244444 15.578660 -324.011013 0.543412 4.278388 38.999941 -337.089382 0.301436 0.305667 0.309381 0.316540 0.302419 0.304998 0.308968 0.315925 0.300175 0.304686 0.309874 0.315768 0.301069 0.304418 0.309322 0.314139 
4 5 500697 12 0.294097 1.650762 28.009259 -590.962614 0.321001 3.060852 91.429962 -115.676564 0.647691 3.936580 9.122100 -530.636726 0.025493 3.050048 11.757752 -123.382594 0.302054 0.307700 0.309025 0.315401 0.301699 0.307663 0.307067 0.310320 0.301500 0.306571 0.308966 0.313718 0.301673 0.306656 0.308495 0.310022 
4 5 500697 13 1.079976 3.165380 58.064585 -246.989743 1.104550 6.188953 71.530269 -95.975930 0.411309 4.407591 45.763248 -209.603258 0.776678 6.426462 71.179416 -153.039835 0.306079 0.312064 0.310339 0.316371 0.305299 0.311509 0.309540 0.312318 0.306393 0.311060 0.309227 0.313708 0.305806 0.310565 0.309471 0.312673 
4 5 500697 14 0.101813 -4.358586 -4.635656 -572.531580 0.089014 -3.845647 17.671701 -709.803644 0.114469 -4.170029 11.332178 -505.118384 0.142930 -5.855671 -26.255147 -591.270215 0.303884 0.306382 0.309694 0.312467 0.303428 0.305986 0.309672 0.311523 0.303547 0.305925 0.309063 0.313386 0.302837 0.305602 0.309036 0.312361 
4 5 500697 15 0.738634 -0.241147 2.060355 -588.646709 0.679228 -0.291294 1.519193 -282.678336 0.701234 1.029843 3.709517 -533.101838 0.692553 -0.382422 3.985252 -493.485678 0.305139 0.307533 0.309798 0.321213 0.304910 0.307480 0.309988 0.319283 0.304360 0.306618 0.309634 0.321819 0.304253 0.306282 0.309567 0.320616 
4 5 500697 16 0.323273 4.379669 31.816685 271.433712 -0.250552 4.100635 34.659911 99.264696 -0.229652 3.180119 42.979138 115.709770 0.233401 2.209142 15.054061 272.404200 0.309116 0.311699 0.313485 0.308882 0.309198 0.311531 0.313290 0.309423 0.309497 0.310872 0.312758 0.309164 0.308411 0.310853 0.312935 0.307057 
4 5 500697 17 0.591329 1.445557 50.274203 -221.158100 0.704656 2.446795 22.049621 -198.264491 0.822424 3.171942 58.619068 -206.778804 0.533330 1.369034 60.624185 -150.262337 0.307208 0.308507 0.311447 0.316590 0.306929 0.308725 0.310992 0.315537 0.305939 0.307570 0.310417 0.317056 0.306367 0.307920 0.310314 0.313965 
4 5 500697 18 0.541575 1.607185 57.866797 -461.541527 0.468445 3.998844 25.026543 -373.710349 0.814217 4.139110 29.716759 -338.420946 0.419698 4.004617 42.091878 -263.899278 0.315981 0.316753 0.319844 0.332007 0.315592 0.316072 0.318896 0.329841 0.315489 0.315748 0.318736 0.324605 0.314740 0.315840 0.318996 0.325696 
4 5 500697 19 0.692319 -1.278966 27.928710 -387.030562 0.617282 0.167093 34.174613 -431.554697 0.561483 1.644151 8.812701 -355.466442 0.555867 -2.440130 12.677832 -603.079260 0.303359 0.302541 0.304236 0.315591 0.302653 0.302263 0.303869 0.314825 0.302327 0.302153 0.304248 0.314771 0.302302 0.302111 0.303303 0.315306 
4 5 500697 20 -0.008260 3.086296 50.738087 -122.890820 -0.006904 3.546540 39.678195 -283.107416 0.193655 7.151496 51.441141 32.704922 0.320887 6.607996 44.493500 -249.077584 0.311950 0.313988 0.318140 0.327549 0.311485 0.313647 0.317817 0.328968 0.310181 0.312325 0.317827 0.325684 0.309779 0.312192 0.316376 0.327745 
4 5 500697 21 0.212347 -1.760003 19.296506 -726.143732 -0.164662 2.083803 34.409821 -408.145791 0.281936 1.722086 2.710056 -743.512545 0.041070 -3.129299 29.188994 -760.085578 0.305233 0.307038 0.310791 0.317958 0.304485 0.306488 0.310377 0.314560 0.303502 0.306087 0.310395 0.317250 0.303785 0.307071 0.309544 0.316725 
4 5 500697 22 -0.228038 -0.824389 27.984272 -320.221552 -0.138689 0.137246 -22.796222 -524.066775 0.052350 0.133858 5.090456 -612.902639 -0.364681 -1.871096 24.894156 -254.633660 0.309030 0.308877 0.312466 0.316605 0.308249 0.308760 0.312349 0.318128 0.307596 0.308213 0.311331 0.320355 0.308028 0.307457 0.311356 0.315266 
4 5 500697 23 0.234112 -3.462715 15.522423 -343.211755 0.300935 -3.251047 15.153467 -280.792662 0.317648 -1.299006 0.804690 -506.304048 0.077315 -2.031085 3.956608 -333.158791 0.305752 0.304607 0.308723 0.313293 0.304814 0.304536 0.307927 0.314680 0.305028 0.304533 0.307801 0.315556 0.304639 0.304584 0.307166 0.313571 
4 5 500697 24 0.442471 -0.348333 39.506235 -203.342838 0.281808 4.339686 60.742264 -281.855381 0.291516 1.255845 26.317525 -368.399071 0.362114 1.784660 21.763586 -154.179061 0.311281 0.316284 0.314703 0.317909 0.311235 0.316177 0.314496 0.315934 0.311062 0.314618 0.313932 0.319667 0.310320 0.314484 0.313964 0.317159 
