#  Side   Eta   Phi  dPhi    Depth         Det      RBX  Sect   QIE   QIECH    RM RM_FI FI_CH ppCol ppRow               ppCpl  ppLC  Octopus Crate   HTR  fpga   HTR_FI   DCC  Spigot FEDid    QIEid
      0     0    71     6        0    CALIB_HO    HO001     1     1       1     5     1     0     1     3     HO-0_CU_1_4_5_8     1        1    13     8   bot        1    30      13   730   999994
      0     0    71     6        1    CALIB_HO    HO001     1     1       2     5     1     1     1     3     HO-0_CU_1_4_5_8     1        1    13     8   bot        1    30      13   730   999994
      0     0     5     6        0    CALIB_HO    HO002     2     1       1     5     1     0     3     3     HO-0_CU_2_3_6_7     1        7    13     8   bot        7    30      13   730   999994
      0     0     5     6        1    CALIB_HO    HO002     2     1       2     5     1     1     3     3     HO-0_CU_2_3_6_7     1        7    13     8   bot        7    30      13   730   999994
      0     0    11     6        0    CALIB_HO    HO003     3     1       1     5     1     0     3     3     HO-0_CU_2_3_6_7     2        8    13     8   bot        8    30      13   730   999994
      0     0    11     6        1    CALIB_HO    HO003     3     1       2     5     1     1     3     3     HO-0_CU_2_3_6_7     2        8    13     8   bot        8    30      13   730   999994
      0     0    17     6        0    CALIB_HO    HO004     4     1       1     5     1     0     1     3     HO-0_CU_1_4_5_8     2        2    13     8   bot        2    30      13   730   999994
      0     0    17     6        1    CALIB_HO    HO004     4     1       2     5     1     1     1     3     HO-0_CU_1_4_5_8     2        2    13     8   bot        2    30      13   730   999994
      0     0    23     6        0    CALIB_HO    HO005     5     1       1     5     1     0     1     3     HO-0_CU_1_4_5_8     3        3    13     8   bot        3    30      13   730   999994
      0     0    23     6        1    CALIB_HO    HO005     5     1       2     5     1     1     1     3     HO-0_CU_1_4_5_8     3        3    13     8   bot        3    30      13   730   999994
      0     0    29     6        0    CALIB_HO    HO006     6     1       1     5     1     0     3     3     HO-0_CU_2_3_6_7     3        1    13     8   top        1    30      12   730   999994
      0     0    29     6        1    CALIB_HO    HO006     6     1       2     5     1     1     3     3     HO-0_CU_2_3_6_7     3        1    13     8   top        1    30      12   730   999994
      0     0    35     6        0    CALIB_HO    HO007     7     1       1     5     1     0     3     3     HO-0_CU_2_3_6_7     4        2    13     8   top        2    30      12   730   999994
      0     0    35     6        1    CALIB_HO    HO007     7     1       2     5     1     1     3     3     HO-0_CU_2_3_6_7     4        2    13     8   top        2    30      12   730   999994
      0     0    41     6        0    CALIB_HO    HO008     8     1       1     5     1     0     1     3     HO-0_CU_1_4_5_8     4        4    13     8   bot        4    30      13   730   999994
      0     0    41     6        1    CALIB_HO    HO008     8     1       2     5     1     1     1     3     HO-0_CU_1_4_5_8     4        4    13     8   bot        4    30      13   730   999994
      0     0    47     6        0    CALIB_HO    HO009     9     1       1     5     1     0     2     3        HO-0_CU_9_12     1        5    13     8   bot        5    30      13   730   999994
      0     0    47     6        1    CALIB_HO    HO009     9     1       2     5     1     1     2     3        HO-0_CU_9_12     1        5    13     8   bot        5    30      13   730   999994
      0     0    53     6        0    CALIB_HO    HO010    10     1       1     5     1     0     4     3       HO-0_CU_10_11     1        3    13     8   top        3    30      12   730   999994
      0     0    53     6        1    CALIB_HO    HO010    10     1       2     5     1     1     4     3       HO-0_CU_10_11     1        3    13     8   top        3    30      12   730   999994
      0     0    53     6        7    CALIB_HO    HO010    10     1       3     5     1     2     4     3       HO-0_CU_10_11     1        3    13     8   top        3    30      12   730   999994
      0     0    59     6        0    CALIB_HO    HO011    11     1       1     5     1     0     4     3       HO-0_CU_10_11     2        4    13     8   top        4    30      12   730   999994
      0     0    59     6        1    CALIB_HO    HO011    11     1       2     5     1     1     4     3       HO-0_CU_10_11     2        4    13     8   top        4    30      12   730   999994
      0     0    65     6        0    CALIB_HO    HO012    12     1       1     5     1     0     2     3        HO-0_CU_9_12     2        6    13     8   bot        6    30      13   730   999994
      0     0    65     6        1    CALIB_HO    HO012    12     1       2     5     1     1     2     3        HO-0_CU_9_12     2        6    13     8   bot        6    30      13   730   999994
     -1    -1    71    12        0    CALIB_HO   HO1M02     2     1       1     5     1     0     1     2         HO-1_CU_2-8     1        1     7     8   bot        1    26      13   726   999994
     -1    -1    71    12        1    CALIB_HO   HO1M02     2     1       2     5     1     1     1     2         HO-1_CU_2-8     1        1     7     8   bot        1    26      13   726   999994
     -1    -1    11    12        0    CALIB_HO   HO1M04     4     1       1     5     1     0     1     2         HO-1_CU_2-8     2        2     7     8   bot        2    26      13   726   999994
     -1    -1    11    12        1    CALIB_HO   HO1M04     4     1       2     5     1     1     1     2         HO-1_CU_2-8     2        2     7     8   bot        2    26      13   726   999994
     -1    -1    23    12        0    CALIB_HO   HO1M06     6     1       1     5     1     0     1     2         HO-1_CU_2-8     3        3     7     8   bot        3    26      13   726   999994
     -1    -1    23    12        1    CALIB_HO   HO1M06     6     1       2     5     1     1     1     2         HO-1_CU_2-8     3        3     7     8   bot        3    26      13   726   999994
     -1    -1    35    12        0    CALIB_HO   HO1M08     8     1       1     5     1     0     1     2         HO-1_CU_2-8     4        4     7     8   bot        4    26      13   726   999994
     -1    -1    35    12        1    CALIB_HO   HO1M08     8     1       2     5     1     1     1     2         HO-1_CU_2-8     4        4     7     8   bot        4    26      13   726   999994
     -1    -1    47    12        0    CALIB_HO   HO1M10    10     1       1     5     1     0     2     2       HO-1_CU_10_12     1        5     7     8   bot        5    26      13   726   999994
     -1    -1    47    12        1    CALIB_HO   HO1M10    10     1       2     5     1     1     2     2       HO-1_CU_10_12     1        5     7     8   bot        5    26      13   726   999994
     -1    -1    47    12        7    CALIB_HO   HO1M10    10     1       3     5     1     2     2     2       HO-1_CU_10_12     1        5     7     8   bot        5    26      13   726   999994
     -1    -1    59    12        0    CALIB_HO   HO1M12    12     1       1     5     1     0     2     2       HO-1_CU_10_12     2        6     7     8   bot        6    26      13   726   999994
     -1    -1    59    12        1    CALIB_HO   HO1M12    12     1       2     5     1     1     2     2       HO-1_CU_10_12     2        6     7     8   bot        6    26      13   726   999994
      1     1    71    12        0    CALIB_HO   HO1P02     2     1       1     5     1     0     3     2         HO+1_CU_2-8     1        7     7     8   bot        7    26      13   726   999994
      1     1    71    12        1    CALIB_HO   HO1P02     2     1       2     5     1     1     3     2         HO+1_CU_2-8     1        7     7     8   bot        7    26      13   726   999994
      1     1    11    12        0    CALIB_HO   HO1P04     4     1       1     5     1     0     3     2         HO+1_CU_2-8     2        8     7     8   bot        8    26      13   726   999994
      1     1    11    12        1    CALIB_HO   HO1P04     4     1       2     5     1     1     3     2         HO+1_CU_2-8     2        8     7     8   bot        8    26      13   726   999994
      1     1    23    12        0    CALIB_HO   HO1P06     6     1       1     5     1     0     3     2         HO+1_CU_2-8     3        1     7     8   top        1    26      12   726   999994
      1     1    23    12        1    CALIB_HO   HO1P06     6     1       2     5     1     1     3     2         HO+1_CU_2-8     3        1     7     8   top        1    26      12   726   999994
      1     1    35    12        0    CALIB_HO   HO1P08     8     1       1     5     1     0     3     2         HO+1_CU_2-8     4        2     7     8   top        2    26      12   726   999994
      1     1    35    12        1    CALIB_HO   HO1P08     8     1       2     5     1     1     3     2         HO+1_CU_2-8     4        2     7     8   top        2    26      12   726   999994
      1     1    47    12        0    CALIB_HO   HO1P10    10     1       1     5     1     0     4     2       HO+1_CU_10_12     1        3     7     8   top        3    26      12   726   999994
      1     1    47    12        1    CALIB_HO   HO1P10    10     1       2     5     1     1     4     2       HO+1_CU_10_12     1        3     7     8   top        3    26      12   726   999994
      1     1    47    12        7    CALIB_HO   HO1P10    10     1       3     5     1     2     4     2       HO+1_CU_10_12     1        3     7     8   top        3    26      12   726   999994
      1     1    59    12        0    CALIB_HO   HO1P12    12     1       1     5     1     0     4     2       HO+1_CU_10_12     2        4     7     8   top        4    26      12   726   999994
      1     1    59    12        1    CALIB_HO   HO1P12    12     1       2     5     1     1     4     2       HO+1_CU_10_12     2        4     7     8   top        4    26      12   726   999994
     -1    -2    71    12        0    CALIB_HO   HO2M02     2     1       1     5     1     0     1     1         HO-2_CU_2-8     1        1     6     8   bot        1    28      13   728   999994
     -1    -2    71    12        1    CALIB_HO   HO2M02     2     1       2     5     1     1     1     1         HO-2_CU_2-8     1        1     6     8   bot        1    28      13   728   999994
     -1    -2    11    12        0    CALIB_HO   HO2M04     4     1       1     5     1     0     1     1         HO-2_CU_2-8     2        2     6     8   bot        2    28      13   728   999994
     -1    -2    11    12        1    CALIB_HO   HO2M04     4     1       2     5     1     1     1     1         HO-2_CU_2-8     2        2     6     8   bot        2    28      13   728   999994
     -1    -2    23    12        0    CALIB_HO   HO2M06     6     1       1     5     1     0     1     1         HO-2_CU_2-8     3        3     6     8   bot        3    28      13   728   999994
     -1    -2    23    12        1    CALIB_HO   HO2M06     6     1       2     5     1     1     1     1         HO-2_CU_2-8     3        3     6     8   bot        3    28      13   728   999994
     -1    -2    35    12        0    CALIB_HO   HO2M08     8     1       1     5     1     0     1     1         HO-2_CU_2-8     4        4     6     8   bot        4    28      13   728   999994
     -1    -2    35    12        1    CALIB_HO   HO2M08     8     1       2     5     1     1     1     1         HO-2_CU_2-8     4        4     6     8   bot        4    28      13   728   999994
     -1    -2    47    12        0    CALIB_HO   HO2M10    10     1       1     5     1     0     2     1       HO-2_CU_10_12     1        5     6     8   bot        5    28      13   728   999994
     -1    -2    47    12        1    CALIB_HO   HO2M10    10     1       2     5     1     1     2     1       HO-2_CU_10_12     1        5     6     8   bot        5    28      13   728   999994
     -1    -2    59    12        0    CALIB_HO   HO2M12    12     1       1     5     1     0     2     1       HO-2_CU_10_12     2        6     6     8   bot        6    28      13   728   999994
     -1    -2    59    12        1    CALIB_HO   HO2M12    12     1       2     5     1     1     2     1       HO-2_CU_10_12     2        6     6     8   bot        6    28      13   728   999994
     -1    -2    59    12        7    CALIB_HO   HO2M12    12     1       3     5     1     2     2     1       HO-2_CU_10_12     2        6     6     8   bot        6    28      13   728   999994
      1     2    71    12        0    CALIB_HO   HO2P02     2     1       1     5     1     0     3     1         HO+2_CU_2-8     1        7     6     8   bot        7    28      13   728   999994
      1     2    71    12        1    CALIB_HO   HO2P02     2     1       2     5     1     1     3     1         HO+2_CU_2-8     1        7     6     8   bot        7    28      13   728   999994
      1     2    11    12        0    CALIB_HO   HO2P04     4     1       1     5     1     0     3     1         HO+2_CU_2-8     2        8     6     8   bot        8    28      13   728   999994
      1     2    11    12        1    CALIB_HO   HO2P04     4     1       2     5     1     1     3     1         HO+2_CU_2-8     2        8     6     8   bot        8    28      13   728   999994
      1     2    23    12        0    CALIB_HO   HO2P06     6     1       1     5     1     0     3     1         HO+2_CU_2-8     3        1     6     8   top        1    28      12   728   999994
      1     2    23    12        1    CALIB_HO   HO2P06     6     1       2     5     1     1     3     1         HO+2_CU_2-8     3        1     6     8   top        1    28      12   728   999994
      1     2    35    12        0    CALIB_HO   HO2P08     8     1       1     5     1     0     3     1         HO+2_CU_2-8     4        2     6     8   top        2    28      12   728   999994
      1     2    35    12        1    CALIB_HO   HO2P08     8     1       2     5     1     1     3     1         HO+2_CU_2-8     4        2     6     8   top        2    28      12   728   999994
      1     2    47    12        0    CALIB_HO   HO2P10    10     1       1     5     1     0     4     1       HO+2_CU_10_12     1        3     6     8   top        3    28      12   728   999994
      1     2    47    12        1    CALIB_HO   HO2P10    10     1       2     5     1     1     4     1       HO+2_CU_10_12     1        3     6     8   top        3    28      12   728   999994
      1     2    47    12        7    CALIB_HO   HO2P10    10     1       3     5     1     2     4     1       HO+2_CU_10_12     1        3     6     8   top        3    28      12   728   999994
      1     2    59    12        0    CALIB_HO   HO2P12    12     1       1     5     1     0     4     1       HO+2_CU_10_12     2        4     6     8   top        4    28      12   728   999994
      1     2    59    12        1    CALIB_HO   HO2P12    12     1       2     5     1     1     4     1       HO+2_CU_10_12     2        4     6     8   top        4    28      12   728   999994
