# HE QIE11 Constants table
# Eta Phi Depth Det Offsets*16 Slopes*16
19 63 2 HE -0.5 -5.2087231135 -2.99113107225 -83.14749904 -0.5 -3.9369064781 2.69830824886 -44.6917802698 -0.5 -3.95692748116 0.529695763822 -51.1268372781 -0.5 -5.20929026384 2.61263004864 -81.9431076374 0.0510864727303 0.0511575206614 0.0500810437784 0.0508938908835 0.0508832357006 0.0511269605476 0.0498135036592 0.0506887907781 0.0510012769162 0.0511558245263 0.0497592714551 0.0506427384143 0.0508848124154 0.0509205479804 0.0497222961947 0.0505178550043
20 63 3 HE -0.5 -0.629612004987 0.726362941382 -6.04367193862 -0.5 1.16788387553 4.14016783794 29.1416417257 -0.5 1.83294680949 -1.78934164194 14.073706051 -0.5 1.67345993834 4.69140114608 47.2037280344 0.0500702416448 0.0513345041845 0.0508160184694 0.0510077971951 0.0499783108146 0.051426259043 0.0507952628869 0.0506069738024 0.049871469582 0.0511553530558 0.0507252648632 0.0506667453427 0.0498609541952 0.051268255582 0.0506181223303 0.0505832904839
22 63 3 HE -0.5 -2.78852307109 1.15324255756 -7.01166356598 -0.5 -3.05971850274 -1.05248538318 -31.8755472529 -0.5 -0.265340178911 0.080254975001 -47.3070896327 -0.5 -3.17993267796 -2.36206518232 -8.6798375452 0.050730781377 0.051177295253 0.0506912427571 0.0504034638534 0.0507467019211 0.0511289947259 0.050616048776 0.0505424519441 0.0506625320522 0.0509224970643 0.0505818018625 0.050338145086 0.0506826306961 0.0508481417344 0.0506525584319 0.0503818522505
24 63 3 HE -0.5 -6.22717198494 -4.9303780063 -59.697907231 -0.5 -3.94680286307 -3.08432166224 -35.3225030933 -0.5 -6.73248856633 -3.09142321759 -47.0789211042 -0.5 -3.99065816374 -4.06155869287 -17.0823121812 0.0504839037742 0.0506642781925 0.0496748548761 0.048640997389 0.0504440518858 0.0506497159097 0.0496063532966 0.0482638303828 0.0503300840831 0.0505956382291 0.0492572229536 0.0483057600809 0.0503063464294 0.0506148575456 0.0494627555782 0.0481527834964
24 63 2 HE -0.5 -2.26888225405 5.49439207055 48.5155902074 -0.5 -2.89838533976 3.40811994471 -3.25438513182 -0.5 1.13447172582 1.40636923883 13.3847372413 -0.5 2.1359278354 4.01031024876 59.0412806 0.0506004368551 0.0513065366233 0.0503667974507 0.0501263904114 0.0506123492125 0.0513509242775 0.0503209599505 0.0503050586818 0.0505394221643 0.051210876378 0.0502992399117 0.0502263073283 0.0505599498681 0.0511788103004 0.0502327913714 0.0495786945991
26 63 2 HE -0.5 -2.69467602256 1.70178111522 48.8698689624 -0.5 1.3835205826 4.2224651615 -0.292900094302 -0.5 2.2004565886 -0.301318545001 21.5537535412 -0.5 0.0118996636522 3.91765957535 27.8283465293 0.0503585563032 0.0508096656411 0.0504051603903 0.0499289630449 0.0504401798098 0.0507695243846 0.0502723206108 0.0502572804699 0.0502035452158 0.050467587245 0.0503550239361 0.0499644801624 0.0504274100976 0.0505523808058 0.0501543879404 0.0496072527068
29 63 1 HE -0.5 -3.4264834945 -0.597461228379 -48.2961239771 -0.5 0.565889460416 2.97775017937 32.6450538755 -0.5 1.2398447271 7.76501235712 13.6246176256 -0.5 -3.34390331943 0.243560221782 18.5651973682 0.0529199060139 0.0536144858466 0.0534891705757 0.0528363520881 0.052859574472 0.0534478719906 0.053090942972 0.0520011257224 0.0527829273042 0.0533717464095 0.0530254558159 0.0521611868722 0.0526960441364 0.0535074477106 0.0529162081785 0.0520773709452
28 63 1 HE -0.5 0.81092933297 -0.910461342785 0.391604233606 -0.5 3.9011264821 4.36097678196 -3.571454103 -0.5 -0.515992342138 6.20107837325 8.94653037175 -0.5 4.45018772571 5.82364138527 6.51199379021 0.0520045989361 0.0528628613775 0.052280919531 0.0511316841305 0.0519585532531 0.0527084030203 0.0520173438493 0.0511934959357 0.0520273488052 0.0527941870758 0.0519305251322 0.0510164139086 0.051933074038 0.0525064116504 0.0519177240574 0.051013172625
18 63 2 HE -0.5 -4.53214317883 0.529084603978 16.2040466312 -0.5 -6.3154548937 -1.37649708101 9.88075624799 -0.5 -7.41037673525 0.698240490683 18.7132649903 -0.5 -7.49927846771 2.89846628962 34.9849860819 0.0518252121788 0.0514539991561 0.0510080775566 0.0505543148591 0.0518246717001 0.051538326487 0.0511886087572 0.0503563316768 0.0516618263741 0.0514819283965 0.0511337367321 0.050278060221 0.0515697382443 0.0514588454992 0.0507676742699 0.0502058754235
17 63 2 HE -0.5 -7.62147413076 -2.39716584227 -29.7576419191 -0.5 0.405233134847 2.91816495267 -41.103588524 -0.5 -0.98355989284 5.35105917961 -22.7047919209 -0.5 -1.51699925804 4.1291634951 -64.5107685237 0.051867986307 0.0523306771658 0.0519666125534 0.0507896440397 0.0517484482986 0.0521629805466 0.0517717571451 0.0511849100853 0.0517962418064 0.0521848835389 0.0516934098352 0.050959337715 0.0516174355939 0.0521478536319 0.0515606188318 0.0509053176904
16 63 4 HE -0.5 -0.951916025132 -0.912774602877 3.48449292584 -0.5 -0.338793018371 3.11679518056 19.9362470448 -0.5 -3.81234099797 -0.712655721967 9.0421180106 -0.5 -2.21908360712 0.886991014421 43.4107871899 0.051961592523 0.0527247843376 0.0511827851952 0.0506882052304 0.0518738580003 0.0526280009292 0.0510282331566 0.0506256749328 0.0518926391124 0.0527012936978 0.0511140162147 0.050550661676 0.0518640930356 0.052497539284 0.0510309597999 0.05035456428
29 63 2 HE -0.5 -5.00553963008 -2.95058211501 -51.298392293 -0.5 -4.54828703154 -2.00303840663 -30.3270724578 -0.5 -4.33355780301 -3.08772230844 -50.286073728 -0.5 1.9879544689 1.52930753594 -96.6103379912 0.0531844747211 0.0540549686952 0.0540136886419 0.0534651792708 0.0531056221453 0.0541362117291 0.0538252855943 0.0533359543466 0.0530835522991 0.0541253428584 0.0538269704189 0.0534166521599 0.0529084098414 0.0535156975444 0.0535760746109 0.0534354250463
24 63 6 HE -0.5 0.819406536063 0.434168524142 11.2326940051 -0.5 3.66034914133 9.02318263271 31.681487592 -0.5 6.56731472468 4.17730103325 73.7283324012 -0.5 0.76687034734 3.67510248841 81.2840980556 0.0518455971762 0.0525730451895 0.0514222711221 0.0519554545102 0.0518431984769 0.0524098186845 0.0509596485498 0.0516796467606 0.0518486461213 0.0522008184844 0.050950052807 0.0514744743505 0.0516402458914 0.0523211945116 0.0509070292506 0.0514278992887
24 63 5 HE -0.5 -1.75869132013 1.64445306665 5.36278442997 -0.5 -0.332891310983 3.26569122118 32.1717862596 -0.5 -0.144577337342 5.8489852537 49.7296216733 -0.5 3.24418160407 -4.15773793218 50.3193098246 0.0520114656992 0.0529154182151 0.0517945693378 0.0506006944796 0.0518231798427 0.0527347619618 0.0515024030596 0.0500974773403 0.0517543915181 0.0526451922715 0.0514881513303 0.0500687393535 0.0517122485142 0.0522176526552 0.0515707969273 0.0498920535167
26 63 5 HE -0.5 -2.37843953162 -2.2988999986 23.9122326599 -0.5 6.92412463066 6.27431608674 66.6112481594 -0.5 0.65670138724 2.50381546236 -14.638374778 -0.499999999999 5.40761096546 -1.17822988811 16.9756237335 0.0511392532637 0.052078005744 0.0514673523864 0.0514046401533 0.0512975588127 0.0517689436646 0.0512550389231 0.0509298897207 0.051127045134 0.0517887676256 0.0511084162062 0.0512921491701 0.0511901730846 0.0516519469003 0.0511543868849 0.0510882219967
26 63 6 HE -0.5 -1.0377284048 -1.823650748 -28.5722586782 -0.5 0.434010022807 5.16220359038 -51.2073034368 -0.5 -0.157394235571 4.39690998773 -11.5646401049 -0.5 -0.95149198456 6.66201030368 -69.0883823537 0.0524752080312 0.0531438471241 0.0524086514184 0.0513072330688 0.0524883104068 0.0529791618784 0.0521057257981 0.0514355054877 0.0524212014073 0.0529859203465 0.0520552096673 0.0510919554599 0.0523360846099 0.052988705235 0.0520482946362 0.0514909076661
19 63 3 HE -0.5 2.12172266209 0.909431258393 39.5389179832 -0.5 1.9934971055 6.08232361769 26.7393392218 -0.5 -2.1837985251 6.03134260092 14.8295380564 -0.5 0.970753997317 3.97199361745 66.2657459412 0.0525119071802 0.0531506315062 0.0525839729775 0.0519842206498 0.052758579982 0.0530759179087 0.0524921498865 0.0518442142164 0.0525088930569 0.0531223078321 0.0523003208736 0.0517210692417 0.0523385209579 0.0531143384495 0.0522852564224 0.0517265026098
26 63 3 HE -0.5 -0.0726924543274 1.78742963802 1.03114774915 -0.5 -0.138116172791 -4.12526587945 4.61996863578 -0.5 0.396669470314 -1.12151198248 39.7526042973 -0.5 1.14747129988 1.30632162091 35.66501787 0.0519485529857 0.0524209484861 0.0525384269105 0.0504485739851 0.0518422218598 0.0523226132565 0.0526423524412 0.0503035658694 0.0516548753461 0.052321388803 0.0525437336489 0.0501256900691 0.0515799165449 0.0521005582686 0.0524864509839 0.0501871523689
28 63 2 HE -0.5 -5.06920320989 0.956712366649 -29.2163027797 -0.5 -1.83767598269 4.86348653302 -43.2341096262 -0.5 2.80969421026 2.43276283696 -38.9974693496 -0.5 -7.94245351689 0.0705686878103 -10.9083970039 0.0527259910931 0.0532979631942 0.053219296239 0.0536891199037 0.0525269465717 0.0531797161185 0.053102209337 0.0537726030954 0.0525659686661 0.053018267283 0.0530358166025 0.0537591912662 0.0525981860476 0.0533517010517 0.0530245753512 0.0535826734743
28 63 5 HE -0.5 -3.39907389373 -5.23562727982 -61.4832353756 -0.5 -1.82455774231 3.10000308612 -82.2978603247 -0.5 -5.32550978183 2.35424724934 -19.0459442852 -0.5 -0.852022082391 -1.31001984477 -31.9836045091 0.0531078446017 0.0536359305067 0.0525291162329 0.0529722719474 0.0531150278094 0.0536137869991 0.0522455131019 0.0532789450807 0.0531288791921 0.0534802668918 0.0522563963235 0.0528007012513 0.0530086451869 0.0533140632638 0.0522493667752 0.0528373265137
28 63 3 HE -0.5 -3.22885215172 3.1455764969 -6.08376513408 -0.5 -1.63529066356 8.46998906533 66.8538583486 -0.5 4.52656374968 8.22791089555 69.9942538704 -0.5 -1.55774537911 7.08112506174 95.979844903 0.0520222528678 0.0521498637514 0.0519134456059 0.052314333114 0.0519688897538 0.052163079525 0.0516416181024 0.0517681024093 0.0518814997843 0.0519517195759 0.0515787122579 0.0517555159363 0.0519072316038 0.0519564985563 0.0515910903701 0.0515181964059
28 63 7 HE -0.5 -6.31627345744 1.01419687605 11.0128533145 -0.5 0.802274449424 -0.187721112828 47.6425927112 -0.5 -3.39843333743 1.86099716942 -6.23728237975 -0.5 -5.07520879983 3.82081166227 -10.1711165965 0.0522452980072 0.0522955188243 0.0521012817703 0.0518202933591 0.0521687887538 0.0521249253101 0.0519136133189 0.0515136392648 0.0522574646903 0.0520297392558 0.0516606917197 0.051816979434 0.052226660458 0.0520708591828 0.0518157238937 0.0517667760435
26 63 7 HE -0.5 -6.96570983524 -4.99964849968 -44.6981401837 -0.5 -7.09279094633 -5.9293654345 -48.2744421622 -0.5 -6.67187476227 -3.76480877253 -15.6156205932 -0.5 -7.74114143165 0.705110493885 -45.7009393065 0.0516827807854 0.051581170411 0.050987335124 0.0509605184478 0.0516466717824 0.0516164313432 0.0508215463117 0.050859030238 0.0516399042004 0.0515158987112 0.0506848024364 0.0506828996786 0.0515965986344 0.051411230217 0.0506533896049 0.0507877689082
28 63 6 HE -0.5 -6.91347437147 -6.00326070643 -12.9498191792 -0.5 -7.07656355373 -1.88821546906 -23.0975793179 -0.5 -5.17196782568 -3.84995715862 -28.6239377236 -0.5 -8.7797739465 -2.12004200409 13.5496211579 0.0528716132671 0.0526641193971 0.0533989641245 0.0530791848768 0.0527683129323 0.0527318542335 0.0533272325413 0.0530859904176 0.052688861466 0.0527166002557 0.0529702802472 0.0529514221901 0.052728459559 0.0527582087116 0.0532351575271 0.0527325782333
19 63 5 HE -0.5 -1.39526680856 -2.25794582166 -8.2477478273 -0.5 -1.03450512538 -0.817716405097 8.30495014024 -0.5 -0.723100848722 2.60270342983 -37.5321177541 -0.5 -1.38635039222 -0.362526266996 -6.84418795058 0.0521065582754 0.0523345365141 0.0517939878283 0.049885502352 0.0520727212957 0.0522079792915 0.0516811103172 0.049676294844 0.0519585898123 0.0520318520088 0.0515892010473 0.0496707211289 0.0520877547489 0.0520847823788 0.051656963146 0.0496931358388
26 63 4 HE -0.5 0.279065571027 0.22509349634 -5.82038401182 -0.5 2.84012472624 7.01176977301 36.8478802758 -0.5 2.63432694284 5.63351474076 20.7914825845 -0.5 -0.4134566246 7.99572820823 26.8748782955 0.0522724077535 0.0528355196098 0.0513711734012 0.0539977715152 0.0522745213922 0.0526307415102 0.0510672064748 0.0536524334169 0.052215256676 0.0525894779439 0.0508837462379 0.0536629176002 0.0521681337688 0.0526117213312 0.0509483364525 0.0536706024381
20 63 6 HE -0.5 2.04645496538 4.23508911745 37.742242693 -0.5 3.03775837641 6.07938666724 86.9267960364 -0.5 4.86802487313 7.69304779161 71.3880457421 -0.5 1.21705356567 9.02282970449 68.465412074 0.0522554237275 0.0531628026487 0.0524909665865 0.0526683266365 0.0522469527545 0.0531625769338 0.0523942209282 0.0524449178065 0.0521702157101 0.052901515497 0.0522553324647 0.0524199490031 0.0521123650644 0.0529816481271 0.0521271605921 0.052484853481
20 63 5 HE -0.5 -6.38186499713 -3.51296252671 -17.3329081507 -0.5 -7.76065891241 -0.460731517927 -7.59833385357 -0.5 -6.175498821 -0.624863530201 -17.6991452882 -0.5 -4.78098621574 1.33958019426 -25.5033144313 0.0518731153052 0.0528901016985 0.0524316448615 0.0527500274559 0.0517127662336 0.0528582998434 0.0522663561958 0.0526023993434 0.051873013583 0.052728014433 0.0522643415208 0.0525576464014 0.0516692309715 0.0526479172947 0.0520979605307 0.0524960765377
22 63 5 HE -0.5 0.273520986476 -5.31922687789 -55.7469168023 -0.5 8.70510854068 5.19235918103 -25.7970804851 -0.5 2.81517018442 0.745947025748 -25.0375486559 -0.5 0.352456550658 4.41984439354 3.51042650378 0.05153082566 0.0532015391751 0.0519142262752 0.0525003578017 0.0514555207303 0.0528621858387 0.0515241049366 0.0523606132152 0.0514315017742 0.0530172562095 0.051627729984 0.0523572565609 0.0514650752204 0.0530354999013 0.0515402855708 0.0521734576789
22 63 6 HE -0.5 -3.5796710876 5.70104861631 12.983990628 -0.5 -1.46357418991 1.70265649613 92.654501937 -0.5 0.285154528709 5.63946001257 81.6204497762 -0.5 -2.02641824983 4.65656680777 63.4026777473 0.0523188845045 0.0528157892773 0.0523604271961 0.0532621886746 0.0523390756884 0.0527987329944 0.0522527289772 0.0525394860807 0.052290590232 0.0525355205994 0.0521559488994 0.0525668586124 0.0522114921043 0.0526025067913 0.0521830662991 0.0525340612636
18 63 3 HE -0.5 -9.16797005846 -6.53529308818 -61.5995347868 -0.5 -11.6537968252 -2.92033538567 -18.1753566847 -0.5 -10.8006622274 -4.07892792124 -16.0867471352 -0.5 -10.403932415 -5.49956812088 -13.2504795988 0.0526769172875 0.0524930198989 0.0512440731281 0.0515326958706 0.0526227512702 0.0525627380979 0.0510306949495 0.0512922435448 0.0524141653431 0.0523555767643 0.0508723437114 0.0512003520075 0.0525267948172 0.0524989803532 0.0506887118557 0.0512508155405
28 63 4 HE -0.5 -5.39118029627 2.63425213529 0.362129466258 -0.5 -3.53662792546 2.45378385573 23.4390208694 -0.5 -6.41253088634 4.27807065521 -6.85828446826 -0.5 -4.69189609578 4.04240373881 1.91801204723 0.0521294896038 0.051696796895 0.0518240663672 0.0508431442579 0.0520958660194 0.0517549365353 0.0517612368954 0.050510947227 0.0520119843873 0.0516711946386 0.0515992830425 0.0506829338627 0.0519751284858 0.0516511265508 0.0516124195447 0.0506467816836
17 63 3 HE -0.5 -7.92627753147 -4.40421272205 -19.5030079663 -0.5 -3.24030393358 5.7255308605 -22.8649977333 -0.5 -2.87163296941 -5.35308437859 -39.2164231777 -0.5 -4.3949189782 -2.21984289482 -33.2749721507 0.0522756718625 0.0522776129709 0.0520123153975 0.0518181175322 0.0521165399605 0.0519350197029 0.0516874893185 0.0513723904357 0.0523129977623 0.0519062762289 0.0517863383309 0.0516133842326 0.052296257701 0.0519468514207 0.0517556725859 0.05151086519
18 63 5 HE -0.5 -4.66042040653 0.253020576376 -23.3832691697 -0.5 -3.50255422047 7.37163442973 34.455452705 -0.5 -3.51872689173 8.71365733101 34.8024491218 -0.5 -2.70965431321 5.68911211157 28.5114969899 0.0520103088982 0.0520072405458 0.052759989098 0.0527652126083 0.0517847925666 0.051911541833 0.0523304639343 0.0521916686223 0.0518067840047 0.0517766507791 0.0522310133362 0.0522574568294 0.0517580505018 0.0517786773473 0.0522709444541 0.0521948850889
18 63 1 HE -0.5 -2.36028192383 -6.88844827981 11.0970393745 -0.5 -0.0995244235071 0.635635787691 14.8954125344 -0.5 1.140510363 -0.581192888851 -1.08958720531 -0.5 0.510608704348 3.32392008436 22.9842678731 0.0515555798174 0.0532238420658 0.0521164769504 0.0516728378227 0.051568865688 0.0530689704091 0.0516926333462 0.0515784483382 0.051553110058 0.0530371856784 0.051706309763 0.0516543041585 0.0514525489076 0.0530365772341 0.0514744536981 0.0515134516412
18 63 4 HE -0.5 -4.41776356563 0.590164773176 0.618453130548 -0.5 -2.02005140882 5.56886575293 18.9079717633 -0.5 1.0938770875 4.02050372624 19.184474964 -0.5 -3.93188060611 1.03119816557 -45.2203133845 0.0523163368554 0.0526777985375 0.0524033406878 0.05317953193 0.0520874149772 0.0524188665264 0.0522161162662 0.0530756939574 0.0522782162933 0.0523374443602 0.0521813580079 0.0530644974724 0.0520892894291 0.0524158429661 0.0521209574406 0.0531724530988
19 63 1 HE -0.5 -1.91200789262 5.1562768743 -25.7623632819 -0.5 0.946164636685 10.5899242963 -10.2876729718 -0.5 2.5950284403 13.7683916322 44.3357480451 -0.5 -1.71780158551 12.2514115848 19.6029819924 0.0525105426788 0.0527568640142 0.0527259676962 0.0507660509509 0.0522789308345 0.0524789178472 0.0524102088418 0.050528862884 0.0522870768068 0.0524123527881 0.0523402957572 0.0503189230753 0.0522387737857 0.052453786213 0.0523501751319 0.050508268829
20 63 1 HE -0.5 -4.54163067118 5.56128808564 15.0711668778 -0.5 -2.07468544925 5.48755090107 11.3466199593 -0.5 -2.51013388829 10.0220719731 2.63826603761 -0.5 -1.30404789974 6.41331812194 3.89298544588 0.0518575075956 0.052075638661 0.0525315521683 0.0523225446967 0.0518217652278 0.0520267104457 0.0523416610443 0.052301393677 0.0518357826661 0.051995119114 0.052225083432 0.0521189133164 0.0518561686259 0.0519810960617 0.0522949993385 0.0521003417006
22 63 1 HE -0.5 -3.47433104727 4.93295383618 25.1451867404 -0.5 -1.86489736424 7.99136305706 49.4858394677 -0.5 -3.60050970249 2.46734721166 40.3439079677 -0.5 -3.55798287039 5.89656774388 57.5930743386 0.0528622404308 0.054006852565 0.0520444243001 0.0521139407196 0.0528584187644 0.0540469839706 0.0518201723046 0.0520323238831 0.0527902908088 0.0540149589581 0.0517985389846 0.0520165500234 0.0527206151773 0.0536155444243 0.0517564576325 0.051892763334
24 63 1 HE -0.5 -1.71816993774 -2.48677299794 -25.9857426198 -0.5 2.76367799034 4.36820470142 -35.2186133738 -0.5 3.58043847166 4.44998773617 -24.1300060993 -0.5 -1.84707659884 1.61080101194 -27.9159947247 0.0520046733008 0.0532620965535 0.0522281315965 0.0533909706945 0.051815599968 0.0530706632028 0.0519394723323 0.053233948552 0.0518067278969 0.0530568305888 0.051799303039 0.0535395044574 0.0518096244884 0.0530391412673 0.0517896805031 0.0532434218132
19 63 4 HE -0.5 -2.43322961097 2.38163448763 1.39605017043 -0.5 0.745307644977 5.89012494991 44.6115190474 -0.5 -2.21747386193 9.6841307453 50.0524613713 -0.5 -1.36920127177 1.37127616225 31.7309997831 0.0519084511058 0.0526922681518 0.0513077901753 0.0519537009189 0.0516840528093 0.0524334592231 0.0510939735909 0.0518377107496 0.0516757944983 0.0523572624974 0.0509999035511 0.0518076832769 0.0516081864599 0.052332283361 0.0510782049464 0.0517062066002
26 63 1 HE -0.5 -1.62271106485 4.00831698656 59.654727683 -0.5 -1.65004346819 4.53183754117 80.0946673476 -0.5 -6.36266212158 10.9848162756 85.6763821257 -0.5 -3.88517703755 6.18378044697 131.42225503 0.0526865469078 0.0529326737901 0.0522145964085 0.0519997629209 0.0526994501443 0.0529531024928 0.0520305851706 0.0515555874106 0.0524905720966 0.0528374928354 0.0519011587586 0.0515581839337 0.0525105598022 0.0528524775132 0.0518116666399 0.0513288155546
19 63 6 HE -0.5 0.890582189188 2.74868216827 9.58242816455 -0.5 4.62273090974 5.17284161284 29.6936645545 -0.5 -1.48318546478 5.16340081896 -1.88229520744 -0.5 -1.32636265921 6.59406762391 68.6434878062 0.0524807989807 0.052970841091 0.0531709173309 0.0513917612678 0.0522264955082 0.0527721662701 0.0530158995542 0.051306822168 0.0522301237926 0.0527804138382 0.0530075461896 0.0512846427364 0.0521500100007 0.0527555844448 0.0527289942269 0.0508575593906
24 63 4 HE -0.5 -2.84722938285 1.05212335202 18.2478409586 -0.5 -1.16790407173 7.70571900143 23.5125752774 -0.5 -2.69610288765 7.311209803 61.2635071084 -0.5 -1.17089990598 9.37587260421 -12.1886210201 0.0535001527821 0.0537863010669 0.0544593477766 0.0527379661865 0.0533565410948 0.0536903310933 0.0541777479405 0.05265796855 0.0533260186229 0.0534843730978 0.0541769167857 0.0524041633929 0.0532636069193 0.0534465028561 0.0540533002463 0.0527072483781
22 63 2 HE -0.5 0.39040371767 2.86676870853 20.9985281058 -0.5 3.59696903396 7.35907913001 12.2474716109 -0.5 5.44691360651 9.31347645333 36.6020482853 -0.5 3.42678383538 8.42513654015 38.0317181784 0.0536819764191 0.054738661009 0.0534635950742 0.0538374677156 0.0534751143721 0.0544576805884 0.0531662533729 0.0537087050987 0.0535782325231 0.0544789310534 0.053130282527 0.0534518635164 0.0534948613201 0.0543652668248 0.053139533451 0.0534495611883
20 63 2 HE -0.5 -1.35843319133 1.7979136241 -11.7254018245 -0.5 1.65233463744 3.219159989 -27.4734458735 -0.5 -2.23367329526 10.5633159788 2.26615843474 -0.5 -0.32281293004 5.66787388519 11.0726462367 0.0530360532673 0.0534546507632 0.0521236808289 0.053156417915 0.0527982976834 0.0531991183838 0.0520383585508 0.0531921688517 0.052857824797 0.0531806367177 0.0517729932087 0.0529354319953 0.0529631701803 0.0532741351519 0.0517874023922 0.0530346035931
22 63 4 HE -0.5 -2.50695639721 1.49674172358 -9.00747127962 -0.5 -3.68451057591 3.9511605604 -24.3680339689 -0.5 -6.23249047974 10.2231188361 -19.125974939 -0.5 -3.59779673369 4.19946034115 -24.9520718696 0.0537800554293 0.0539947396101 0.0521197592047 0.0521866013404 0.0536490448718 0.0539634019443 0.0522480843218 0.0520547948844 0.0536481162709 0.0540144435303 0.0518557911905 0.0519068980544 0.0535412605415 0.0537570787032 0.0519031497042 0.0519653634113
20 63 4 HE -0.5 -5.2633490172 1.59443535993 -34.8898870186 -0.5 -2.60060271013 0.812725120608 -74.3714123795 -0.5 -2.92561102894 4.01024736005 -73.7472205442 -0.5 -6.29971575438 5.86829327683 -78.5142754967 0.0524154707471 0.0522507174009 0.0520542433362 0.0503231666797 0.0521240936435 0.0520850088746 0.0518610594925 0.0504076337317 0.0521429109079 0.0519675272258 0.0516463911076 0.0503521963682 0.0521052543476 0.0520485400357 0.0515551848193 0.0503827619286
19 64 5 HE -0.5 -3.95240852651 -4.19418249118 -41.0148979098 -0.5 0.602458152173 3.79067387404 -29.467102077 -0.5 0.853684300107 5.18446334084 -28.0349487401 -0.500000000001 1.30603774427 6.62871002184 -24.9108252355 0.0511632487073 0.0512744118527 0.0515272548293 0.0516696567523 0.0510631743859 0.0509661236173 0.0513364235161 0.0513475358155 0.0510959388172 0.0509825886383 0.0511682073278 0.0514773829929 0.0510368747391 0.0509388745748 0.0510915090409 0.051260652206
19 64 6 HE -0.5 -4.36840857652 -2.3166398315 9.61816641616 -0.5 -1.2714754518 -1.08351223251 15.0778433484 -0.5 -1.42070478008 3.09522633736 13.6928505087 -0.5 -2.35605744936 1.22323564625 37.3500939493 0.0511590801381 0.051654985971 0.0502661419819 0.0500189214158 0.0509991708458 0.0514966157321 0.0501271607221 0.0498910886588 0.0509632054984 0.0514934026367 0.0500716826041 0.0498701498575 0.0509545558032 0.0514876096664 0.0498527365466 0.0496508583223
21 63 2 HE -0.5 -1.99992597735 4.02422196444 -33.6086390579 -0.5 2.01033714463 8.93360957334 4.59138325401 -0.5 2.12237811363 9.14700130781 -0.236357926758 -0.5 -2.21736011248 5.40791109506 -19.3658751563 0.0505410095943 0.051022686772 0.051105398154 0.0505181362364 0.0501267325475 0.0507223032428 0.0508556984843 0.0503469644343 0.0501218892836 0.0506897372917 0.0508339853779 0.0503185604571 0.0500351012257 0.0506667444172 0.0507264962576 0.0503886740128
20 64 2 HE -0.5 -4.7117036214 1.61678835603 -29.0368434701 -0.5 -4.20775108366 3.58955392173 -13.3473951172 -0.5 -4.50464310416 7.52242912556 -25.5336710162 -0.5 -4.52185045607 3.98823425207 -52.130461854 0.0516641636833 0.0514264274548 0.0513272690784 0.0502120558222 0.0514726658279 0.0513173262941 0.0510276250443 0.0501647712152 0.0515482603755 0.0513168030338 0.051048787104 0.050234402872 0.0514969169237 0.0512920282577 0.0509701274177 0.0501425009829
21 63 4 HE -0.5 -7.0580982803 -2.25575142752 15.2676661175 -0.5 -0.7910050994 2.17209891113 -25.7148769743 -0.5 -5.37366558538 -1.1195370718 -32.4677167088 -0.5 -6.12205498178 -3.68681342685 -5.64818927333 0.0516174780307 0.0519370084315 0.0518973334384 0.0510584959466 0.0515163375082 0.0516706957424 0.0518703191724 0.0513152034051 0.0513524300062 0.0517977543669 0.0518602622058 0.0513527275175 0.0514529433635 0.0518135120193 0.0518104585896 0.0508468906083
20 64 4 HE -0.5 -3.06364102679 0.935911501791 20.710979625 -0.5 0.733107511888 3.75889433422 56.2822629618 -0.5 2.89643608751 1.12829936122 76.7914541944 -0.5 -3.5222635912 1.23730277711 30.7303625674 0.0510229656484 0.0508059331562 0.0501814291075 0.0501031747932 0.0508295891383 0.0505829795968 0.0500093475704 0.0499749697278 0.0508390272298 0.0505355178382 0.0500661605155 0.0497292799837 0.0506688868533 0.0507035058842 0.0499932662104 0.0499879567932
19 64 1 HE -0.5 0.392431312345 3.18181855349 19.713770454 -0.5 -0.829047317232 2.29937146418 -0.497941951346 -0.5 2.135488926 1.78044481557 9.16494969949 -0.5 1.47660390164 3.04593305455 25.8477559175 0.0532872937824 0.0533834751794 0.0525413155708 0.0533050303276 0.0530356718656 0.0530282357588 0.0524469463596 0.053486022752 0.0530625091943 0.0531430848405 0.0524416487527 0.0533659088143 0.0529239888443 0.053147084514 0.0523466707554 0.0530783362283
20 64 1 HE -0.5 2.25326291138 3.58683308508 17.2308011734 -0.5 5.56392393732 4.58064164331 -22.494624919 -0.5 6.07540880381 7.50407729363 -16.4056403477 -0.5 2.63048838002 6.48105101915 -9.29164111193 0.0528681224559 0.0532812625945 0.0528897826192 0.0536230081643 0.0527044818447 0.0530931280956 0.0527268598375 0.0535940921583 0.0526678462609 0.0531141783717 0.052664770924 0.0534011100713 0.0525918716773 0.0530444925153 0.052739435855 0.0534205402532
21 63 1 HE -0.5 1.36974892563 0.770620816182 -7.16669792819 -0.5 -0.966839260193 7.39239234578 22.627046171 -0.5 -2.98624247793 5.92536041687 36.7071107734 -0.5 4.52073455055 7.18622662572 7.04793744752 0.0524528131502 0.053104542388 0.0526792348976 0.0521480970932 0.0522589237909 0.0529726300824 0.0523956879843 0.0520290705245 0.0524273011107 0.0530244620673 0.0525246272611 0.0519540701173 0.0521624362571 0.0528173624903 0.0522442594188 0.0519357211357
23 63 1 HE -0.5 -5.15995467082 0.653904830509 27.3943024419 -0.5 -4.14273495629 5.9463082371 65.9279891561 -0.5 -2.13886830896 6.00057562766 -9.61355281003 -0.5 -0.523290728584 0.318427670453 74.176904189 0.0516663338969 0.0518703567009 0.0517721033655 0.0503184289823 0.0512316887652 0.0518455377828 0.0515487739868 0.0499356534124 0.0513263960589 0.051812305433 0.0515520542707 0.050176753632 0.0513242505682 0.0515707012141 0.0515608019337 0.0498556415586
19 64 4 HE -0.5 0.942264066848 6.90789767889 16.2817432764 -0.5 -1.27199068522 3.961735986 14.0531027093 -0.5 -1.46561120692 3.91173838985 62.7062001569 -0.5 -0.493533317596 1.32228424286 50.1984446261 0.052184739393 0.0527259442453 0.0530790669891 0.0532338884638 0.0520586402018 0.0526201101579 0.0531123136556 0.0530404975303 0.0520250097427 0.0526241175255 0.0530250359987 0.0526246568638 0.0520448739971 0.0523652985426 0.053051771338 0.0526371778364
25 63 1 HE -0.5 -1.08400845319 -3.98394092449 -6.83560659898 -0.5 -1.36186985962 0.417748748558 31.6464934222 -0.5 -0.771028981015 -1.42483011711 -10.5510931604 -0.5 -2.81957236925 -3.60629562803 -10.7254376905 0.0517559930421 0.052481822863 0.0519200398703 0.0507713698636 0.0515700167252 0.0524615380699 0.0517627337135 0.0505830851844 0.0515833253986 0.0523610423796 0.0517760876718 0.0504870635261 0.0514462223402 0.052295705135 0.0517602624138 0.0504876355074
23 63 6 HE -0.5 -8.51424728227 -0.182368329109 -41.7792805499 -0.5 -5.25797574467 4.48230829521 -44.1858679368 -0.5 -4.6348776559 2.43576623861 -29.3591309487 -0.5 -2.49964990167 -1.84713349851 -47.1198469632 0.0510966170408 0.0519774395854 0.0510625406938 0.0517570823757 0.050929792518 0.0518791354135 0.0508115120886 0.0518901162358 0.0508887001965 0.0518405969915 0.0508062750192 0.0518172595172 0.0509101838961 0.0518119592014 0.0508424628097 0.0518107169122
25 63 4 HE -0.5 -2.52181737809 1.17910205242 13.3644093568 -0.5 -2.74210440856 1.50147011605 23.3620023947 -0.5 -4.62665198138 6.31231362701 39.8592144014 -0.5 -5.37887310647 1.27592736147 40.1747749908 0.0519483404707 0.0526026418667 0.0517114958967 0.0528678862848 0.0518681916017 0.0523653351756 0.0517010116814 0.0526307186094 0.0517990700091 0.052361333113 0.0514890761353 0.0524887622313 0.0518353804599 0.052348481416 0.0515578824528 0.0522685676876
20 64 5 HE -0.5 -5.13598665773 -0.280095868793 -35.5531037288 -0.5 -1.31467430627 5.26534762685 -1.31762881703 -0.5 -6.1606239095 1.25282842491 -2.57443004752 -0.5 -4.39852982227 7.15615584671 -2.32586397718 0.0512024503033 0.0519088952418 0.0516435160458 0.0507400675345 0.0513110314099 0.0518177515528 0.0513783493448 0.0506034080483 0.0512934054379 0.051819212654 0.0514235934706 0.0506058306798 0.0511903961882 0.0517192767647 0.0512300624149 0.0506049307384
21 63 6 HE -0.5 -6.41546199915 -1.25159891631 -31.8976163966 -0.5 -4.25749439414 3.72626955132 69.1391448041 -0.5 -3.5441556309 6.35737078212 18.8467452615 -0.5 -6.12439438611 2.77037053258 70.0077728721 0.0517792141183 0.0518417737906 0.051924416115 0.0507390504487 0.0516319334543 0.0517157456139 0.0516897437991 0.0501134648233 0.051573836955 0.0516647295817 0.0515611851331 0.050216677694 0.0515874549665 0.051694744333 0.0516161891547 0.0500326290793
23 63 4 HE -0.5 -0.866434736707 -3.01904994796 -29.0621042541 -0.5 -3.89503386063 3.78638722645 25.3060025644 -0.5 -1.07639495923 1.1114593857 24.9622263409 -0.5 -6.25227406324 0.397649534581 0.170925740933 0.0516223917999 0.0528015402942 0.0530761979754 0.052073586515 0.0517216623317 0.0528245504514 0.0529602820765 0.0515212971972 0.0516310863823 0.0526118815648 0.0529259204057 0.0515239340171 0.0514593786799 0.0527020171251 0.0527332537831 0.0513322448645
20 64 6 HE -0.5 -2.37803610667 2.00011836246 -15.2083095274 -0.5 -2.92875672461 1.28409843733 -2.73026800969 -0.5 -2.24706299167 7.5367922632 -1.959263503 -0.5 1.17907098569 9.1929959185 20.7670322292 0.05111545165 0.051549362597 0.0510017605299 0.0511355791088 0.0508735149663 0.05164591179 0.0508612918259 0.0511326512132 0.050797261202 0.051585571217 0.050564862935 0.0511771321587 0.0509281608553 0.0512654763538 0.0506895858811 0.0508669478755
18 64 1 HE -0.5 -0.66726105228 4.69963634269 -0.910371204871 -0.5 -0.809475415525 5.37766181997 17.8495278777 -0.5 -1.85893651785 3.88748798545 18.3227630591 -0.5 -3.72889526785 1.86475581009 7.66217805222 0.0516512737271 0.0524189882723 0.0530767143682 0.052765337329 0.051568144284 0.0523727481262 0.0527572717851 0.0526999076295 0.0516023496592 0.0523809905732 0.0527150086621 0.0523892942646 0.0513603128473 0.0522918382257 0.052751916781 0.0528402781484
18 64 4 HE -0.5 -1.55121282705 4.93464953236 -25.0428743713 -0.5 0.524511657165 11.8008516903 35.9407808217 -0.5 0.774249501023 8.92025837005 20.282250794 -0.5 -3.29022212243 9.91090143602 -5.52548016062 0.0516047875722 0.0523318884373 0.0526144084722 0.0524269799074 0.051407048568 0.0520635947143 0.0522209820553 0.0522417826831 0.0513621834941 0.0521117407693 0.0522716640604 0.0522646016499 0.0514326283771 0.052082750134 0.0522548436106 0.0524159755692
18 64 5 HE -0.5 0.969272978632 5.67718772306 43.7101311682 -0.5 1.3388578236 5.78924719016 37.1544701633 -0.5 1.64972214266 1.03638549909 33.7648799484 -0.5 -1.20515212277 4.26475339668 46.1767464154 0.0519501559118 0.0530914913754 0.0534099048 0.0530912193821 0.0517768532777 0.0530902697902 0.0532545832532 0.0529734482711 0.0517286091618 0.0530781784128 0.0533217351481 0.052918618355 0.0517411940539 0.0530320018113 0.0532369094321 0.0528803620107
17 64 3 HE -0.5 -3.73846319153 6.1956883182 36.0005092373 -0.5 -4.65783687117 1.77065720885 30.8910823914 -0.5 -3.18205540054 3.06900288944 46.0073539808 -0.5 -4.83929292832 7.41518361506 -7.88781736499 0.0523867047233 0.0529125948206 0.0524849907139 0.052160397913 0.0521496559987 0.0529848658611 0.0523784949787 0.0522750795074 0.0520952895859 0.0527046022441 0.0523531254487 0.0520689371603 0.0521546653851 0.0528824813848 0.0522711769017 0.0520530647142
27 63 4 HE -0.5 3.6100811239 3.55227772208 33.4403191145 -0.5 9.83791028022 8.23703458161 32.4069352954 -0.5 8.40521213353 6.88987137042 43.0036577617 -0.5 5.26511109577 5.66563007615 77.5859810788 0.0521787236191 0.0534150861184 0.0528562053848 0.0525519740242 0.0521394712061 0.053267942909 0.0525910083597 0.0525204302451 0.0519896287551 0.0530640896043 0.0525326824936 0.0522545024726 0.0521237899174 0.0530969874409 0.0525506357104 0.0522192310371
18 64 3 HE -0.5 -0.0599417987433 2.31336528408 26.8380215825 -0.5 0.79995751764 3.5759832222 39.2051026496 -0.5 2.3932790805 5.27648103372 7.41529136117 -0.5 2.44375283494 6.25701331672 46.4118110925 0.052808412361 0.053961845046 0.0528376994325 0.0531013200085 0.0527681785213 0.0539679486033 0.0527476139572 0.0531620565585 0.0526664965414 0.0535855722585 0.0525818526411 0.0532766203971 0.052691601142 0.0538842027486 0.0525212847767 0.0529753634761
27 63 7 HE -0.5 -2.52939662619 -6.39215144708 -20.1458990577 -0.5 -1.29927452898 -2.37020551098 -12.8773913738 -0.5 2.5747196233 -2.93601954822 -28.770768938 -0.5 -0.167961530437 -0.551262868165 -33.9489097611 0.0530223428376 0.0544149853978 0.0524457358262 0.0514262704903 0.0530442923453 0.0543654302174 0.0520907958808 0.0512395966375 0.0528210297269 0.053964869366 0.0520528952399 0.0513163552488 0.0528215737364 0.0542006879566 0.0520042967058 0.0512884212039
27 63 3 HE -0.5 -2.79166481941 -2.92362588331 -2.6132202876 -0.5 1.02939582059 1.04520764209 23.8794690953 -0.5 0.805215045873 1.22628997242 -5.6746874697 -0.5 -0.746649316616 3.25755769389 -8.71622474671 0.0510820832088 0.0514117808071 0.0513592280248 0.0517692643307 0.0509601232441 0.0512101584694 0.0510312694836 0.0517706761897 0.0509067591174 0.0511337165454 0.0510035422074 0.0516985011581 0.0508984745792 0.0511319243427 0.0510464291032 0.0516935936844
27 63 5 HE -0.5 -0.417648167919 -0.519772304948 -17.0543344667 -0.5 -2.09926138068 1.68145695481 58.9894908498 -0.5 0.810543411396 0.198935502043 42.2785729611 -0.5 -0.426274957542 0.00762763281815 48.9446849201 0.0510180334319 0.0519204986161 0.0518766050482 0.0515293015675 0.0508635317811 0.0519485308139 0.0514924535923 0.0509994513265 0.0507973532454 0.0518329599132 0.0514047669683 0.0509493855922 0.0507330620409 0.0515678450557 0.0514244318671 0.0509121107005
27 63 6 HE -0.5 -4.01217457239 1.98359262318 -18.2145804731 -0.5 -2.48190817475 4.45647030882 -38.3921949223 -0.5 0.593536408748 -2.00910846764 -22.6876636609 -0.5 -4.97831160718 0.714344759706 -40.4829966929 0.0517119725871 0.0526597426961 0.0515792290324 0.0501349931429 0.051630990542 0.0526961094207 0.0513443518423 0.0501827865757 0.0515581819984 0.0525813363196 0.0514183796172 0.0500297450705 0.0514257367935 0.0523885782497 0.0514050220198 0.0500715678642
29 63 3 HE -0.5 -0.660804783994 -0.792165600861 -4.6464272572 -0.5 1.95527773028 6.32958120644 13.2953514496 -0.5 3.44311021901 8.18871831928 43.6478784639 -0.5 -1.12315538245 5.81282344402 67.1090319998 0.0506333365401 0.0514721970514 0.0506354086723 0.049816955511 0.0506896823576 0.0513706000457 0.0503657555711 0.0498919257828 0.050611682035 0.0512202341495 0.0502630093174 0.0495782066258 0.0505842891814 0.0512168829838 0.0501872352417 0.0493922277818
21 63 5 HE -0.5 -3.69956162139 -7.74939531855 -43.9946857212 -0.5 -2.31497482966 1.72978515943 -26.6951733206 -0.5 -1.82114766107 2.76202294315 -0.612041396277 -0.5 -0.633357331603 -1.02718289519 -39.3643244117 0.050651746168 0.0508999155885 0.0509918854709 0.050163351641 0.0504262417459 0.0508564359084 0.0507767167468 0.0499707491345 0.0503782040408 0.0508324900588 0.0507487465234 0.0499270176686 0.050383497248 0.050626336301 0.0506685140774 0.0499487355347
23 63 5 HE -0.5 3.79374765867 -3.13332744136 34.1771057915 -0.5 2.2373060213 2.67708293402 31.6574780174 -0.5 3.50120781816 4.52235799723 19.8012368937 -0.5 4.74745740234 2.68669625539 15.7354983537 0.0519745683554 0.0534685594309 0.0515919753977 0.0510512064733 0.0518865371527 0.0533359633769 0.0513712052588 0.0507792377999 0.0517763372358 0.0530815002289 0.0513255858915 0.0507764165275 0.0518686349817 0.0530676623843 0.051277532563 0.0507268542044
25 63 6 HE -0.5 -4.51930607642 -0.0467689037179 -10.3765998897 -0.5 0.654989842277 2.97891225179 22.7860940982 -0.5 -3.49722415459 5.23873002959 32.4082186566 -0.5 -0.935451902136 2.6949750173 -30.6905654921 0.0517038873299 0.0519053653859 0.0503738034709 0.0510758611699 0.0514675669077 0.0517460119535 0.0500887467964 0.0507640911931 0.0514723039676 0.0518377563684 0.0501719309103 0.0506540314191 0.0514121107155 0.0517669517964 0.0500931047722 0.0509808154149
25 63 5 HE -0.5 -7.43155600462 -2.72454880636 -33.903729036 -0.5 -4.47800349009 -1.59805936553 0.777331550638 -0.5 -3.87126639086 -1.69183042666 -0.653020410259 -0.5 -5.14002315042 0.756623136345 10.3287254337 0.0522167462878 0.0527402420081 0.0525256112139 0.0521595366117 0.0522852405657 0.0525666878602 0.0522288647832 0.0516880661735 0.0520543038564 0.0524153791857 0.0522289710654 0.0516473631795 0.0521240245696 0.0522425366633 0.0521092484571 0.0515954631155
19 64 3 HE -0.5 -1.25959620386 0.289614496136 -10.5231594599 -0.5 0.910624651295 2.12354768615 14.113078943 -0.5 -0.300903080991 2.17416935032 8.99328654077 -0.5 -1.75039209551 2.85396753868 63.0261320583 0.0510213587933 0.050862469016 0.0502275516195 0.0513910859019 0.0509411711763 0.0506570737153 0.0500761290468 0.0512118055249 0.0508596430916 0.0506244292281 0.0499881887067 0.0510242560305 0.0508474815424 0.0506187246071 0.0499814539949 0.0508475099343
25 63 3 HE -0.5 -3.66509644575 0.353041665833 20.2153290443 -0.5 0.733276603506 4.65028937288 13.6681019111 -0.5 -0.626430078975 2.75448803394 49.7844741568 -0.5 2.75593679938 1.92142573757 3.41775336631 0.0517723979924 0.0520662229557 0.0523544415603 0.0523579048683 0.0516349037561 0.0520795400033 0.052172589411 0.0519710971155 0.0516397672466 0.051896200777 0.0520765381704 0.0518728419465 0.0515932561301 0.0518338424661 0.0520956190511 0.0519900374947
27 63 1 HE -0.5 -2.49205559217 3.97820635574 35.1077500723 -0.5 -3.00904077274 6.76441894109 57.8723657437 -0.5 -6.93888274145 2.72524833532 55.2425920363 -0.5 -3.40421665629 2.35336243599 75.9655400422 0.0530300473758 0.0529961498823 0.0528470082069 0.0537243339746 0.0529763062262 0.0529191750435 0.0527468596048 0.0534177231381 0.0527894724201 0.0529653084679 0.0526669325264 0.0533390322031 0.0529016804337 0.0528605976437 0.0526802702241 0.0532184900498
18 64 2 HE -0.5 -2.77601748498 1.27013385559 1.03410607651 -0.5 -5.28181866153 6.09207389797 -14.688258392 -0.5 -4.09282518981 2.63722212847 -39.8283886464 -0.5 -7.35838841087 3.61072753059 7.88201555677 0.0522304949086 0.0527144730627 0.0517687320496 0.0520810092039 0.0521857864206 0.0527976709604 0.0515435549419 0.0521332651487 0.0521427660327 0.0525453742234 0.0516073665875 0.0521366532349 0.0521479362748 0.0523564452649 0.0515933920804 0.0519027118642
17 64 2 HE -0.5 -5.4567682618 -3.50459698548 -30.2065223895 -0.5 -1.95937442723 1.58184713011 -23.4322480788 -0.5 -3.04397290679 -0.90797012859 -34.8081315146 -0.5 -4.35093932946 -4.45966931104 -13.0218894519 0.0514748290912 0.0514474852933 0.0518483516466 0.0522127109755 0.0514557183593 0.0513181968179 0.0516756821402 0.0518944010654 0.0513428552914 0.05105826007 0.0517377901701 0.0518561678794 0.0513355835319 0.0510529502088 0.0518005284813 0.0518457181142
16 64 4 HE -0.5 -0.423004048281 -0.557704972541 -0.344136927505 -0.5 1.27163572514 5.71358167825 19.2363906755 -0.5 -1.09446907856 3.13174342897 -14.4300882219 -0.5 0.320365681373 5.94019336228 45.1806549153 0.0519571443461 0.0523039712323 0.0513272667072 0.0509430477092 0.0517491685046 0.0521577670209 0.0511001006855 0.0505744064675 0.0518165326866 0.0520795224667 0.0509770044318 0.0507072330589 0.0517781809437 0.0520312302668 0.0510771034049 0.0504184682549
27 63 2 HE -0.5 1.40370443398 7.67244832801 22.7655180092 -0.5 -2.21905469726 8.29230598179 43.864156351 -0.5 -2.71821638036 9.93624378791 78.5252615875 -0.5 -1.1791287831 8.66363403827 79.3588281137 0.0514337625772 0.0518232971931 0.0514707187428 0.0497882661155 0.0513379434434 0.0520176300769 0.0515369294697 0.0499085265186 0.051386063691 0.0519230078846 0.0512126722868 0.0491663445213 0.05132260807 0.0519682498249 0.0511571615741 0.0491597106281
19 64 2 HE -0.5 0.536092251595 2.719482638 -46.1939518189 -0.5 2.59484480355 9.38118059044 -2.94062642521 -0.5 3.19979938343 9.53677164912 -16.1531454999 -0.5 3.68601397761 9.4681005968 -4.22299956433 0.0520844833897 0.0534485846086 0.0522975157517 0.0535703273707 0.0520896647374 0.0533211124083 0.0519015795931 0.0534125623912 0.0519154534139 0.0530731494802 0.0519599299134 0.0532180155994 0.0520450946512 0.0531034354852 0.0518121583567 0.0533500281921
20 64 3 HE -0.5 1.03525988008 1.39831790472 4.12781501433 -0.5 2.86253315446 7.3490906356 -21.8445063151 -0.5 3.56032268744 6.47931119396 -22.2815260704 -0.5 -1.11037822535 3.36726705927 25.7580711337 0.0521888998384 0.0531018489946 0.0530637576214 0.0518883900042 0.0520176374959 0.0530073040282 0.0526895068279 0.051842032405 0.0521111339089 0.0527876354646 0.0525604355112 0.0518057017062 0.051998523699 0.0529143862452 0.0525535479698 0.0515872587088
21 63 3 HE -0.5 3.60558088182 3.13111628922 4.10353491862 -0.5 -3.34887979332 6.79247781185 24.1821002803 -0.5 0.847776730239 4.1062948886 -4.38720734508 -0.5 -3.67611216937 12.0251059905 -11.0568767544 0.0525193055028 0.0531222519508 0.0538523387281 0.0542158123291 0.052513019594 0.0533422855231 0.0535758334954 0.0541745765834 0.0524036666478 0.0531704308442 0.0536338591527 0.0542002240364 0.052447673927 0.0532273229878 0.053443310672 0.0542410942011
23 63 3 HE -0.5 -5.00374615115 -3.63514873796 6.45076322028 -0.5 -4.0344210532 5.01596478149 -44.0132922834 -0.5 2.24905038293 -0.085689932265 -24.998456294 -0.5 -5.79641339583 0.86373205233 -28.4711455111 0.0527688131462 0.0531161265611 0.0526441419997 0.0538251029658 0.0527294027718 0.0530500188519 0.0523548753013 0.0537085693488 0.0526231651902 0.052843236551 0.0522410530662 0.0538932731775 0.052671082804 0.053049005215 0.0521637509288 0.053812232942
23 63 2 HE -0.5 -4.86854821185 1.66180321177 -56.6017144202 -0.5 1.77068010044 5.40063876501 -3.31436561809 -0.5 -4.3876991153 4.52843076394 -3.37979167817 -0.5 -1.73747282206 3.5757868581 30.5371550263 0.0519363007122 0.0526427450564 0.052662108958 0.0519073569029 0.0519667351338 0.0524732503299 0.052396554816 0.0516907527401 0.0518750591735 0.0526190322328 0.0524114900406 0.0516894128691 0.0518841725658 0.052543877893 0.0524267517166 0.051314611874
25 63 2 HE -0.5 -3.53235676377 1.26992720334 14.2276990086 -0.5 -3.11078863432 7.58813078104 32.1330945864 -0.5 -5.73984625472 5.09488906802 37.6837523625 -0.5 -4.49713892633 2.48626724821 29.7215272109 0.0521719883341 0.0533108787392 0.0539899392968 0.052701189445 0.0521326519903 0.0531894986863 0.0537079439806 0.0526581020973 0.0520100920854 0.0531874439718 0.053692398605 0.052270763154 0.0520382643237 0.0531986681628 0.0537263194044 0.0523229034793
19 65 2 HE -0.5 -10.122848017 0.792713410712 -56.9340469156 -0.5 -4.02174399908 1.84846026744 -26.0801745041 -0.5 -7.11864975462 3.79907953642 7.1329013678 -0.5 -8.40176426648 3.04940164136 24.4602363233 0.0502805225311 0.0507693956543 0.050331173725 0.049982912427 0.0502756802961 0.0508172371977 0.0501466276555 0.0499667220058 0.0502607509161 0.0509487347855 0.0499616553752 0.0496212054162 0.050213554154 0.0506607683786 0.050053763817 0.0493726160312
20 65 3 HE -0.5 -5.55856850727 0.238359072035 14.8599392508 -0.5 -3.70702698958 9.64958016627 4.69581187249 -0.5 -6.29500135986 9.67357663906 42.3739078574 -0.5 -11.6945898964 4.52173471592 7.74326801693 0.0521491831607 0.0528571963716 0.0528900048699 0.0518244754678 0.0522020770058 0.0527843733593 0.0526460192219 0.051979356208 0.0519761882091 0.0526246695729 0.0525808896691 0.05180103876 0.0519166425186 0.053023212541 0.0526744088302 0.0516495550522
21 65 3 HE -0.5 -9.83056009262 -4.2969287379 -47.3705048761 -0.5 -4.10871508793 0.535651693794 -95.1166315008 -0.5 -5.11454217283 -3.78316742601 -52.0077931695 -0.5 -2.03134616841 -0.501734493454 -124.566839015 0.0496924493623 0.0506342099143 0.0504817111902 0.0502382353489 0.049648438422 0.0506092073249 0.0502401047054 0.0506694752034 0.0495469722271 0.0504356420061 0.0502143365798 0.05049304779 0.0495941851832 0.0503270349397 0.0501679518105 0.0507085078534
23 65 3 HE -0.5 -5.6388758858 4.68631060626 -15.2173149629 -0.5 -5.08030485452 3.34528045834 -51.9607936182 -0.5 -3.27631153257 5.45386759365 -38.3654406463 -0.5 -5.89213345304 7.85280266799 -65.6130589385 0.0510879609357 0.0520363745985 0.0516273504261 0.0524808709214 0.0512495536887 0.051922688242 0.0515948155665 0.0526978488879 0.0508254287842 0.0518493905917 0.0515226158655 0.052408073752 0.0510663528653 0.0517693560899 0.0514719996883 0.0525640286908
23 65 2 HE -0.5 -9.14963023581 1.95502282538 0.908665296099 -0.5 -10.6303715506 2.45076572452 -62.6919732697 -0.5 -8.83700943634 4.12137516642 -92.9402599648 -0.5 -13.3140072536 0.0322052510401 -50.6912218469 0.0511142180903 0.0519090650521 0.0512856221194 0.0533973733427 0.0509892430596 0.0520007375271 0.0510092478884 0.0536699824954 0.0510010968032 0.0517829367579 0.0510079679979 0.0537169502534 0.0508397920723 0.052054457986 0.0509843968221 0.0535963586965
25 65 2 HE -0.5 0.619203288557 1.40617304429 33.4110090944 -0.5 3.87113495816 3.66676985208 30.3139985564 -0.5 1.34706224226 1.51147973494 16.0189647559 -0.5 -1.19146829769 0.539363176336 40.98222787 0.0512719814612 0.0526759900635 0.0512973213244 0.0514513384787 0.0512644523529 0.0526244080159 0.0512193508297 0.0515983511734 0.0511664453641 0.0525452735682 0.0511862155864 0.0515631677211 0.0512462957037 0.052638525573 0.0511671419605 0.0510835386056
27 65 1 HE -0.5 1.84116908683 1.44933114649 -23.2536291943 -0.5 2.13985094592 3.03520092842 27.5593089563 -0.5 -2.59218355764 -0.167610717578 46.9694110568 -0.5 -2.49645050359 1.06578206409 11.283072986 0.0522442058212 0.0537695323793 0.051797384969 0.0530365506384 0.0521688415962 0.0535267844143 0.0516383336286 0.0525335798208 0.0520272026084 0.0536069897275 0.0514393137819 0.0523399677912 0.0520665570663 0.0535709004697 0.0514060749696 0.052526110153
18 65 2 HE -0.5 -2.44123665635 7.74223195761 8.33336465807 -0.5 0.540628058014 2.90451765147 -27.0148808291 -0.5 -3.42882211219 3.43598034095 -59.9753605188 -0.5 -6.22824727772 -2.91442660794 -11.374715064 0.0525984943739 0.0530388547755 0.0529866659454 0.0525592502804 0.0524365292795 0.0528895780339 0.0529226555597 0.0528072239811 0.0522234548248 0.0529825620707 0.0528855412251 0.053012184123 0.052328842941 0.0528521410191 0.0530255000158 0.0526542699873
17 65 2 HE -0.5 -3.2283374694 0.35392959104 1.61152221641 -0.5 -5.25536487711 3.50516736555 46.637958851 -0.5 -6.27518771754 2.16317777471 -32.1494430737 -0.5 -6.17099312899 0.965086667021 -0.108599767154 0.0506239191462 0.0506496145543 0.0517664010147 0.0502366811606 0.0505066049561 0.0505611465579 0.0514870226606 0.0499958662069 0.0504168765583 0.0505239663997 0.0514761672107 0.0502034609408 0.0503672298509 0.05049633317 0.0514777786831 0.0501462757982
16 65 4 HE -0.5 -1.03835741282 0.733876639478 -47.2799791227 -0.5 -1.28746304471 4.91993070188 13.8642566815 -0.5 -0.253588656574 3.04843355028 17.7972436925 -0.5 -6.57086900444 2.65695810823 -47.7528494865 0.0529054187786 0.0534108510528 0.0523136896843 0.0529831437731 0.0526733370142 0.0533477861536 0.052108231456 0.052634632445 0.052571928823 0.0530600166151 0.0520610888104 0.0525596821793 0.0526536379901 0.0532556193101 0.052062593366 0.0525752062909
27 65 2 HE -0.5 -5.44285892629 2.75394686841 -6.94790294476 -0.5 -6.91505294897 7.39113913601 -1.33752357698 -0.5 -4.51535802951 1.99677230591 -37.4683425144 -0.5 -6.80328588716 4.45078306614 -24.4882330596 0.051062235099 0.0517162708143 0.0518844309583 0.0503503012937 0.050985328705 0.0519439971223 0.0516252545812 0.0501859337187 0.0509543674464 0.0517291845269 0.0517119802933 0.0504452599705 0.0509233150902 0.0517593688255 0.0516587013565 0.0503188756119
23 65 6 HE -0.5 -2.15902972521 -1.97184278601 -3.80317429869 -0.5 -3.91828274328 -0.242767868413 61.7590194749 -0.5 -4.41510574794 0.155566170592 0.796125754358 -0.5 -0.303359761615 -2.30197845364 -19.7314460687 0.0512076415288 0.0524796711451 0.0507869287134 0.0508287040975 0.0511403136712 0.0525842015292 0.0507005961246 0.0504163510059 0.0511802024837 0.0525353035497 0.0505729011355 0.0506230283759 0.0511541900489 0.0522660206585 0.0506271271933 0.0508277735736
23 65 5 HE -0.5 3.23052129094 8.21366802596 46.6717684058 -0.5 1.03397319368 5.98143705098 82.5001773125 -0.5 2.86184632685 3.47380667161 30.7037589094 -0.5 0.238136025475 5.57811420388 51.6963197371 0.0526232667419 0.0537748907243 0.0518327348908 0.0520875792813 0.0525930409022 0.0539105653717 0.0518385646611 0.0520658507019 0.0524174118745 0.0537362487835 0.0516837236962 0.0521237789683 0.0522827813584 0.0537735294973 0.0516920620844 0.0521323456518
25 65 5 HE -0.5 -0.257059033704 2.71839178213 42.333117948 -0.5 0.329590823322 4.27534842053 47.0152682305 -0.5 -2.03565909428 6.5265678993 67.0464075448 -0.5 1.76400147654 6.18166310933 13.5575071369 0.0520253337715 0.0525614867459 0.05265359508 0.0516986292194 0.0520840420247 0.0525342912797 0.0526060783173 0.0513850716009 0.052069573457 0.0526249016333 0.0523614972788 0.0512510020107 0.0518569793816 0.0524092849664 0.0522792650785 0.0515148799714
25 65 6 HE -0.5 0.252422728541 0.801531768458 2.36793618708 -0.5 -3.38830140029 1.51880165278 -19.7183197346 -0.5 -1.23048954764 3.73778837057 2.18965104681 -0.5 -0.667073971711 5.55820319473 -8.8305221341 0.0525410413444 0.0529273178133 0.0524752600303 0.0542772646263 0.0525699489945 0.0530238232957 0.0523432397615 0.0546128149331 0.0524919755365 0.052852694226 0.0522761605381 0.0541027000095 0.0523935281589 0.0528691072586 0.0521474101104 0.0541099137237
19 65 3 HE -0.5 -3.16077636738 -2.69251882796 -0.521274282189 -0.5 -2.96638502735 3.13789714103 -0.290812737289 -0.5 -1.25338167661 0.884504493838 -27.1898565675 -0.5 -4.59432498454 -0.349381767977 -11.8219438149 0.0518809809374 0.053415664701 0.0520864497679 0.0525193783923 0.0518280585378 0.053320353725 0.0519908428836 0.0525787236439 0.0518737359104 0.0532587609283 0.0519972270199 0.0524073585082 0.0516098224109 0.0532758621931 0.0518308925126 0.052300297704
25 65 3 HE -0.5 3.20355687576 5.5819827058 7.30625108092 -0.5 4.4060319777 2.78997310424 46.464817766 -0.5 4.65464822227 1.58056812072 -2.17183119616 -0.5 -2.10012271062 3.652033947 -9.01559071722 0.0525355551007 0.0531888379552 0.0535714177704 0.0528096047115 0.0526424296196 0.0532105509325 0.0535398500132 0.0526680775125 0.0525261119686 0.0529839014292 0.0534743478215 0.0526421408121 0.0524851050733 0.053227366799 0.0535012342283 0.0526303003303
27 65 5 HE -0.5 -1.65782770794 4.79950835467 32.8098350016 -0.5 -1.79603023397 7.30257157815 34.1658015327 -0.5 3.21717129825 10.6833125811 31.2349826057 -0.5 -2.35340361546 8.83329114813 77.9788919707 0.0512267272324 0.0523036311768 0.0526113159674 0.052310633996 0.051485794811 0.0523996050251 0.0523779075272 0.0520667145693 0.0513822181988 0.0520095591989 0.0520904050887 0.0520399406166 0.0513487608527 0.0520547313334 0.0521249290326 0.0518008269586
27 65 3 HE -0.5 -4.9012657582 -0.0245979760548 25.4344399104 -0.5 -8.46958551323 5.42604788185 59.2079695061 -0.5 -5.14125964171 3.80928951867 41.5638426832 -0.5 -8.15711249348 4.64503060323 46.262111836 0.0519801798813 0.0526719135872 0.0531783183001 0.0520615446345 0.0518739034683 0.0526787007618 0.0530324366674 0.0517565312988 0.0518973252856 0.0525492802294 0.0528538649936 0.0517299278275 0.0517372247341 0.0526430549609 0.05282714235 0.0516659447462
27 65 7 HE -0.5 -0.472430372605 0.244167226137 -2.86961329856 -0.5 -1.39972348363 3.99694186949 -31.8971890317 -0.5 -2.59668134765 3.19290280619 -22.2892169437 -0.5 -1.10615434413 5.55319129446 -21.6966612686 0.0532275203678 0.054534949752 0.0537618304491 0.0532367748544 0.0535523533424 0.0546280414231 0.0535311692588 0.0534004811602 0.053122316712 0.0545060097589 0.0534153083026 0.0534101442076 0.0531992417847 0.0545862193881 0.0533178141687 0.0533313181356
29 65 3 HE -0.5 -1.23115779496 0.71698455002 27.3270553801 -0.5 -3.90048289191 4.22352501467 36.6897781794 -0.5 -4.18990663386 1.66562233418 11.7909601611 -0.5 -3.60123682485 5.6795110026 4.4888561327 0.053082921378 0.0532906197263 0.0538199006705 0.0525356915592 0.0530192605 0.0532841850816 0.0534754786261 0.0525530070796 0.0530144273462 0.0532860786538 0.0537663818019 0.0524321615652 0.0529499725089 0.0532594011866 0.0535020949924 0.0525076536542
27 65 6 HE -0.5 -6.39682637233 -1.40022956243 -21.4429716758 -0.5 -9.55713192737 -0.833931395909 26.174888007 -0.5 -7.60533315918 0.346211962162 36.3371449956 -0.5 -8.71456918051 4.47750170612 46.9398486594 0.0519608620262 0.0520312916442 0.0524571941559 0.0510786651626 0.0519958676416 0.0520330865734 0.0522511348662 0.0504425945424 0.0519224022325 0.0518814999727 0.0521804854011 0.0503710180866 0.0519104773162 0.0518171478795 0.0520500981962 0.0502965575457
19 65 5 HE -0.5 -5.48686822071 7.54951478038 -27.4047367137 -0.5 -4.39309077129 2.09259878396 -39.8120338353 -0.5 -4.60130645161 3.51073690883 7.21038018355 -0.5 -4.94157512405 0.694108106727 26.3289559164 0.0509042229767 0.0509391201964 0.0496863160021 0.0497805333713 0.0509167569767 0.0508592840157 0.0496760200927 0.0499231127983 0.0508193385843 0.0508493415346 0.0496341824467 0.0498339951661 0.0506490094476 0.0508396437815 0.0496065011028 0.049584505531
25 65 4 HE -0.5 -2.10877403383 4.18426841094 27.4987758572 -0.5 -1.25391465923 0.339196177403 52.9496901826 -0.5 -5.02352760865 0.941224197657 54.5482961041 -0.5 -3.58173733292 0.77443172572 32.232214788 0.0521577248874 0.0523223879465 0.0525396047838 0.0522558923362 0.0519786584247 0.0522226855599 0.0526585422647 0.0520774123974 0.0519872428469 0.0521816365323 0.052444939706 0.0520479886911 0.0518596324256 0.052186399852 0.0524861552035 0.0519632298697
20 65 6 HE -0.5 -0.0954238261625 2.14070495651 23.0771961715 -0.5 -2.08813367545 7.29649782339 65.5779212233 -0.5 -3.1194640766 4.58890427341 60.7785174211 -0.5 1.9896456307 6.93029769634 50.1810109352 0.0505009278191 0.0507440263297 0.0502073506491 0.0501896484999 0.0505180135545 0.0506089907327 0.0499498100857 0.0499753962276 0.0504452625157 0.0506521079853 0.0499400780935 0.0497435501658 0.0505028942641 0.0504951837607 0.0497704389734 0.0498055027965
20 65 5 HE -0.5 -1.5022510948 1.35230184255 45.5013635945 -0.5 -2.04054439433 4.96664648677 42.4514296835 -0.5 -0.990439677781 5.72515156167 28.0521724405 -0.5 0.036437212652 6.11911623002 60.3605253343 0.0512412113999 0.0514859213897 0.0509990536453 0.0523131348704 0.0511640324525 0.0515804243223 0.0508966359152 0.0524050755529 0.0512296098154 0.0512684873829 0.0508785528961 0.0522871972107 0.0511353302076 0.051364053762 0.0507173605246 0.0521483945459
21 65 5 HE -0.5 -4.53454539563 -1.04867794719 17.6726468633 -0.5 -4.89514805625 1.50157321079 -13.8949256992 -0.5 -3.79845476668 1.75505474794 0.0544536859146 -0.5 -1.2967642305 -1.13191781332 23.1074420779 0.0507751545435 0.052072302442 0.051476791266 0.0505706427095 0.0505655056785 0.0520759636531 0.0514880419182 0.0505641934989 0.0505260352256 0.051908605235 0.0512320819585 0.0504145229926 0.0504517311544 0.0518335613244 0.0512559246083 0.0507024360525
21 65 6 HE -0.5 -6.10449127631 0.0986174652971 -29.8811929731 -0.5 -0.511822534221 -2.3198779695 -15.2938695494 -0.5 -8.26044627914 -0.347802694815 -53.4830256651 -0.5 -3.92436812186 -1.47743012851 -16.67360369 0.0520514553826 0.0528458419387 0.0525300099979 0.0534490912817 0.0519809849209 0.0526995631735 0.0524826195509 0.0533733000998 0.0518249406362 0.0528717627225 0.052320777119 0.0534995152491 0.0519747230717 0.0527768843582 0.0523923721644 0.0531540731204
18 65 3 HE -0.5 1.81118932899 1.94565109163 27.1390300282 -0.5 -1.07494834779 1.07057997629 -7.84995476404 -0.5 3.53683095606 6.76122126881 7.64569546428 -0.5 -2.20242897651 9.63402980914 8.59956268046 0.0525162210362 0.0533040573283 0.0537268483109 0.0523837564539 0.052454555908 0.0532719822774 0.053726951898 0.0525908295577 0.0523359147418 0.0530912898452 0.0534405543887 0.0524628490088 0.05241177232 0.0532358902887 0.0532507171801 0.0522664703097
27 65 4 HE -0.5 1.04019589195 1.62987881407 -4.97331519789 -0.5 6.32113542338 7.9047463874 59.662981052 -0.5 4.77954784378 7.23402613303 83.9469473286 -0.5 7.37642829288 8.55601675658 30.1231331244 0.0518527920626 0.053077540242 0.0520605376958 0.0515183621145 0.0516540420159 0.0530507865264 0.0518968753879 0.0509778988929 0.0516454306179 0.0528275822945 0.0516939077419 0.0507371479624 0.0514786892484 0.0527209304147 0.0516579285549 0.0509558461714
17 65 3 HE -0.5 -2.2796108772 4.64735379227 -29.3858475237 -0.5 3.57565949096 4.70780195339 -14.7997294452 -0.5 -1.08639294216 6.35910222351 15.2637849352 -0.5 -0.322269039479 4.61910077134 -7.22537885579 0.0527472757776 0.0537026259539 0.0531754458785 0.0540006357378 0.0526462093 0.0535519152939 0.0529143069633 0.0538159499736 0.0526218210359 0.0534809380146 0.0528721351785 0.0534968547229 0.0525856308222 0.0533177216164 0.0528238635839 0.0536807409503
18 65 5 HE -0.5 -6.39983616175 -3.83617748146 -25.3186591707 -0.5 -5.32738048332 0.208849652119 6.70117319752 -0.5 -10.3645465957 2.4496316404 28.6273638347 -0.5 -8.05804142922 5.2025435766 41.2091168345 0.0520957230507 0.052203230895 0.0523259134119 0.052994673882 0.0520637743266 0.0521209001262 0.0522883008993 0.0528113876756 0.0519512775078 0.0522169621146 0.0520053150927 0.0522921515195 0.0520439950141 0.0520754133388 0.0519443064873 0.0524389519654
18 65 1 HE -0.5 -0.635518656032 2.23887989149 24.353679525 -0.5 2.08577135942 4.13911062544 32.6496059277 -0.5 -2.68574437736 2.54613266105 21.7171458176 -0.5 -1.36434693227 -1.4451598626 37.9401249797 0.0514624312572 0.0524989987989 0.0512280130389 0.0518875564828 0.0513775284337 0.0523417123088 0.0511409584363 0.0518498691233 0.051266512961 0.0523849475696 0.0509358341147 0.0518243007499 0.0511885631254 0.0523831610887 0.0509400798612 0.0514972291657
18 65 4 HE -0.5 -1.73929578834 4.84833375011 66.5038675576 -0.5 2.99524033602 8.81370730847 19.6604113655 -0.5 2.71699124188 3.40461954435 4.61083485345 -0.5 -0.623229538016 4.64066661895 77.3847330345 0.0524014450856 0.0527729819217 0.0534152266279 0.0518420452385 0.0523173374613 0.0524430055222 0.0533321753337 0.0517169942701 0.052285048825 0.0524302578263 0.053357948072 0.0518222883058 0.0520690903602 0.0524037485828 0.0532585858691 0.0513324744802
19 65 1 HE -0.5 -0.690205562198 -1.48377894994 -37.5034773672 -0.5 2.76308893537 4.24664851475 -73.9257002089 -0.5 4.45983595787 3.47185711647 -17.9649136942 -0.5 0.77976645153 2.43098906845 -18.8016929407 0.0518045516612 0.0525173509801 0.0504347428141 0.0525730475545 0.0517541014714 0.052426242678 0.0501941123628 0.0526375103692 0.0516516046574 0.0523444400612 0.0501370780525 0.0524254150311 0.0517194297947 0.0524816037638 0.0501270684369 0.0523472193953
20 65 1 HE -0.5 -6.16242320986 4.45310495657 -8.76551658807 -0.5 -0.939869178427 3.34136150733 -24.3589903128 -0.5 -4.81442969151 5.04613133926 -18.0562465112 -0.5 -4.81002158777 3.76054045165 -11.8074143133 0.0522943946643 0.0526144544741 0.0520197005474 0.052397926462 0.0521676901488 0.0525310865575 0.051740195473 0.0525906311125 0.0520940767849 0.0525597931191 0.0517014661841 0.0523395667269 0.0519985514558 0.0524062463377 0.0517260277181 0.0526017322393
21 65 1 HE -0.5 -2.15375860912 2.98130126764 31.108129222 -0.5 2.40005535878 3.91804357699 55.4830862487 -0.5 2.43418351427 12.2223034848 36.2461832323 -0.5 3.74892563049 10.0132129688 56.515464703 0.0530348619046 0.0534928359932 0.0532007176693 0.0539300738197 0.0529978218095 0.0532502595533 0.0528821219642 0.0537160701022 0.0527204993997 0.0529826650164 0.0527132348925 0.0537679018831 0.0530230732731 0.0532263528872 0.0527275691495 0.0535208402159
23 65 1 HE -0.5 -0.102605670234 3.06560910899 -7.98916826914 -0.5 1.22739975797 2.46584722927 17.3081202458 -0.5 0.047855512736 4.47673058091 56.8813389543 -0.5 -1.47685829842 6.5697476467 47.5689668263 0.0525920245382 0.0544235101642 0.0528070775144 0.0536213544295 0.0524631265782 0.0543583503212 0.052588155756 0.0533284826095 0.0523370212836 0.0543851092501 0.0524689976011 0.0531317913144 0.0522406705186 0.0542946513832 0.0525373873026 0.0531722826788
19 65 4 HE -0.5 -0.0148369256411 4.85578060966 4.14799415123 -0.5 0.869417617843 9.40952019565 17.7936202457 -0.5 3.44181081506 2.88798774942 27.3450436313 -0.5 1.54947289476 3.4926195239 34.5811466802 0.0520408374348 0.0534516437039 0.0532899249632 0.0525989105859 0.052004707631 0.0534942026009 0.0531930893314 0.0523543299959 0.0518772043252 0.0533104183572 0.053263934356 0.0522085434892 0.0518756012274 0.0534305091499 0.0532385451233 0.0521226910767
25 65 1 HE -0.5 -2.65060722676 -0.157511146766 -1.35894391652 -0.5 -1.95488055445 -0.561775076656 -13.9936604792 -0.5 0.0736582770904 -3.3293703967 -12.3526866349 -0.5 -1.93054870724 -0.049446587104 -17.6105228993 0.0529592607105 0.0547800698741 0.0547784845538 0.0532689585334 0.0528153458443 0.0545561059032 0.0545012949404 0.0532979946154 0.0527489035153 0.0544524472851 0.0547881997105 0.0533518999436 0.0528213206083 0.054569503719 0.0547445899229 0.0532711235833
19 65 6 HE -0.5 -3.68579215891 -1.54422707019 -22.8208239308 -0.5 -5.63577946016 0.815800816303 -9.14757184434 -0.5 -4.60569107864 1.55434278716 0.937039980633 -0.5 -7.82411160797 0.0395745354656 -6.95243247583 0.052223511923 0.0537673615609 0.0535952811536 0.0522564817032 0.0521146088865 0.053527156562 0.0533349162052 0.0521779192896 0.0520227534449 0.0535748000239 0.0532686085701 0.0520572279171 0.0519122460957 0.0535981504296 0.0532079015346 0.0520592517609
23 65 4 HE -0.5 -3.20175165088 4.42906170126 4.33774946372 -0.5 -1.99208663279 7.02135964662 39.6653485035 -0.5 -8.47545975008 5.51766665268 99.2639821353 -0.5 -4.3393813354 7.09667889556 92.2700202893 0.0523999463225 0.0531085331022 0.0538219461653 0.0525665513689 0.0525922101999 0.0531604475312 0.0535683823949 0.0525554348018 0.0523432025999 0.0530708606164 0.053582870059 0.0517919302586 0.0524272282538 0.0531909034965 0.0535488658243 0.0516210688938
21 65 2 HE -0.5 -3.69686963982 0.889512651912 -3.99368658696 -0.5 -0.456072093858 2.28629025293 56.887666483 -0.5 -3.92929004029 2.81461078956 22.1140451982 -0.5 -3.44913185442 2.75860822405 33.3127318501 0.0521785231672 0.0526345918141 0.0531696681125 0.0523281958883 0.0522971595807 0.0525433962838 0.0530737506372 0.0520736777609 0.0521872485595 0.0524897558651 0.052930834378 0.0521471571453 0.0521816466418 0.0524568296017 0.0529262082301 0.0522264221421
20 65 2 HE -0.5 4.7831607136 5.81901236683 -36.0764835957 -0.5 1.48798398705 10.453385747 2.66370480805 -0.5 0.920278660463 9.8808793492 -29.1949937073 -0.5 -2.79886987202 8.18984220433 -3.18148634613 0.0525843059232 0.0529257387185 0.0533885847519 0.0519099492982 0.0526923504402 0.0529939885053 0.0530404346571 0.051847658435 0.0525181425565 0.0529655923548 0.0529961837176 0.0515891069299 0.0525401647009 0.052882963916 0.0530220784418 0.0516472681736
21 65 4 HE -0.5 -2.54146670774 2.13862855512 -18.3766449149 -0.5 3.02302180922 5.41934512855 -40.7707146434 -0.5 -1.30727034058 4.01376527328 -7.03568316561 -0.5 -1.45857780348 4.30806736145 -17.5582588906 0.0530839679358 0.0547866274416 0.0538832340606 0.0537136328872 0.0529659648836 0.0545477284903 0.0534342471569 0.0539422642518 0.0529089883048 0.0544407400903 0.0534513947411 0.0536430409565 0.0527730509912 0.0546011841105 0.0534420459699 0.0537797132484
20 65 4 HE -0.5 -5.85342793301 4.74542461087 32.1617327512 -0.5 -5.12760896577 10.2182563692 24.776994865 -0.5 -3.10430124406 10.2585662044 49.0376910705 -0.5 -1.29662746152 6.84084595839 54.5330492363 0.0527501700646 0.0526426381067 0.0536398830207 0.0523057863724 0.052632043619 0.0525795465642 0.0533174926132 0.0521845147841 0.052237059259 0.0524210627548 0.0533054223813 0.052190708133 0.0521427657576 0.0523869996186 0.0532912937688 0.0518774260078
19 66 5 HE -0.5 0.714765229325 1.83575352404 -3.44384687111 -0.5 2.79066048053 2.70094767797 -37.4469993369 -0.5 -0.387235238506 1.37734696732 -4.1956571845 -0.5 -1.54272572312 4.44575425336 -35.7015638618 0.0514932299959 0.0529386363936 0.0525464590803 0.0529843668391 0.0515661761125 0.052833602431 0.0523194782945 0.052853789406 0.0513626477624 0.0528662748813 0.0523389758668 0.0526962827309 0.0514384310959 0.0528774431583 0.0522019777471 0.052777409113
19 66 6 HE -0.5 -3.76844141088 0.628610501112 -25.915621534 -0.5 0.162181795552 6.0215332828 -18.5219525103 -0.5 1.42117252739 6.54417196008 -13.3591790982 -0.5 -3.12975034491 3.14183785814 2.56820011684 0.0522486010518 0.0530729971629 0.0535468959221 0.0530399328697 0.0522775590943 0.0529781504282 0.0531831249306 0.0529002072583 0.0522588532199 0.0528662967493 0.0530673945294 0.0528702051804 0.0521408976297 0.0530186574364 0.0531350378081 0.0527940066659
22 65 2 HE -0.5 -1.56864899986 5.4336335683 39.5919033965 -0.5 0.691095749174 3.80958596761 73.5952979205 -0.5 -1.69499925687 7.28056575993 45.6514113495 -0.5 -2.56581448495 7.07243917438 58.3522745854 0.0519098309071 0.0527567571004 0.0525947381182 0.0531620785823 0.0517473144018 0.0526020801459 0.0523730593375 0.05310593774 0.0515414096401 0.0525722299847 0.0522223658707 0.0531768632397 0.0517214963227 0.0525522634762 0.0522293968252 0.0528500195884
20 66 2 HE -0.5 1.63309900246 2.92102743316 -49.7707091596 -0.5 0.786736518519 10.6980382142 73.401750495 -0.5 2.11540473783 5.11735042294 56.2200165815 -0.5 0.748757423117 2.87708424496 23.84531313 0.052395088716 0.0541762533728 0.0534155633719 0.0536668050021 0.0524344890808 0.054022115948 0.0528496088251 0.0530245778171 0.0524746986512 0.0539823864347 0.0529036764606 0.0529718326305 0.0522312852538 0.0539613627318 0.0529272782748 0.0530105659876
22 65 4 HE -0.5 -4.696437845 3.70619282646 -38.1134414275 -0.5 -1.67604289789 8.51715389807 35.1164085311 -0.5 -3.82174363129 4.06418433357 -13.4451575242 -0.5 0.731445389694 5.17813829041 22.2918793367 0.0524843186269 0.052994802582 0.0525529070744 0.0518350137755 0.0523504877373 0.0528890077339 0.0521542738 0.0512829623096 0.0522180053661 0.0528531399702 0.0522207259841 0.0513924411607 0.052236899082 0.0527135165043 0.0521915589769 0.0510427272047
20 66 4 HE -0.5 1.45862666029 6.16147745285 63.3977404968 -0.5 1.69542980414 2.28923615264 15.16013409 -0.5 4.22524012183 2.26522444048 30.0706505295 -0.5 4.07647764176 5.77880655333 -8.89200099808 0.0523010779639 0.0541767062386 0.0530075176296 0.0537982616198 0.0522010175129 0.054200182647 0.0529767025908 0.0537858849605 0.0519754997914 0.0538697876987 0.0529727709281 0.0538221619322 0.0519103598366 0.053851523788 0.0528792890161 0.0537820252818
19 66 1 HE -0.5 2.52422329933 2.83144684142 -36.8568295557 -0.5 5.91809959729 2.72614495422 -18.5025825679 -0.5 6.15900666521 2.30411533974 -35.4074653797 -0.5 2.30026376154 2.93422163825 13.3498354457 0.052890379049 0.0533861015279 0.0531621588885 0.054451780516 0.0527082030681 0.0531833625733 0.0531630302709 0.0543385555901 0.0526734433923 0.0529661819839 0.0529710994115 0.0542563022838 0.0527282796668 0.0530861316916 0.0529523983013 0.0541724420883
20 66 1 HE -0.5 1.78950886639 4.29682792781 62.2947807536 -0.5 6.9620737841 6.69039561045 27.8354294549 -0.5 1.88865169008 6.52975740226 32.2983049674 -0.5 2.36895176299 6.03085500761 45.5720769999 0.052853993909 0.0537634963667 0.0538618751087 0.0534236576822 0.0527781947498 0.0533375550099 0.0537640263619 0.0534121194753 0.0527157942806 0.0534917521299 0.0536986912014 0.0536784455732 0.0527050410602 0.0534537368841 0.0535553277983 0.0531252592009
22 65 1 HE -0.5 0.863771593371 4.24177130007 17.911126467 -0.5 1.57092305029 3.31306602341 -3.96387296686 -0.5 2.41294391277 5.24782963638 -16.9090525846 -0.5 -0.640161716727 4.75990474148 7.04872862233 0.0536530293858 0.0543322404193 0.0532303251147 0.0548793451042 0.0535452767172 0.0543604982034 0.0530507464576 0.05507962096 0.0535400346825 0.0541639363717 0.0526767408623 0.054777286412 0.053373373424 0.0541874842141 0.0526619635459 0.0547556296743
24 65 1 HE -0.5 -0.932735446511 2.61375363863 24.7092470506 -0.5 3.19428158701 3.96609994521 33.2777833539 -0.5 4.94995323465 7.41723476877 24.0983157077 -0.5 3.48202808661 7.73989508684 59.4500758732 0.0527543788206 0.0536043383116 0.0536492551061 0.0521582038796 0.0527097387893 0.0532344469018 0.0534653186327 0.0519685053114 0.0526768716599 0.053190907329 0.0534684553773 0.0518542786687 0.0525696896067 0.0529542923949 0.0533443271093 0.0518993444563
19 66 4 HE -0.5 0.781069732118 6.10364447926 43.5915807044 -0.5 2.22185808462 8.78668322051 64.1849864764 -0.5 -4.44189886693 5.88008135931 69.9419819254 -0.5 -4.46722469773 6.31123702401 28.8148406617 0.0527148289508 0.0523895367809 0.0521912922069 0.053188433645 0.0526382875592 0.0522010736947 0.0521394694697 0.0529397594242 0.0525302013532 0.0523422085538 0.0520561092903 0.0529342975748 0.0525788541315 0.0523386356927 0.0520450743552 0.0531448904543
26 65 1 HE -0.5 -4.47817809113 2.57612472755 17.8512469192 -0.5 -3.48547036911 1.83324421577 22.3323835077 -0.5 -5.56985584336 0.787873481125 84.0973014712 -0.5 -0.491026609045 1.7135969141 15.9869855854 0.0528985995368 0.052517298082 0.0526920973552 0.051254445455 0.0527518574359 0.0525322729715 0.0526161615951 0.0510247898071 0.0526084554299 0.0524935129121 0.0525509725202 0.0505873234727 0.0526082036794 0.0524324484143 0.0524742111952 0.0510672766969
24 65 6 HE -0.5 1.32558224615 -0.35955558299 -0.939134991741 -0.5 0.721113100916 2.27179377784 49.5193901122 -0.5 -3.97595295418 3.91940947752 20.9850884726 -0.5 -5.27369412489 3.93596923091 69.5512704337 0.050675172795 0.0515074899247 0.0498831534327 0.0501720190062 0.050444655434 0.0515856906744 0.0496464970509 0.0498895203258 0.050498508793 0.0517182560304 0.0495271540022 0.0497915478782 0.0503077164086 0.0516447077208 0.0495336097959 0.0495547272345
26 65 4 HE -0.5 -0.232324744325 0.234738034076 9.93493289506 -0.5 2.63217036739 10.2856968918 31.8081329267 -0.5 2.35968638196 6.96992868023 22.4110624537 -0.5 1.37751200178 7.82852978637 49.6776953121 0.0504802627977 0.0509287042919 0.050584120267 0.0496315913902 0.0503825227128 0.0507736413847 0.0502155205177 0.0493122045818 0.0503125165763 0.0506253631187 0.0502037168052 0.0493659956825 0.0504066555602 0.0507980516258 0.0502306295532 0.0491862339373
20 66 5 HE -0.5 -2.11614409583 4.32578850501 2.73562288302 -0.5 0.0519539904975 3.71804591724 5.56783750974 -0.5 -0.0930592026971 -0.262584501213 4.63757187073 -0.5 -2.16174153354 0.874440029963 -47.6410436069 0.0514935661692 0.0526459950108 0.0530812160359 0.0529865467305 0.0514774933465 0.0526153149278 0.0529347908618 0.0529487349286 0.0513053875467 0.0525886190676 0.0529041526232 0.0530458811916 0.0514308266757 0.052482509098 0.0528116312651 0.0528831948258
22 65 6 HE -0.5 -5.02724192345 -0.103199080483 -20.6960639731 -0.5 -5.59439590328 -0.798441755759 -1.24985259141 -0.5 -3.88813241889 0.494867392627 22.9382433046 -0.5 -5.57595885955 -1.61784320013 -0.699758840552 0.0519495168221 0.0516640995545 0.0521284705202 0.051355950175 0.0520494493714 0.0515986776408 0.0520337457711 0.0514369752301 0.0520271767063 0.0515451964545 0.0519211271473 0.0510606643692 0.0519297660836 0.0513988528694 0.0519809827949 0.0513338327831
24 65 4 HE -0.5 0.167092613266 4.15193468451 38.4390808239 -0.5 0.0522430604833 6.23572450887 73.2457562768 -0.5 1.23115637177 2.43484480909 53.5637638012 -0.5 -0.357766018233 5.05073247449 2.48524742741 0.0519772683685 0.05279488637 0.0521913613546 0.0518562469035 0.0520172689488 0.0528309182755 0.0521656559399 0.0517013114073 0.0518929361448 0.0527597046629 0.0519737184822 0.051265254924 0.0518790420471 0.0526301999549 0.0520670657959 0.0521429465574
20 66 6 HE -0.5 -0.516033603358 1.99156274761 23.3787296823 -0.5 -1.38507012005 -1.1978971909 45.3143247301 -0.5 1.08212492876 3.37969546984 28.8942832803 -0.5 -3.00362622983 5.7959840243 60.6675279789 0.0513743383456 0.0521064012012 0.0518210734458 0.0520799357848 0.0513377359187 0.0521238681888 0.0518423348668 0.0520343486873 0.0512410560718 0.0519142775541 0.0516602600195 0.0519953172666 0.051298731688 0.0520740157629 0.051722327667 0.0518997085214
18 66 1 HE -0.5 1.87127616527 -0.31786248942 3.64189471772 -0.5 4.64767899413 2.72119159097 1.33088142187 -0.5 5.32178439758 2.66305719064 46.7906194313 -0.5 5.1169306875 3.54450638707 35.1498434693 0.0521546976134 0.0528873807837 0.0520858716245 0.050671644529 0.0521449690219 0.0528079294468 0.0518131171864 0.0505976824287 0.0519303640441 0.0524250565455 0.0517940779621 0.0503775692718 0.0520364059086 0.0524292318505 0.0517836173909 0.0505436644192
18 66 4 HE -0.5 -1.99304973525 3.50968751287 46.8856698015 -0.5 1.4273885246 6.52300114927 43.4046557378 -0.5 -1.15397576398 2.89185289502 44.8397121402 -0.5 0.999052783275 6.28375729639 65.3503102944 0.052866314263 0.0540567820562 0.0547570375316 0.0520377119841 0.0528828816945 0.0539753943377 0.0546249785071 0.0520610148865 0.0527079328917 0.0539603016446 0.0546937384702 0.051917998694 0.0527782561892 0.0539128886694 0.0546145211953 0.0519038438037
18 66 5 HE -0.5 -2.44801368534 -6.62007056494 -92.3360150909 -0.5 -3.85857144993 -0.236650498496 -18.7241421278 -0.5 -3.93104188072 -1.72248863707 -49.025275324 -0.5 -7.80342321132 3.01606006896 -59.9282423171 0.0521863946248 0.0532957563676 0.0522577838612 0.0527795612312 0.0521859267733 0.0531409892749 0.0519583486247 0.0526974922052 0.0518757930621 0.053057243387 0.0517921003414 0.0526757992842 0.0520588358026 0.053228595829 0.0517169920852 0.0524467026264
17 66 3 HE -0.5 0.427124997557 9.01928155143 -7.57705361603 -0.5 7.31965761503 6.91888012832 34.2374186296 -0.5 3.16409685671 8.54988086084 38.0223425588 -0.5 7.21769816869 4.57418106416 14.3747621803 0.0524123643319 0.0536864297395 0.0529366934062 0.0532420859969 0.0524440442714 0.0533618405927 0.0527860431122 0.0531177636901 0.0522424818676 0.0532726787826 0.0527198559386 0.053062291247 0.0520798024115 0.0532100521993 0.0526569485295 0.0530742118715
28 65 4 HE -0.5 -1.7432356957 2.21532905856 26.2882493015 -0.5 2.06168380223 -1.28316429751 19.4037767732 -0.5 2.62173174756 1.79471835043 -40.5562145197 -0.5 2.44986830199 2.06892576811 -22.7120330548 0.0523916930102 0.0534065927603 0.0529794362809 0.0519026791084 0.0524129327471 0.0532871712748 0.0529638684835 0.0520062156337 0.0521341069543 0.0529794741409 0.0528195119201 0.0518823957942 0.0521604764942 0.05299834518 0.0526947081874 0.052054383009
18 66 3 HE -0.5 -7.52490173802 -3.81789674566 -32.3281103808 -0.5 -10.8279841866 -3.8618323753 -30.1924021475 -0.5 -11.1491896539 -8.08372716249 -18.4239475634 -0.5 -9.64422095365 -5.84367953967 -12.3591055431 0.0515340750149 0.0517412242297 0.052339889436 0.0511767043356 0.0514699540905 0.0518373075054 0.0521033088072 0.0510969302904 0.0512584176357 0.0518386689371 0.0521049939011 0.0511406880019 0.0513092356334 0.0517883201113 0.0520574533759 0.0508937437296
28 65 7 HE -0.5 -4.86093802553 1.43353125722 28.1801284543 -0.5 -2.49691147756 -0.630588375198 48.7087872407 -0.5 -1.76058033795 1.53626524667 88.1144815147 -0.5 -3.40848632995 2.91080337338 55.625229915 0.0511722846607 0.0513028711648 0.0499783006108 0.0519776814891 0.051154219318 0.0512364140586 0.049964851872 0.0517143442233 0.0510811081503 0.0510652137844 0.0498482958338 0.0515459815069 0.0510968981012 0.0510689589982 0.0498153687935 0.0516294269438
28 65 3 HE -0.5 -1.94593412876 -1.15983624948 -27.8180116506 -0.5 -1.03777387296 1.24987316507 8.08695526713 -0.5 -1.49834867478 0.35565593383 -17.2929054065 -0.5 -0.447585298617 4.3992935102 0.600973984068 0.0533118721485 0.0544088594801 0.0538350632343 0.0539892528795 0.0533240929062 0.0542526208151 0.0535681891917 0.05354009882 0.0532459171762 0.0541312739716 0.0535805955172 0.0537038014492 0.0533099923016 0.0541017428801 0.053488043089 0.0536047733424
28 65 5 HE -0.5 -8.19257834617 -3.91329783315 -6.49215819064 -0.5 -7.09979954198 2.7613796352 -44.5717322846 -0.5 -11.7599457028 1.4401735515 -25.3983002367 -0.5 -9.56499560017 5.32913786461 -44.1040053159 0.0518124728927 0.0523029035604 0.0529540728596 0.0522995496883 0.0518880713976 0.0522232043762 0.0527337880802 0.0522998911938 0.0517630938715 0.0523132735565 0.0525142891102 0.0523693631967 0.051739578122 0.0522493374484 0.0524538005907 0.0523046313011
28 65 6 HE -0.5 -7.25542301064 -2.60731205591 -70.7755430415 -0.5 -1.14113066599 -7.28178760929 -75.2209335937 -0.5 -4.0861758409 -5.34419749477 -66.3209922259 -0.5 -4.23619503586 -2.74762097648 -88.7738537373 0.0524016403991 0.0533773305186 0.0531787446626 0.0522036043241 0.0522428266247 0.0530736917342 0.0531054429699 0.0523185010001 0.0521905902916 0.0531646023698 0.0530470963064 0.0522329955132 0.0522169460167 0.0531613841404 0.0530183448738 0.0522907040357
26 65 7 HE -0.5 1.23247729708 1.97972741129 -20.1242071715 -0.5 2.65084158729 10.1486394467 27.5111590144 -0.5 2.09918779628 6.99801475456 26.3314352932 -0.5 -2.4349873346 11.5878833035 22.504530627 0.0522505205561 0.0531379563572 0.052476080526 0.0519521909574 0.0521513083417 0.0528889924909 0.0520503620685 0.0516076816084 0.0520529187085 0.0528894469753 0.0520225295946 0.0515522021277 0.052064064266 0.0529715727512 0.0519303524912 0.0516224252579
28 65 2 HE -0.5 -3.81514643821 -1.39199003206 0.265328126441 -0.5 -4.71359637498 -0.358256514631 -9.50449321372 -0.5 -2.93897576236 0.00616372467101 29.7182557983 -0.5 -2.3677545738 -0.818087024884 18.1070995007 0.0519968769325 0.0529532625522 0.0519750039021 0.0517531939798 0.0520341040383 0.0527880033231 0.0518646637201 0.0519089378398 0.05188199843 0.0526685598068 0.0518353770683 0.0517313569351 0.0519615855972 0.0527948957952 0.0518367466149 0.0516222039905
22 65 5 HE -0.5 -5.39373421099 -4.08272960003 -77.7560058655 -0.5 -7.27369152522 -5.21644372776 -58.4190109038 -0.5 -6.10667477958 -4.48166793386 -79.8989534949 -0.5 -6.07201045101 -2.9771703232 -73.6844713954 0.0518955960823 0.052796911864 0.0521356988861 0.0521808839653 0.0515972773271 0.0528845277204 0.0521211519946 0.0523469453595 0.0518021708924 0.0525230314869 0.0520228511252 0.0522285561181 0.0517298936898 0.0524875080099 0.0519369397498 0.0522000691726
24 65 5 HE -0.5 0.889363752595 -0.17614591643 -21.1599426758 -0.5 0.975401684559 1.69170479065 -17.5808594285 -0.5 1.07452767155 1.17026274178 -12.796966377 -0.5 2.8892080923 0.180847298612 -17.5009401504 0.0524045376688 0.0526038092433 0.0522456947981 0.0533248431992 0.0524413526116 0.0525147210992 0.0521655100322 0.0533728093212 0.0523904250767 0.0523491836403 0.0521660576644 0.0530958969987 0.0523091693778 0.0522973859155 0.0519220345775 0.053321099912
26 65 6 HE -0.5 -5.15591484642 -1.70707505892 -36.9882366159 -0.5 -0.418620892154 6.04026488004 13.0378283662 -0.5 -2.23666223692 2.0128576573 13.9337068152 -0.5 0.725922235345 5.1411040398 -3.42702344637 0.0530955208124 0.0538593552955 0.0540549218145 0.0524200180803 0.0530288590309 0.0538853705464 0.0535697994805 0.0519954773824 0.0528839103591 0.053930703064 0.0538009044704 0.0519918687066 0.0530540265955 0.0536531208957 0.0534230777207 0.0518369098106
26 65 5 HE -0.5 -7.29329906647 -1.14953351867 9.07726926682 -0.5 -0.134473578449 4.00901790297 89.3477103411 -0.5 -2.6318663223 4.57951246149 76.8332706371 -0.5 -4.86986170079 3.41102279468 85.3977316536 0.0530755486724 0.0534853909454 0.0535822892249 0.0525715766639 0.0531235785578 0.0532003951169 0.0532942020954 0.0521668617025 0.0531451126406 0.053277678022 0.0532800410183 0.052149188562 0.053076048901 0.053275105815 0.0532004628175 0.0520990909348
19 66 3 HE -0.5 -1.73908243939 1.1749065964 8.10638242908 -0.5 -1.63518490929 -3.81528657276 37.5883138416 -0.5 0.836606651636 2.29534067599 37.3278380565 -0.5 1.21457277148 -3.020539975 19.6775402071 0.0530520224322 0.0537833839583 0.0527951630134 0.0534677720088 0.0529984428393 0.0538741178413 0.0527925490929 0.053205582218 0.0529841872573 0.0535345131855 0.0526878278898 0.0532498980184 0.0531774684453 0.0534732069779 0.0526505497148 0.0531681418832
26 65 3 HE -0.5 -3.92733190914 -2.5775890181 -8.39886507249 -0.5 -6.91028604788 0.0269797492858 -14.8328854002 -0.5 -3.38656395398 -1.03743963748 10.6939098571 -0.5 -3.09631959816 -1.97664314303 9.95160273536 0.0519041955473 0.0521844677469 0.0515916945158 0.0511317181862 0.0519302075031 0.0523646907917 0.0516473449694 0.0511662064053 0.0518484017951 0.0520871528286 0.0515200052303 0.0508091749597 0.0517347861652 0.0519628127795 0.0514755781691 0.0504292376449
29 65 1 HE -0.5 2.46695883614 5.52589634058 -0.826250764172 -0.5 5.35491369542 7.42493949702 -17.6191400105 -0.5 -0.783174358586 9.768238941 -13.9706485563 -0.5 -0.14417795665 10.2756235753 -16.9113715486 0.051487523488 0.0524272868391 0.0529914082527 0.0509261539547 0.0514212366048 0.0523016263655 0.0527186990026 0.0510530293374 0.0512973281264 0.0522772669799 0.052717798855 0.0509006817289 0.0513049829929 0.0522452298127 0.0526409639405 0.0509536762173
28 65 1 HE -0.5 -3.93215583114 -2.97890001438 -39.0153749642 -0.5 -3.52206487122 -4.69660529818 -38.9397195946 -0.5 -3.36454420121 -2.43484671192 -47.4522622078 -0.5 -0.640579554336 -0.871051580041 -44.6736715496 0.0511058411001 0.0521162341687 0.0524269836985 0.0523236726699 0.0509816090262 0.0519972923313 0.0522477964431 0.0520144583955 0.0508593639958 0.0519917840475 0.0521859387597 0.0520447317831 0.0509970665828 0.0519187090883 0.0520260142645 0.0520396864058
18 66 2 HE -0.5 -2.21097950723 1.81642959846 -10.6500316292 -0.5 -4.34078171875 0.962497581409 -5.18933403708 -0.5 -5.10758490671 0.769921469646 0.0838845213688 -0.5 -5.36209372217 -1.78775427301 -11.9684572329 0.0520475651875 0.0525898075018 0.0524466059277 0.0522566499994 0.0520621755347 0.0527916445922 0.0522896882737 0.0520312153043 0.0519064753249 0.0527884417986 0.0521887789626 0.0519663007671 0.05198825258 0.0527805759822 0.0521723168884 0.0520450235051
17 66 2 HE -0.5 -0.682896520086 -1.87924008887 -50.9681406082 -0.5 -3.91343086473 1.94538461975 -38.2699531287 -0.5 -2.96641942975 2.43262359661 -42.3864851494 -0.5 -2.87686174383 2.96887561456 -29.3381055259 0.0527720350856 0.0532115851174 0.0536952267064 0.0525583008361 0.0526760742292 0.0532305675573 0.053384845799 0.0523466542511 0.0528496567549 0.0532175456704 0.0533887872476 0.052352737808 0.0526654881554 0.0530814098185 0.0533279123045 0.0522514709369
16 66 4 HE -0.5 -3.7417722108 -3.53769608472 -27.8967445696 -0.5 -2.64737895302 3.05687025581 -20.9878798738 -0.5 -3.5307232227 3.01106632878 3.07792274795 -0.5 -4.04045762738 4.41714989819 -32.484933273 0.05145786262 0.0523792867901 0.053120436626 0.0510942864195 0.0513094196203 0.0523607366221 0.0528299974439 0.050683178382 0.0512695784288 0.0521512303652 0.0526684434454 0.0505042228215 0.051241399627 0.0520313890639 0.0526259964314 0.0506982022351
29 65 2 HE -0.5 0.711070466003 2.8789777296 35.9896646258 -0.5 1.46173041943 7.89625110676 0.374850496817 -0.5 4.84948347917 4.58707351215 8.92466751349 -0.5 0.483149497476 6.61850117608 7.25906467693 0.0523728896025 0.0527969930406 0.054336377628 0.0518844517307 0.0524097813653 0.0527708468916 0.0540109563241 0.0519503555963 0.0524227691372 0.0524327063716 0.0540001178952 0.0518183708103 0.0524245823691 0.0525968464559 0.0539458321356 0.0518970029601
19 66 2 HE -0.5 -5.58723564721 -4.73280143606 -54.1951664403 -0.5 6.00470620885 1.16324760958 -35.8906575769 -0.5 1.53295103863 2.93638211005 -63.9565916068 -0.5 1.39421408883 -1.41269295316 -50.231452972 0.0532990426551 0.0538729958111 0.0524158556968 0.0548306475256 0.0533018695274 0.0535582471539 0.0520784197755 0.0547192139958 0.0530688773931 0.053545983768 0.0520045690596 0.0548220095245 0.0532028378759 0.0535441852413 0.0520994960767 0.054728030465
20 66 3 HE -0.5 -3.29531347182 -3.23785298372 0.305302283807 -0.5 -2.660445214 -0.906563600164 0.244832757799 -0.5 -1.02698591859 0.848377082449 14.2411416106 -0.5 -1.68107215384 -1.31613445787 7.74309203751 0.0509285826506 0.0514175837045 0.0520218931417 0.0516284122642 0.0508266626199 0.051197071991 0.0518879057637 0.051365037871 0.0508452890738 0.051146063665 0.0517274065641 0.0516640839479 0.0508500034211 0.0511263842099 0.0517406797512 0.0512949426942
22 65 3 HE -0.5 -9.06880300766 -6.0717789992 -26.1221652862 -0.5 -9.18972180215 -0.815809995105 -9.3044032237 -0.5 -7.83910935067 -3.87345338994 -33.0808081975 -0.5 -7.91909359812 -0.853463793577 -52.4621997138 0.0520176681722 0.0519094693054 0.0517210698021 0.0520589521765 0.0520499255005 0.0519114823223 0.0515177057345 0.0517848286289 0.0520913549642 0.0518646605121 0.0514826748566 0.0519233512611 0.0520259186149 0.0518560810604 0.0514349347315 0.0519699912637
24 65 3 HE -0.5 1.13518269081 3.18560170909 46.8075261492 -0.5 0.97051531303 7.44364140834 37.1764911024 -0.5 6.53351754456 7.45277586936 21.966123299 -0.5 2.46064478098 7.86490868598 26.2421755611 0.0511080734901 0.0527630523303 0.0517483535673 0.0508554465728 0.0511419478115 0.0525608369135 0.0514063457547 0.0508956601394 0.0510636759147 0.0523858539161 0.0514063332167 0.050852644138 0.0509752573006 0.0524851295651 0.0513923184314 0.0507534224223
24 65 2 HE -0.5 0.945784079729 2.62509820387 33.9298463631 -0.5 5.84631451315 6.65716001149 56.8094767384 -0.5 1.69832312487 2.17075719785 5.04141042561 -0.5 2.46300562439 5.29831507763 30.9898545052 0.0515463176825 0.0530286141071 0.0527351465785 0.050283078893 0.051603030029 0.0528169171366 0.0526528763282 0.0503237673808 0.051447858421 0.0529058991476 0.0526191309944 0.0505012801469 0.0514135583434 0.0528754427587 0.0525416054211 0.0503506644818
26 65 2 HE -0.5 -1.72283371931 1.86484554532 -11.7850900196 -0.5 2.8887844214 8.01250432147 -32.4036608628 -0.5 -2.34843267396 2.03086072511 26.1271265048 -0.5 -1.81055012971 4.71688544326 4.42168228348 0.0533652364951 0.0532593689115 0.0539789182336 0.0523313354503 0.0534934676324 0.053111467906 0.0536905668292 0.0524082296498 0.0533386531066 0.0530641114519 0.0538244001026 0.0517101241444 0.0533103337231 0.0530257180636 0.0537585399531 0.0519918733107
