#side eta phi depth dphi det RBX wedge rm BV/pix card QIE rm_fib fib_ch pp col pp row pp coupler pp LC dodec crate uhtr uhtr_fib fedid QIEid
1 16 23 2 1 HB HBP07 7 1 18 1 0 2 0 3 1 HBP07 RM1A 2 3 21 11 2 1104 100296
1 15 23 2 1 HB HBP07 7 1 13 1 1 2 1 3 1 HBP07 RM1A 2 3 21 11 2 1104 100296
1 14 23 1 1 HB HBP07 7 1 14 1 2 2 2 3 1 HBP07 RM1A 2 3 21 11 2 1104 100296
1 15 23 1 1 HB HBP07 7 1 19 1 4 3 0 3 1 HBP07 RM1A 3 4 21 11 3 1104 100296
1 13 23 1 1 HB HBP07 7 1 15 1 5 3 1 3 1 HBP07 RM1A 3 4 21 11 3 1104 100296
1 16 23 1 1 HB HBP07 7 1 17 1 3 3 2 3 1 HBP07 RM1A 3 4 21 11 3 1104 100296
1 10 23 1 1 HB HBP07 7 1 9 2 0 4 0 3 1 HBP07 RM1A 4 1 21 10 0 1104 100705
1 6 23 1 1 HB HBP07 7 1 5 2 1 4 1 3 1 HBP07 RM1A 4 1 21 10 0 1104 100705
1 2 23 1 1 HB HBP07 7 1 2 2 2 4 2 3 1 HBP07 RM1A 4 1 21 10 0 1104 100705
1 8 23 1 1 HB HBP07 7 1 12 2 4 5 0 4 1 HBP07 RM1B 1 1 21 10 12 1104 100705
1 4 23 1 1 HB HBP07 7 1 7 2 5 5 1 4 1 HBP07 RM1B 1 1 21 10 12 1104 100705
1 12 23 1 1 HB HBP07 7 1 16 2 3 5 2 4 1 HBP07 RM1B 1 1 21 10 12 1104 100705
1 11 23 1 1 HB HBP07 7 1 8 3 0 6 0 4 1 HBP07 RM1B 2 2 21 10 13 1104 100247
1 7 23 1 1 HB HBP07 7 1 4 3 1 6 1 4 1 HBP07 RM1B 2 2 21 10 13 1104 100247
1 3 23 1 1 HB HBP07 7 1 1 3 2 6 2 4 1 HBP07 RM1B 2 2 21 10 13 1104 100247
1 5 23 1 1 HB HBP07 7 1 6 3 4 7 0 4 1 HBP07 RM1B 3 3 21 10 14 1104 100247
1 1 23 1 1 HB HBP07 7 1 3 3 5 7 1 4 1 HBP07 RM1B 3 3 21 10 14 1104 100247
1 9 23 1 1 HB HBP07 7 1 11 3 3 7 2 4 1 HBP07 RM1B 3 3 21 10 14 1104 100247
1 16 24 2 1 HB HBP07 7 2 17 1 0 2 0 3 2 HBP07 RM2A 2 5 21 11 4 1104 100242
1 15 24 2 1 HB HBP07 7 2 3 1 1 2 1 3 2 HBP07 RM2A 2 5 21 11 4 1104 100242
1 14 24 1 1 HB HBP07 7 2 1 1 2 2 2 3 2 HBP07 RM2A 2 5 21 11 4 1104 100242
1 15 24 1 1 HB HBP07 7 2 2 1 4 3 0 3 2 HBP07 RM2A 3 6 21 11 5 1104 100242
1 13 24 1 1 HB HBP07 7 2 7 1 5 3 1 3 2 HBP07 RM2A 3 6 21 11 5 1104 100242
1 16 24 1 1 HB HBP07 7 2 19 1 3 3 2 3 2 HBP07 RM2A 3 6 21 11 5 1104 100242
1 10 24 1 1 HB HBP07 7 2 4 2 0 4 0 3 2 HBP07 RM2A 4 2 21 10 1 1104 101546
1 6 24 1 1 HB HBP07 7 2 8 2 1 4 1 3 2 HBP07 RM2A 4 2 21 10 1 1104 101546
1 2 24 1 1 HB HBP07 7 2 13 2 2 4 2 3 2 HBP07 RM2A 4 2 21 10 1 1104 101546
1 8 24 1 1 HB HBP07 7 2 11 2 4 5 0 4 2 HBP07 RM2B 1 4 21 10 15 1104 101546
1 4 24 1 1 HB HBP07 7 2 15 2 5 5 1 4 2 HBP07 RM2B 1 4 21 10 15 1104 101546
1 12 24 1 1 HB HBP07 7 2 6 2 3 5 2 4 2 HBP07 RM2B 1 4 21 10 15 1104 101546
1 11 24 1 1 HB HBP07 7 2 5 3 0 6 0 4 2 HBP07 RM2B 2 5 21 10 16 1104 100256
1 7 24 1 1 HB HBP07 7 2 9 3 1 6 1 4 2 HBP07 RM2B 2 5 21 10 16 1104 100256
1 3 24 1 1 HB HBP07 7 2 14 3 2 6 2 4 2 HBP07 RM2B 2 5 21 10 16 1104 100256
1 5 24 1 1 HB HBP07 7 2 16 3 4 7 0 4 2 HBP07 RM2B 3 6 21 10 17 1104 100256
1 1 24 1 1 HB HBP07 7 2 18 3 5 7 1 4 2 HBP07 RM2B 3 6 21 10 17 1104 100256
1 9 24 1 1 HB HBP07 7 2 12 3 3 7 2 4 2 HBP07 RM2B 3 6 21 10 17 1104 100256
1 16 25 2 1 HB HBP07 7 3 3 1 0 2 0 3 3 HBP07 RM3A 2 7 21 11 6 1104 100811
1 15 25 2 1 HB HBP07 7 3 17 1 1 2 1 3 3 HBP07 RM3A 2 7 21 11 6 1104 100811
1 14 25 1 1 HB HBP07 7 3 19 1 2 2 2 3 3 HBP07 RM3A 2 7 21 11 6 1104 100811
1 15 25 1 1 HB HBP07 7 3 18 1 4 3 0 3 3 HBP07 RM3A 3 8 21 11 7 1104 100811
1 13 25 1 1 HB HBP07 7 3 13 1 5 3 1 3 3 HBP07 RM3A 3 8 21 11 7 1104 100811
1 16 25 1 1 HB HBP07 7 3 1 1 3 3 2 3 3 HBP07 RM3A 3 8 21 11 7 1104 100811
1 10 25 1 1 HB HBP07 7 3 16 2 0 4 0 3 3 HBP07 RM3A 4 3 21 10 2 1104 100779
1 6 25 1 1 HB HBP07 7 3 12 2 1 4 1 3 3 HBP07 RM3A 4 3 21 10 2 1104 100779
1 2 25 1 1 HB HBP07 7 3 7 2 2 4 2 3 3 HBP07 RM3A 4 3 21 10 2 1104 100779
1 8 25 1 1 HB HBP07 7 3 9 2 4 5 0 4 3 HBP07 RM3B 1 7 21 10 18 1104 100779
1 4 25 1 1 HB HBP07 7 3 5 2 5 5 1 4 3 HBP07 RM3B 1 7 21 10 18 1104 100779
1 12 25 1 1 HB HBP07 7 3 14 2 3 5 2 4 3 HBP07 RM3B 1 7 21 10 18 1104 100779
1 11 25 1 1 HB HBP07 7 3 15 3 0 6 0 4 3 HBP07 RM3B 2 8 21 10 19 1104 100041
1 7 25 1 1 HB HBP07 7 3 11 3 1 6 1 4 3 HBP07 RM3B 2 8 21 10 19 1104 100041
1 3 25 1 1 HB HBP07 7 3 6 3 2 6 2 4 3 HBP07 RM3B 2 8 21 10 19 1104 100041
1 5 25 1 1 HB HBP07 7 3 4 3 4 7 0 4 3 HBP07 RM3B 3 9 21 10 20 1104 100041
1 1 25 1 1 HB HBP07 7 3 2 3 5 7 1 4 3 HBP07 RM3B 3 9 21 10 20 1104 100041
1 9 25 1 1 HB HBP07 7 3 8 3 3 7 2 4 3 HBP07 RM3B 3 9 21 10 20 1104 100041
1 16 26 2 1 HB HBP07 7 4 2 1 0 2 0 3 4 HBP07 RM4A 2 9 21 11 8 1104 100414
1 15 26 2 1 HB HBP07 7 4 7 1 1 2 1 3 4 HBP07 RM4A 2 9 21 11 8 1104 100414
1 14 26 1 1 HB HBP07 7 4 6 1 2 2 2 3 4 HBP07 RM4A 2 9 21 11 8 1104 100414
1 15 26 1 1 HB HBP07 7 4 1 1 4 3 0 3 4 HBP07 RM4A 3 10 21 11 9 1104 100414
1 13 26 1 1 HB HBP07 7 4 5 1 5 3 1 3 4 HBP07 RM4A 3 10 21 11 9 1104 100414
1 16 26 1 1 HB HBP07 7 4 3 1 3 3 2 3 4 HBP07 RM4A 3 10 21 11 9 1104 100414
1 10 26 1 1 HB HBP07 7 4 11 2 0 4 0 3 4 HBP07 RM4A 4 4 21 10 3 1104 100166
1 6 26 1 1 HB HBP07 7 4 15 2 1 4 1 3 4 HBP07 RM4A 4 4 21 10 3 1104 100166
1 2 26 1 1 HB HBP07 7 4 18 2 2 4 2 3 4 HBP07 RM4A 4 4 21 10 3 1104 100166
1 8 26 1 1 HB HBP07 7 4 8 2 4 5 0 4 4 HBP07 RM4B 1 10 21 10 21 1104 100166
1 4 26 1 1 HB HBP07 7 4 13 2 5 5 1 4 4 HBP07 RM4B 1 10 21 10 21 1104 100166
1 12 26 1 1 HB HBP07 7 4 4 2 3 5 2 4 4 HBP07 RM4B 1 10 21 10 21 1104 100166
1 11 26 1 1 HB HBP07 7 4 12 3 0 6 0 4 4 HBP07 RM4B 2 11 21 10 22 1104 101416
1 7 26 1 1 HB HBP07 7 4 16 3 1 6 1 4 4 HBP07 RM4B 2 11 21 10 22 1104 101416
1 3 26 1 1 HB HBP07 7 4 19 3 2 6 2 4 4 HBP07 RM4B 2 11 21 10 22 1104 101416
1 5 26 1 1 HB HBP07 7 4 14 3 4 7 0 4 4 HBP07 RM4B 3 12 21 10 23 1104 101416
1 1 26 1 1 HB HBP07 7 4 17 3 5 7 1 4 4 HBP07 RM4B 3 12 21 10 23 1104 101416
1 9 26 1 1 HB HBP07 7 4 9 3 3 7 2 4 4 HBP07 RM4B 3 12 21 10 23 1104 101416
1 19 23 2 1 ngHE HEP07 7 1 16 1 1 1 0 1 1 HEP07 RM1A 1 2 21 12 1 1104 
1 20 23 3 1 ngHE HEP07 7 1 30 1 2 1 1 1 1 HEP07 RM1A 1 2 21 12 1 1104 
1 22 23 3 2 ngHE HEP07 7 1 31 1 3 1 2 1 1 HEP07 RM1A 1 2 21 12 1 1104 
1 24 23 3 2 ngHE HEP07 7 1 32 1 4 1 3 1 1 HEP07 RM1A 1 2 21 12 1 1104 
1 24 23 2 2 ngHE HEP07 7 1 21 1 5 1 4 1 1 HEP07 RM1A 1 2 21 12 1 1104 
1 26 23 2 2 ngHE HEP07 7 1 22 1 6 1 5 1 1 HEP07 RM1A 1 2 21 12 1 1104 
1 29 23 1 2 ngHE HEP07 7 1 8 1 7 2 0 1 1 HEP07 RM1A 2 1 21 11 12 1104 
1 28 23 1 2 ngHE HEP07 7 1 7 1 8 2 1 1 1 HEP07 RM1A 2 1 21 11 12 1104 
1 18 23 2 1 ngHE HEP07 7 1 15 1 9 2 2 1 1 HEP07 RM1A 2 1 21 11 12 1104 
1 17 23 2 1 ngHE HEP07 7 1 14 1 10 2 3 1 1 HEP07 RM1A 2 1 21 11 12 1104 
1 16 23 3 1 ngHE HEP07 7 1 13 1 11 2 4 1 1 HEP07 RM1A 2 1 21 11 12 1104 
1 29 23 2 2 ngHE HEP07 7 1 24 1 12 2 5 1 1 HEP07 RM1A 2 1 21 11 12 1104 
1 24 23 6 2 ngHE HEP07 7 1 44 2 1 3 0 1 1 HEP07 RM1A 3 3 21 12 2 1104 
1 24 23 5 2 ngHE HEP07 7 1 36 2 2 3 1 1 1 HEP07 RM1A 3 3 21 12 2 1104 
1 26 23 5 2 ngHE HEP07 7 1 37 2 3 3 2 1 1 HEP07 RM1A 3 3 21 12 2 1104 
1 26 23 6 2 ngHE HEP07 7 1 45 2 4 3 3 1 1 HEP07 RM1A 3 3 21 12 2 1104 
1 19 23 3 1 ngHE HEP07 7 1 29 2 5 3 4 1 1 HEP07 RM1A 3 3 21 12 2 1104 
1 26 23 3 2 ngHE HEP07 7 1 39 2 6 3 5 1 1 HEP07 RM1A 3 3 21 12 2 1104 
1 28 23 2 2 ngHE HEP07 7 1 23 2 7 4 0 1 1 HEP07 RM1A 4 2 21 11 13 1104 
1 28 23 5 2 ngHE HEP07 7 1 38 2 8 4 1 1 1 HEP07 RM1A 4 2 21 11 13 1104 
1 28 23 3 2 ngHE HEP07 7 1 40 2 9 4 2 1 1 HEP07 RM1A 4 2 21 11 13 1104 
1 28 23 7 2 ngHE HEP07 7 1 48 2 10 4 3 1 1 HEP07 RM1A 4 2 21 11 13 1104 
1 26 23 7 2 ngHE HEP07 7 1 47 2 11 4 4 1 1 HEP07 RM1A 4 2 21 11 13 1104 
1 28 23 6 2 ngHE HEP07 7 1 46 2 12 4 5 1 1 HEP07 RM1A 4 2 21 11 13 1104 
1 19 23 5 1 ngHE HEP07 7 1 33 3 1 5 0 2 1 HEP07 RM1B 1 4 21 12 3 1104 
1 26 23 4 2 ngHE HEP07 7 1 26 3 2 5 1 2 1 HEP07 RM1B 1 4 21 12 3 1104 
1 20 23 6 1 ngHE HEP07 7 1 42 3 3 5 2 2 1 HEP07 RM1B 1 4 21 12 3 1104 
1 20 23 5 1 ngHE HEP07 7 1 34 3 4 5 3 2 1 HEP07 RM1B 1 4 21 12 3 1104 
1 22 23 5 2 ngHE HEP07 7 1 35 3 5 5 4 2 1 HEP07 RM1B 1 4 21 12 3 1104 
1 22 23 6 2 ngHE HEP07 7 1 43 3 6 5 5 2 1 HEP07 RM1B 1 4 21 12 3 1104 
1 18 23 3 1 ngHE HEP07 7 1 28 3 7 6 0 2 1 HEP07 RM1B 2 3 21 11 14 1104 
1 28 23 4 2 ngHE HEP07 7 1 27 3 8 6 1 2 1 HEP07 RM1B 2 3 21 11 14 1104 
1 17 23 3 1 ngHE HEP07 7 1 12 3 9 6 2 2 1 HEP07 RM1B 2 3 21 11 14 1104 
1 18 23 5 1 ngHE HEP07 7 1 11 3 10 6 3 2 1 HEP07 RM1B 2 3 21 11 14 1104 
1 18 23 1 1 ngHE HEP07 7 1 1 3 11 6 4 2 1 HEP07 RM1B 2 3 21 11 14 1104 
1 18 23 4 1 ngHE HEP07 7 1 9 3 12 6 5 2 1 HEP07 RM1B 2 3 21 11 14 1104 
1 19 23 1 1 ngHE HEP07 7 1 2 4 1 7 0 2 1 HEP07 RM1B 3 5 21 12 4 1104 
1 20 23 1 1 ngHE HEP07 7 1 3 4 2 7 1 2 1 HEP07 RM1B 3 5 21 12 4 1104 
1 22 23 1 2 ngHE HEP07 7 1 4 4 3 7 2 2 1 HEP07 RM1B 3 5 21 12 4 1104 
1 24 23 1 2 ngHE HEP07 7 1 5 4 4 7 3 2 1 HEP07 RM1B 3 5 21 12 4 1104 
1 19 23 4 1 ngHE HEP07 7 1 10 4 5 7 4 2 1 HEP07 RM1B 3 5 21 12 4 1104 
1 26 23 1 2 ngHE HEP07 7 1 6 4 6 7 5 2 1 HEP07 RM1B 3 5 21 12 4 1104 
1 19 23 6 1 ngHE HEP07 7 1 41 4 7 8 0 2 1 HEP07 RM1B 4 6 21 12 5 1104 
1 24 23 4 2 ngHE HEP07 7 1 25 4 8 8 1 2 1 HEP07 RM1B 4 6 21 12 5 1104 
1 22 23 2 2 ngHE HEP07 7 1 20 4 9 8 2 2 1 HEP07 RM1B 4 6 21 12 5 1104 
1 20 23 2 1 ngHE HEP07 7 1 19 4 10 8 3 2 1 HEP07 RM1B 4 6 21 12 5 1104 
1 22 23 4 2 ngHE HEP07 7 1 18 4 11 8 4 2 1 HEP07 RM1B 4 6 21 12 5 1104 
1 20 23 4 1 ngHE HEP07 7 1 17 4 12 8 5 2 1 HEP07 RM1B 4 6 21 12 5 1104 
1 19 24 5 1 ngHE HEP07 7 2 40 1 1 1 0 1 2 HEP07 RM2A 1 7 21 12 6 1104 
1 19 24 6 1 ngHE HEP07 7 2 48 1 2 1 1 1 2 HEP07 RM2A 1 7 21 12 6 1104 
1 21 23 2 2 ngHE HEP07 7 2 21 1 3 1 2 1 2 HEP07 RM2A 1 7 21 12 6 1104 
1 20 24 2 1 ngHE HEP07 7 2 22 1 4 1 3 1 2 HEP07 RM2A 1 7 21 12 6 1104 
1 21 23 4 2 ngHE HEP07 7 2 23 1 5 1 4 1 2 HEP07 RM2A 1 7 21 12 6 1104 
1 20 24 4 1 ngHE HEP07 7 2 24 1 6 1 5 1 2 HEP07 RM2A 1 7 21 12 6 1104 
1 19 24 1 1 ngHE HEP07 7 2 7 1 7 2 0 1 2 HEP07 RM2A 2 8 21 12 7 1104 
1 20 24 1 1 ngHE HEP07 7 2 6 1 8 2 1 1 2 HEP07 RM2A 2 8 21 12 7 1104 
1 21 23 1 2 ngHE HEP07 7 2 5 1 9 2 2 1 2 HEP07 RM2A 2 8 21 12 7 1104 
1 23 23 1 2 ngHE HEP07 7 2 4 1 10 2 3 1 2 HEP07 RM2A 2 8 21 12 7 1104 
1 19 24 4 1 ngHE HEP07 7 2 15 1 11 2 4 1 2 HEP07 RM2A 2 8 21 12 7 1104 
1 25 23 1 2 ngHE HEP07 7 2 3 1 12 2 5 1 2 HEP07 RM2A 2 8 21 12 7 1104 
1 23 23 6 2 ngHE HEP07 7 2 45 2 1 3 0 1 2 HEP07 RM2A 3 9 21 12 8 1104 
1 25 23 4 2 ngHE HEP07 7 2 31 2 2 3 1 1 2 HEP07 RM2A 3 9 21 12 8 1104 
1 20 24 5 1 ngHE HEP07 7 2 39 2 3 3 2 1 2 HEP07 RM2A 3 9 21 12 8 1104 
1 21 23 6 2 ngHE HEP07 7 2 46 2 4 3 3 1 2 HEP07 RM2A 3 9 21 12 8 1104 
1 23 23 4 2 ngHE HEP07 7 2 32 2 5 3 4 1 2 HEP07 RM2A 3 9 21 12 8 1104 
1 20 24 6 1 ngHE HEP07 7 2 47 2 6 3 5 1 2 HEP07 RM2A 3 9 21 12 8 1104 
1 18 24 1 1 ngHE HEP07 7 2 8 2 7 4 0 1 2 HEP07 RM2A 4 4 21 11 15 1104 
1 18 24 4 1 ngHE HEP07 7 2 16 2 8 4 1 1 2 HEP07 RM2A 4 4 21 11 15 1104 
1 18 24 5 1 ngHE HEP07 7 2 14 2 9 4 2 1 2 HEP07 RM2A 4 4 21 11 15 1104 
1 17 24 3 1 ngHE HEP07 7 2 13 2 10 4 3 1 2 HEP07 RM2A 4 4 21 11 15 1104 
1 27 23 4 2 ngHE HEP07 7 2 30 2 11 4 4 1 2 HEP07 RM2A 4 4 21 11 15 1104 
1 18 24 3 1 ngHE HEP07 7 2 29 2 12 4 5 1 2 HEP07 RM2A 4 4 21 11 15 1104 
1 27 23 7 2 ngHE HEP07 7 2 41 3 1 5 0 2 2 HEP07 RM2B 1 5 21 11 16 1104 
1 27 23 3 2 ngHE HEP07 7 2 33 3 2 5 1 2 2 HEP07 RM2B 1 5 21 11 16 1104 
1 27 23 5 2 ngHE HEP07 7 2 35 3 3 5 2 2 2 HEP07 RM2B 1 5 21 11 16 1104 
1 27 23 6 2 ngHE HEP07 7 2 43 3 4 5 3 2 2 HEP07 RM2B 1 5 21 11 16 1104 
1 29 23 3 2 ngHE HEP07 7 2 42 3 5 5 4 2 2 HEP07 RM2B 1 5 21 11 16 1104 
1 N/C N/C N/C N/C ngHE HEP07 7 2 18 3 6 5 5 2 2 HEP07 RM2B 1 5 21 11 16 1104 
1 21 23 5 2 ngHE HEP07 7 2 38 3 7 6 0 2 2 HEP07 RM2B 2 10 21 12 9 1104 
1 23 23 5 2 ngHE HEP07 7 2 37 3 8 6 1 2 2 HEP07 RM2B 2 10 21 12 9 1104 
1 25 23 6 2 ngHE HEP07 7 2 44 3 9 6 2 2 2 HEP07 RM2B 2 10 21 12 9 1104 
1 25 23 5 2 ngHE HEP07 7 2 36 3 10 6 3 2 2 HEP07 RM2B 2 10 21 12 9 1104 
1 19 24 3 1 ngHE HEP07 7 2 28 3 11 6 4 2 2 HEP07 RM2B 2 10 21 12 9 1104 
1 25 23 3 2 ngHE HEP07 7 2 34 3 12 6 5 2 2 HEP07 RM2B 2 10 21 12 9 1104 
1 27 23 1 2 ngHE HEP07 7 2 1 4 1 7 0 2 2 HEP07 RM2B 3 6 21 11 17 1104 
1 N/C N/C N/C N/C ngHE HEP07 7 2 2 4 2 7 1 2 2 HEP07 RM2B 3 6 21 11 17 1104 
1 18 24 2 1 ngHE HEP07 7 2 10 4 3 7 2 2 2 HEP07 RM2B 3 6 21 11 17 1104 
1 17 24 2 1 ngHE HEP07 7 2 11 4 4 7 3 2 2 HEP07 RM2B 3 6 21 11 17 1104 
1 16 24 3 1 ngHE HEP07 7 2 12 4 5 7 4 2 2 HEP07 RM2B 3 6 21 11 17 1104 
1 27 23 2 2 ngHE HEP07 7 2 17 4 6 7 5 2 2 HEP07 RM2B 3 6 21 11 17 1104 
1 19 24 2 1 ngHE HEP07 7 2 9 4 7 8 0 2 2 HEP07 RM2B 4 11 21 12 10 1104 
1 20 24 3 1 ngHE HEP07 7 2 27 4 8 8 1 2 2 HEP07 RM2B 4 11 21 12 10 1104 
1 21 23 3 2 ngHE HEP07 7 2 26 4 9 8 2 2 2 HEP07 RM2B 4 11 21 12 10 1104 
1 23 23 3 2 ngHE HEP07 7 2 25 4 10 8 3 2 2 HEP07 RM2B 4 11 21 12 10 1104 
1 23 23 2 2 ngHE HEP07 7 2 20 4 11 8 4 2 2 HEP07 RM2B 4 11 21 12 10 1104 
1 25 23 2 2 ngHE HEP07 7 2 19 4 12 8 5 2 2 HEP07 RM2B 4 11 21 12 10 1104 
1 19 25 2 1 ngHE HEP07 7 3 16 1 1 1 0 1 3 HEP07 RM3A 1 2 21 12 13 1104 
1 20 25 3 1 ngHE HEP07 7 3 30 1 2 1 1 1 3 HEP07 RM3A 1 2 21 12 13 1104 
1 21 25 3 2 ngHE HEP07 7 3 31 1 3 1 2 1 3 HEP07 RM3A 1 2 21 12 13 1104 
1 23 25 3 2 ngHE HEP07 7 3 32 1 4 1 3 1 3 HEP07 RM3A 1 2 21 12 13 1104 
1 23 25 2 2 ngHE HEP07 7 3 21 1 5 1 4 1 3 HEP07 RM3A 1 2 21 12 13 1104 
1 25 25 2 2 ngHE HEP07 7 3 22 1 6 1 5 1 3 HEP07 RM3A 1 2 21 12 13 1104 
1 27 25 1 2 ngHE HEP07 7 3 8 1 7 2 0 1 3 HEP07 RM3A 2 7 21 11 18 1104 
1 N/C N/C N/C N/C ngHE HEP07 7 3 7 1 8 2 1 1 3 HEP07 RM3A 2 7 21 11 18 1104 
1 18 25 2 1 ngHE HEP07 7 3 15 1 9 2 2 1 3 HEP07 RM3A 2 7 21 11 18 1104 
1 17 25 2 1 ngHE HEP07 7 3 14 1 10 2 3 1 3 HEP07 RM3A 2 7 21 11 18 1104 
1 16 25 3 1 ngHE HEP07 7 3 13 1 11 2 4 1 3 HEP07 RM3A 2 7 21 11 18 1104 
1 27 25 2 2 ngHE HEP07 7 3 24 1 12 2 5 1 3 HEP07 RM3A 2 7 21 11 18 1104 
1 23 25 6 2 ngHE HEP07 7 3 44 2 1 3 0 1 3 HEP07 RM3A 3 3 21 12 14 1104 
1 23 25 5 2 ngHE HEP07 7 3 36 2 2 3 1 1 3 HEP07 RM3A 3 3 21 12 14 1104 
1 25 25 5 2 ngHE HEP07 7 3 37 2 3 3 2 1 3 HEP07 RM3A 3 3 21 12 14 1104 
1 25 25 6 2 ngHE HEP07 7 3 45 2 4 3 3 1 3 HEP07 RM3A 3 3 21 12 14 1104 
1 19 25 3 1 ngHE HEP07 7 3 29 2 5 3 4 1 3 HEP07 RM3A 3 3 21 12 14 1104 
1 25 25 3 2 ngHE HEP07 7 3 39 2 6 3 5 1 3 HEP07 RM3A 3 3 21 12 14 1104 
1 N/C N/C N/C N/C ngHE HEP07 7 3 23 2 7 4 0 1 3 HEP07 RM3A 4 8 21 11 19 1104 
1 27 25 5 2 ngHE HEP07 7 3 38 2 8 4 1 1 3 HEP07 RM3A 4 8 21 11 19 1104 
1 27 25 3 2 ngHE HEP07 7 3 40 2 9 4 2 1 3 HEP07 RM3A 4 8 21 11 19 1104 
1 27 25 7 2 ngHE HEP07 7 3 48 2 10 4 3 1 3 HEP07 RM3A 4 8 21 11 19 1104 
1 29 25 3 2 ngHE HEP07 7 3 47 2 11 4 4 1 3 HEP07 RM3A 4 8 21 11 19 1104 
1 27 25 6 2 ngHE HEP07 7 3 46 2 12 4 5 1 3 HEP07 RM3A 4 8 21 11 19 1104 
1 19 25 5 1 ngHE HEP07 7 3 33 3 1 5 0 2 3 HEP07 RM3B 1 4 21 12 15 1104 
1 25 25 4 2 ngHE HEP07 7 3 26 3 2 5 1 2 3 HEP07 RM3B 1 4 21 12 15 1104 
1 20 25 6 1 ngHE HEP07 7 3 42 3 3 5 2 2 3 HEP07 RM3B 1 4 21 12 15 1104 
1 20 25 5 1 ngHE HEP07 7 3 34 3 4 5 3 2 3 HEP07 RM3B 1 4 21 12 15 1104 
1 21 25 5 2 ngHE HEP07 7 3 35 3 5 5 4 2 3 HEP07 RM3B 1 4 21 12 15 1104 
1 21 25 6 2 ngHE HEP07 7 3 43 3 6 5 5 2 3 HEP07 RM3B 1 4 21 12 15 1104 
1 18 25 3 1 ngHE HEP07 7 3 28 3 7 6 0 2 3 HEP07 RM3B 2 9 21 11 20 1104 
1 27 25 4 2 ngHE HEP07 7 3 27 3 8 6 1 2 3 HEP07 RM3B 2 9 21 11 20 1104 
1 17 25 3 1 ngHE HEP07 7 3 12 3 9 6 2 2 3 HEP07 RM3B 2 9 21 11 20 1104 
1 18 25 5 1 ngHE HEP07 7 3 11 3 10 6 3 2 3 HEP07 RM3B 2 9 21 11 20 1104 
1 18 25 1 1 ngHE HEP07 7 3 1 3 11 6 4 2 3 HEP07 RM3B 2 9 21 11 20 1104 
1 18 25 4 1 ngHE HEP07 7 3 9 3 12 6 5 2 3 HEP07 RM3B 2 9 21 11 20 1104 
1 19 25 1 1 ngHE HEP07 7 3 2 4 1 7 0 2 3 HEP07 RM3B 3 5 21 12 16 1104 
1 20 25 1 1 ngHE HEP07 7 3 3 4 2 7 1 2 3 HEP07 RM3B 3 5 21 12 16 1104 
1 21 25 1 2 ngHE HEP07 7 3 4 4 3 7 2 2 3 HEP07 RM3B 3 5 21 12 16 1104 
1 23 25 1 2 ngHE HEP07 7 3 5 4 4 7 3 2 3 HEP07 RM3B 3 5 21 12 16 1104 
1 19 25 4 1 ngHE HEP07 7 3 10 4 5 7 4 2 3 HEP07 RM3B 3 5 21 12 16 1104 
1 25 25 1 2 ngHE HEP07 7 3 6 4 6 7 5 2 3 HEP07 RM3B 3 5 21 12 16 1104 
1 19 25 6 1 ngHE HEP07 7 3 41 4 7 8 0 2 3 HEP07 RM3B 4 6 21 12 17 1104 
1 23 25 4 2 ngHE HEP07 7 3 25 4 8 8 1 2 3 HEP07 RM3B 4 6 21 12 17 1104 
1 21 25 2 2 ngHE HEP07 7 3 20 4 9 8 2 2 3 HEP07 RM3B 4 6 21 12 17 1104 
1 20 25 2 1 ngHE HEP07 7 3 19 4 10 8 3 2 3 HEP07 RM3B 4 6 21 12 17 1104 
1 21 25 4 2 ngHE HEP07 7 3 18 4 11 8 4 2 3 HEP07 RM3B 4 6 21 12 17 1104 
1 20 25 4 1 ngHE HEP07 7 3 17 4 12 8 5 2 3 HEP07 RM3B 4 6 21 12 17 1104 
1 19 26 5 1 ngHE HEP07 7 4 40 1 1 1 0 1 4 HEP07 RM4A 1 7 21 12 18 1104 
1 19 26 6 1 ngHE HEP07 7 4 48 1 2 1 1 1 4 HEP07 RM4A 1 7 21 12 18 1104 
1 22 25 2 2 ngHE HEP07 7 4 21 1 3 1 2 1 4 HEP07 RM4A 1 7 21 12 18 1104 
1 20 26 2 1 ngHE HEP07 7 4 22 1 4 1 3 1 4 HEP07 RM4A 1 7 21 12 18 1104 
1 22 25 4 2 ngHE HEP07 7 4 23 1 5 1 4 1 4 HEP07 RM4A 1 7 21 12 18 1104 
1 20 26 4 1 ngHE HEP07 7 4 24 1 6 1 5 1 4 HEP07 RM4A 1 7 21 12 18 1104 
1 19 26 1 1 ngHE HEP07 7 4 7 1 7 2 0 1 4 HEP07 RM4A 2 8 21 12 19 1104 
1 20 26 1 1 ngHE HEP07 7 4 6 1 8 2 1 1 4 HEP07 RM4A 2 8 21 12 19 1104 
1 22 25 1 2 ngHE HEP07 7 4 5 1 9 2 2 1 4 HEP07 RM4A 2 8 21 12 19 1104 
1 24 25 1 2 ngHE HEP07 7 4 4 1 10 2 3 1 4 HEP07 RM4A 2 8 21 12 19 1104 
1 19 26 4 1 ngHE HEP07 7 4 15 1 11 2 4 1 4 HEP07 RM4A 2 8 21 12 19 1104 
1 26 25 1 2 ngHE HEP07 7 4 3 1 12 2 5 1 4 HEP07 RM4A 2 8 21 12 19 1104 
1 24 25 6 2 ngHE HEP07 7 4 45 2 1 3 0 1 4 HEP07 RM4A 3 9 21 12 20 1104 
1 26 25 4 2 ngHE HEP07 7 4 31 2 2 3 1 1 4 HEP07 RM4A 3 9 21 12 20 1104 
1 20 26 5 1 ngHE HEP07 7 4 39 2 3 3 2 1 4 HEP07 RM4A 3 9 21 12 20 1104 
1 22 25 6 2 ngHE HEP07 7 4 46 2 4 3 3 1 4 HEP07 RM4A 3 9 21 12 20 1104 
1 24 25 4 2 ngHE HEP07 7 4 32 2 5 3 4 1 4 HEP07 RM4A 3 9 21 12 20 1104 
1 20 26 6 1 ngHE HEP07 7 4 47 2 6 3 5 1 4 HEP07 RM4A 3 9 21 12 20 1104 
1 18 26 1 1 ngHE HEP07 7 4 8 2 7 4 0 1 4 HEP07 RM4A 4 10 21 11 21 1104 
1 18 26 4 1 ngHE HEP07 7 4 16 2 8 4 1 1 4 HEP07 RM4A 4 10 21 11 21 1104 
1 18 26 5 1 ngHE HEP07 7 4 14 2 9 4 2 1 4 HEP07 RM4A 4 10 21 11 21 1104 
1 17 26 3 1 ngHE HEP07 7 4 13 2 10 4 3 1 4 HEP07 RM4A 4 10 21 11 21 1104 
1 28 25 4 2 ngHE HEP07 7 4 30 2 11 4 4 1 4 HEP07 RM4A 4 10 21 11 21 1104 
1 18 26 3 1 ngHE HEP07 7 4 29 2 12 4 5 1 4 HEP07 RM4A 4 10 21 11 21 1104 
1 28 25 7 2 ngHE HEP07 7 4 41 3 1 5 0 2 4 HEP07 RM4B 1 11 21 11 22 1104 
1 28 25 3 2 ngHE HEP07 7 4 33 3 2 5 1 2 4 HEP07 RM4B 1 11 21 11 22 1104 
1 28 25 5 2 ngHE HEP07 7 4 35 3 3 5 2 2 4 HEP07 RM4B 1 11 21 11 22 1104 
1 28 25 6 2 ngHE HEP07 7 4 43 3 4 5 3 2 4 HEP07 RM4B 1 11 21 11 22 1104 
1 26 25 7 2 ngHE HEP07 7 4 42 3 5 5 4 2 4 HEP07 RM4B 1 11 21 11 22 1104 
1 28 25 2 2 ngHE HEP07 7 4 18 3 6 5 5 2 4 HEP07 RM4B 1 11 21 11 22 1104 
1 22 25 5 2 ngHE HEP07 7 4 38 3 7 6 0 2 4 HEP07 RM4B 2 10 21 12 21 1104 
1 24 25 5 2 ngHE HEP07 7 4 37 3 8 6 1 2 4 HEP07 RM4B 2 10 21 12 21 1104 
1 26 25 6 2 ngHE HEP07 7 4 44 3 9 6 2 2 4 HEP07 RM4B 2 10 21 12 21 1104 
1 26 25 5 2 ngHE HEP07 7 4 36 3 10 6 3 2 4 HEP07 RM4B 2 10 21 12 21 1104 
1 19 26 3 1 ngHE HEP07 7 4 28 3 11 6 4 2 4 HEP07 RM4B 2 10 21 12 21 1104 
1 26 25 3 2 ngHE HEP07 7 4 34 3 12 6 5 2 4 HEP07 RM4B 2 10 21 12 21 1104 
1 29 25 1 2 ngHE HEP07 7 4 1 4 1 7 0 2 4 HEP07 RM4B 3 12 21 11 23 1104 
1 28 25 1 2 ngHE HEP07 7 4 2 4 2 7 1 2 4 HEP07 RM4B 3 12 21 11 23 1104 
1 18 26 2 1 ngHE HEP07 7 4 10 4 3 7 2 2 4 HEP07 RM4B 3 12 21 11 23 1104 
1 17 26 2 1 ngHE HEP07 7 4 11 4 4 7 3 2 4 HEP07 RM4B 3 12 21 11 23 1104 
1 16 26 3 1 ngHE HEP07 7 4 12 4 5 7 4 2 4 HEP07 RM4B 3 12 21 11 23 1104 
1 29 25 2 2 ngHE HEP07 7 4 17 4 6 7 5 2 4 HEP07 RM4B 3 12 21 11 23 1104 
1 19 26 2 1 ngHE HEP07 7 4 9 4 7 8 0 2 4 HEP07 RM4B 4 11 21 12 22 1104 
1 20 26 3 1 ngHE HEP07 7 4 27 4 8 8 1 2 4 HEP07 RM4B 4 11 21 12 22 1104 
1 22 25 3 2 ngHE HEP07 7 4 26 4 9 8 2 2 4 HEP07 RM4B 4 11 21 12 22 1104 
1 24 25 3 2 ngHE HEP07 7 4 25 4 10 8 3 2 4 HEP07 RM4B 4 11 21 12 22 1104 
1 24 25 2 2 ngHE HEP07 7 4 20 4 11 8 4 2 4 HEP07 RM4B 4 11 21 12 22 1104 
1 26 25 2 2 ngHE HEP07 7 4 19 4 12 8 5 2 4 HEP07 RM4B 4 11 21 12 22 1104 
