 4200458C 34 10 u 0 0 0 0 HT 1 63 0
 4200458C 34 10 u 0 0 0 1 HT 1 64 0
 4200458C 34 10 u 0 0 0 2 HT 1 65 0
 4200458C 34 10 u 0 0 0 3 HT 1 66 0
 4200458C 34 10 u 0 0 4 4 HT 10 63 0
 4200458C 34 10 u 0 0 4 5 HT 10 64 0
 4200458C 34 10 u 0 0 4 6 HT 10 65 0
 4200458C 34 10 u 0 0 4 7 HT 10 66 0
 4200458C 34 10 u 0 0 5 0 HT 11 63 0
 4200458C 34 10 u 0 0 5 1 HT 11 64 0
 4200458C 34 10 u 0 0 5 2 HT 11 65 0
 4200458C 34 10 u 0 0 5 3 HT 11 66 0
 4200458C 34 10 u 0 0 5 4 HT 12 63 0
 4200458C 34 10 u 0 0 5 5 HT 12 64 0
 4200458C 34 10 u 0 0 5 6 HT 12 65 0
 4200458C 34 10 u 0 0 5 7 HT 12 66 0
 4200458C 34 11 u 0 0 0 0 HT 13 63 0
 4200458C 34 11 u 0 0 0 1 HT 13 64 0
 4200458C 34 11 u 0 0 0 2 HT 13 65 0
 4200458C 34 11 u 0 0 0 3 HT 13 66 0
 4200458C 34 11 u 0 0 0 4 HT 14 63 0
 4200458C 34 11 u 0 0 0 5 HT 14 64 0
 4200458C 34 11 u 0 0 0 6 HT 14 65 0
 4200458C 34 11 u 0 0 0 7 HT 14 66 0
 4200458C 34 11 u 0 0 1 0 HT 15 63 0
 4200458C 34 11 u 0 0 1 1 HT 15 64 0
 4200458C 34 11 u 0 0 1 2 HT 15 65 0
 4200458C 34 11 u 0 0 1 3 HT 15 66 0
 4200458C 34 11 u 0 0 1 4 HT 16 63 0
 4200458C 34 11 u 0 0 1 5 HT 16 64 0
 4200458C 34 11 u 0 0 1 6 HT 16 65 0
 4200458C 34 11 u 0 0 1 7 HT 16 66 0
 4200458C 34 11 u 0 0 2 0 HT 17 63 0
 4200458C 34 11 u 0 0 2 1 HT 17 64 0
 4200458C 34 11 u 0 0 2 2 HT 17 65 0
 4200458C 34 11 u 0 0 2 3 HT 17 66 0
 4200458C 34 11 u 0 0 2 4 HT 18 63 0
 4200458C 34 11 u 0 0 2 5 HT 18 64 0
 4200458C 34 11 u 0 0 2 6 HT 18 65 0
 4200458C 34 11 u 0 0 2 7 HT 18 66 0
 4200458C 34 12 u 0 0 0 0 HT 19 63 0
 4200458C 34 12 u 0 0 0 1 HT 19 64 0
 4200458C 34 12 u 0 0 0 2 HT 19 65 0
 4200458C 34 12 u 0 0 0 3 HT 19 66 0
 4200458C 34 10 u 0 0 0 4 HT 2 63 0
 4200458C 34 10 u 0 0 0 5 HT 2 64 0
 4200458C 34 10 u 0 0 0 6 HT 2 65 0
 4200458C 34 10 u 0 0 0 7 HT 2 66 0
 4200458C 34 12 u 0 0 0 4 HT 20 63 0
 4200458C 34 12 u 0 0 0 5 HT 20 64 0
 4200458C 34 12 u 0 0 0 6 HT 20 65 0
 4200458C 34 12 u 0 0 0 7 HT 20 66 0
 4200458C 34 12 u 0 0 1 0 HT 21 63 0
 4200458C 34 12 u 0 0 1 1 HT 21 64 0
 4200458C 34 12 u 0 0 1 2 HT 21 65 0
 4200458C 34 12 u 0 0 1 3 HT 21 66 0
 4200458C 34 12 u 0 0 1 4 HT 22 63 0
 4200458C 34 12 u 0 0 1 5 HT 22 64 0
 4200458C 34 12 u 0 0 1 6 HT 22 65 0
 4200458C 34 12 u 0 0 1 7 HT 22 66 0
 4200458C 34 12 u 0 0 2 0 HT 23 63 0
 4200458C 34 12 u 0 0 2 1 HT 23 64 0
 4200458C 34 12 u 0 0 2 2 HT 23 65 0
 4200458C 34 12 u 0 0 2 3 HT 23 66 0
 4200458C 34 12 u 0 0 2 4 HT 24 63 0
 4200458C 34 12 u 0 0 2 5 HT 24 64 0
 4200458C 34 12 u 0 0 2 6 HT 24 65 0
 4200458C 34 12 u 0 0 2 7 HT 24 66 0
 4200458C 34 12 u 0 0 3 0 HT 25 63 0
 4200458C 34 12 u 0 0 3 1 HT 25 64 0
 4200458C 34 12 u 0 0 3 2 HT 25 65 0
 4200458C 34 12 u 0 0 3 3 HT 25 66 0
 4200458C 34 12 u 0 0 3 4 HT 26 63 0
 4200458C 34 12 u 0 0 3 5 HT 26 64 0
 4200458C 34 12 u 0 0 3 6 HT 26 65 0
 4200458C 34 12 u 0 0 3 7 HT 26 66 0
 4200458C 34 11 u 0 0 3 0 HT 27 63 0
 4200458C 34 11 u 0 0 3 1 HT 27 64 0
 4200458C 34 11 u 0 0 3 2 HT 27 65 0
 4200458C 34 11 u 0 0 3 3 HT 27 66 0
 4200458C 34 11 u 0 0 3 4 HT 28 63 0
 4200458C 34 11 u 0 0 3 5 HT 28 64 0
 4200458C 34 11 u 0 0 3 6 HT 28 65 0
 4200458C 34 11 u 0 0 3 7 HT 28 66 0
 4200458C 34 10 u 0 0 1 0 HT 3 63 0
 4200458C 34 10 u 0 0 1 1 HT 3 64 0
 4200458C 34 10 u 0 0 1 2 HT 3 65 0
 4200458C 34 10 u 0 0 1 3 HT 3 66 0
 4200458C 34 10 u 0 0 1 4 HT 4 63 0
 4200458C 34 10 u 0 0 1 5 HT 4 64 0
 4200458C 34 10 u 0 0 1 6 HT 4 65 0
 4200458C 34 10 u 0 0 1 7 HT 4 66 0
 4200458C 34 10 u 0 0 2 0 HT 5 63 0
 4200458C 34 10 u 0 0 2 1 HT 5 64 0
 4200458C 34 10 u 0 0 2 2 HT 5 65 0
 4200458C 34 10 u 0 0 2 3 HT 5 66 0
 4200458C 34 10 u 0 0 2 4 HT 6 63 0
 4200458C 34 10 u 0 0 2 5 HT 6 64 0
 4200458C 34 10 u 0 0 2 6 HT 6 65 0
 4200458C 34 10 u 0 0 2 7 HT 6 66 0
 4200458C 34 10 u 0 0 3 0 HT 7 63 0
 4200458C 34 10 u 0 0 3 1 HT 7 64 0
 4200458C 34 10 u 0 0 3 2 HT 7 65 0
 4200458C 34 10 u 0 0 3 3 HT 7 66 0
 4200458C 34 10 u 0 0 3 4 HT 8 63 0
 4200458C 34 10 u 0 0 3 5 HT 8 64 0
 4200458C 34 10 u 0 0 3 6 HT 8 65 0
 4200458C 34 10 u 0 0 3 7 HT 8 66 0
 4200458C 34 10 u 0 0 4 0 HT 9 63 0
 4200458C 34 10 u 0 0 4 1 HT 9 64 0
 4200458C 34 10 u 0 0 4 2 HT 9 65 0
 4200458C 34 10 u 0 0 4 3 HT 9 66 0
# i cr sl tb dcc spigot fib/slb fibch/slbch subdet eta phi dep
