# HE QIE11 Constants table
# Eta Phi Depth Det Offsets*16 Slopes*16
19 63 2 HE -0.5 -3.38842827123 4.67646152202 -8.88429798197 -0.5 1.84976567672 9.61246600501 40.8756225883 -0.5 -1.70443599948 8.96673090401 68.9998937396 -0.5 -2.07093952309 9.11390342811 28.494965746 0.0510049638062 0.0517412025101 0.0516369926597 0.051378543268 0.0509224360936 0.0515782344284 0.0514436190842 0.0509265376241 0.0509542642826 0.0516946708119 0.0514476351577 0.0506967614927 0.050930376412 0.051598433811 0.0514319638053 0.0511021607623
20 63 3 HE -0.5 3.01088460899 0.476150787532 33.4711070868 -0.5 6.65836980684 8.39856314294 69.2550888544 -0.5 0.745418743265 6.29476775434 47.543140481 -0.5 0.499915234015 2.38745386951 51.3483470327 0.0522562257416 0.0533355392387 0.052140033282 0.0520844363189 0.052230619871 0.0531032848432 0.0519445776896 0.0518373123635 0.0522322167781 0.0532465179486 0.0519031173474 0.0517448397297 0.0521771060879 0.0532363849674 0.0518442044941 0.0517299011298
22 63 3 HE -0.5 -1.45383027032 5.31082743158 -21.1233434255 -0.5 2.35885781466 4.23805190642 -32.7228646245 -0.5 -3.27419997739 4.32819668821 -8.43574292105 -0.5 -3.04805656336 4.66215147776 -29.3719945881 0.0523110686595 0.0525650319756 0.052286101707 0.053196642052 0.0523431492485 0.0526812674957 0.05221788647 0.0531743633163 0.0522616486682 0.0525111055099 0.0522034862902 0.0530310655912 0.0521921760499 0.0524605010752 0.0521118751095 0.0529667330982
24 63 3 HE -0.5 2.63493459357 5.56635613304 19.4541566462 -0.5 6.22110436155 3.5024023369 1.54080381054 -0.5 7.35828388478 4.44359211611 19.3283938699 -0.5 0.740509340209 7.60605534972 -6.33177335429 0.0523679841519 0.0535980827939 0.0532859070682 0.05345522475 0.0525038547374 0.0534076894462 0.0531510125637 0.0536274411056 0.0524467818198 0.0533374831372 0.0529666436776 0.053369551976 0.0523460114887 0.0534567160039 0.0530333817995 0.0535773604663
24 63 2 HE -0.5 0.757897401893 2.91901597194 -8.50316851606 -0.5 4.00407805505 7.32758987299 -63.2442966125 -0.5 6.22072186735 2.75058959676 -58.4289548107 -0.5 -0.298410553426 1.17502483049 -85.5263281771 0.0526935154075 0.053522514424 0.0536112082784 0.0525360203294 0.0526128894113 0.0534688869056 0.0533881267547 0.0526938172142 0.0524475798469 0.0532747386452 0.053465219466 0.0526446735126 0.0525198802745 0.0533852519462 0.0534953008297 0.0525390785125
26 63 2 HE -0.5 2.68593605349 6.40355760659 -3.6583626035 -0.5 2.01563136814 5.09968604296 18.0716450807 -0.5 3.4908702003 6.16284159786 26.919549287 -0.5 0.062518536639 4.93222240067 25.8452611473 0.0527355142004 0.0536174956595 0.0530745221393 0.052854490177 0.0526106862835 0.053582293957 0.0529987771067 0.0524332886513 0.0525116317022 0.05332362685 0.0529624094256 0.0525013865309 0.0524451025285 0.053370420335 0.0529620432027 0.0523939653997
29 63 1 HE -0.5 -2.07870586769 2.10372119675 28.0463976291 -0.5 4.71524799806 4.83248735123 103.749209636 -0.5 -1.67594914209 3.23429988922 73.7536038389 -0.5 -1.10949075967 4.01174801174 74.9514814767 0.0523096269516 0.0521801446828 0.0521168859589 0.0515565582562 0.0522918524971 0.0520671207284 0.0519806811115 0.0510245929823 0.0521712216283 0.0521245267347 0.0519937003914 0.0510356440323 0.0521851686886 0.0519988711301 0.0517924340889 0.0510305470035
28 63 1 HE -0.5 -3.99691472794 1.17073227972 4.60726709213 -0.5 -5.3092985696 -1.0985462946 -37.1482718387 -0.5 -2.98231620922 -0.778581854281 -42.6591816153 -0.5 -2.04034339116 -0.255165070962 5.15736511482 0.0521926586868 0.052312923608 0.0519375271561 0.051443285927 0.0520284761292 0.0522562820774 0.0518999674828 0.0516833103877 0.0519239245403 0.0521709575091 0.0517891167352 0.0514468630766 0.0518829412087 0.052132464754 0.0517684893575 0.0512584755179
18 63 2 HE -0.5 -0.935595977232 -0.232532354539 20.764823801 -0.5 1.66660100081 7.96153746368 69.1306161697 -0.5 4.40916720963 7.29218403907 25.9538900806 -0.5 3.97294668949 11.1348589597 67.743184877 0.0521768614856 0.0531031332275 0.0535897955694 0.051997775463 0.0521117939765 0.0530329433722 0.0533335943176 0.0516809703395 0.052026623648 0.0529582687503 0.0530881194459 0.0518237855531 0.0520039174029 0.0528183855585 0.0530151533328 0.0516628604975
17 63 2 HE -0.5 -1.93892143267 6.00688104764 25.2860289246 -0.5 -3.6081425266 8.28226076153 23.9513476152 -0.5 0.559030289316 4.30175161956 31.4305785903 -0.5 -2.75369520871 10.5895746486 17.5660149905 0.051590535056 0.0522417686812 0.0522963240611 0.0512062943968 0.0515100715918 0.0520598605344 0.05208556331 0.0509717336981 0.0515047415523 0.0520457497989 0.0520633394849 0.0509630619944 0.0513711287835 0.0519790010744 0.0518958853983 0.0508517236127
16 63 4 HE -0.5 -1.66319274654 4.47814844211 29.3433125829 -0.5 -0.638690619587 4.26007490786 35.7765104119 -0.5 0.412372722521 -0.117257229558 50.4136894368 -0.5 1.45521390049 4.67112704588 24.9107419887 0.0516196369957 0.0517095174136 0.0517388085942 0.0518114361646 0.0515345890861 0.0516813489508 0.0515827164062 0.051659792236 0.051607577622 0.0514621258017 0.051494905321 0.0516160661142 0.0515281645696 0.0514634385205 0.0513784158372 0.0514646276238
29 63 2 HE -0.5 -0.733142492618 4.07005363457 12.9595267853 -0.5 1.6130671099 4.48032918245 9.72845148962 -0.5 -1.16406990431 -0.517146745849 32.7529973667 -0.5 0.150803202966 1.7457098798 19.7217733034 0.0520297008304 0.0526584919597 0.0510404625663 0.0526885688131 0.0521464904445 0.0527521347158 0.050826092459 0.0528268093172 0.0520325271429 0.0527490444597 0.0508739458159 0.0524491053079 0.0519386902368 0.0524460440186 0.0507119528853 0.0525456012237
24 63 6 HE -0.5 -0.0524196520517 -1.41965757439 37.7235839033 -0.5 0.589871869823 4.80827296672 33.9688394785 -0.5 -1.12246095457 6.97369904051 12.4568389667 -0.5 1.77354942825 2.88952736761 53.7123908977 0.0506838767704 0.0510049162632 0.0505636011619 0.0508022475538 0.0505853286736 0.0509871537186 0.0502205220469 0.0505384417081 0.0504968470906 0.0510308163639 0.0502137008613 0.0506404348716 0.050576812608 0.0506526282409 0.0501815908299 0.0504678847097
24 63 5 HE -0.5 4.83040017115 3.04708717049 -12.5249100365 -0.5 3.2478221579 5.34260473749 23.4922768939 -0.5 4.84006838144 6.23352463287 42.6663348459 -0.5 4.91288295365 4.71173749757 15.8117244791 0.051678692863 0.0528606659051 0.0518375534579 0.051946375668 0.0516918840155 0.0527168725363 0.0516912716653 0.0519130374774 0.0516171484969 0.0526572187638 0.0515021562126 0.0517741079545 0.0516099332304 0.0524817967925 0.0515272579722 0.0517457948027
26 63 5 HE -0.5 -2.31012441858 1.59320223458 14.1763414415 -0.5 -0.447552409264 6.11467171875 35.7366760992 -0.5 0.182246989508 8.92102760688 36.0624536931 -0.5 2.47425019652 9.87886695576 35.9525852101 0.0513910021771 0.0517935614033 0.051369095783 0.0518598620761 0.051200220114 0.0517152233533 0.0511386975636 0.051695530156 0.0512020452413 0.0516006956753 0.0509306018734 0.0515815262067 0.0511452846289 0.0514932224227 0.050857147195 0.0515815152819
26 63 6 HE -0.5 0.561190094335 3.74414958985 -7.23293584377 -0.5 -0.213198594844 7.33690697431 36.7077197006 -0.5 0.0879224034462 2.22074291192 -37.8146907658 -0.5 0.927104951683 8.49818095148 -20.3788128947 0.0521135754395 0.0530626624061 0.0536062637123 0.0521772044625 0.0520341125643 0.0528940034127 0.053469544762 0.0519547364711 0.0519287171591 0.0528805089301 0.0534009623609 0.0521330500298 0.0519342451145 0.0528491742405 0.0532292915068 0.0521037783122
19 63 3 HE -0.5 -6.29955540267 0.0854460051399 -27.9231403576 -0.5 -1.48740052973 11.5606149667 42.8807996747 -0.5 0.0282462936035 7.59807514059 39.0677656297 -0.5 0.298480735795 6.29081486934 36.5289452581 0.0510058310768 0.0509519632553 0.0511687767898 0.0517903012576 0.0507810554901 0.0506891418603 0.050869236282 0.0515009345715 0.0508571190022 0.0506967946489 0.0508483365385 0.0514408629131 0.0507329905072 0.0505236803045 0.0508511529091 0.0514150341782
26 63 3 HE -0.5 2.44208559851 1.69076479837 -9.87570383484 -0.5 5.60003443635 3.72938180568 50.9404202417 -0.5 2.75160097349 5.27165228369 -2.77692022163 -0.5 -3.07177369803 4.60499627723 -12.3339576936 0.0517418556667 0.0523967198214 0.0514565094014 0.0514815307992 0.0515049355087 0.0522534166544 0.0511448815332 0.0510838604672 0.0515492877528 0.0522411169676 0.051070969622 0.0513276050961 0.0513864080827 0.052334743208 0.0510671380222 0.0512420997331
28 63 2 HE -0.5 3.7818711774 4.56236722208 -9.28259625742 -0.5 3.42246259088 3.68206294688 -7.73940969612 -0.5 4.24640870321 4.550306147 16.2492812556 -0.5 0.810953112736 5.07829322477 -3.48441514254 0.0524600790597 0.0529141379521 0.0521388318783 0.052940302629 0.0524577214514 0.0528611541564 0.0520496032381 0.0528751950267 0.052292758656 0.0527351392323 0.051955149246 0.0526414525728 0.05234361502 0.0528921628616 0.0519635640187 0.052730144615
28 63 5 HE -0.5 1.4437176985 -0.063295471381 7.23591372922 -0.5 3.38033776015 1.47627130522 2.89696745012 -0.5 2.66357112421 0.738333890843 -10.1598081621 -0.5 1.74520319548 0.51714420128 22.619193947 0.0518220858343 0.0536680179629 0.0533149839371 0.0521043737936 0.0517867673023 0.0535169301692 0.0532048718816 0.0518623864999 0.0516798700856 0.0534407599801 0.0530535730533 0.0517721759111 0.0517247187726 0.0532831473504 0.0529542132236 0.0515352812388
28 63 3 HE -0.5 -2.88483936925 3.81563381621 -18.2000054964 -0.5 0.925940190078 8.41028472297 -9.16713151289 -0.5 0.920892388339 3.54088277427 -4.79776188767 -0.5 -2.1185311484 2.8627252558 8.36919437128 0.0523480074388 0.0530141171426 0.0520741519191 0.0540773274037 0.0522954981943 0.0527530704307 0.0518780994644 0.0542003297574 0.0521996633197 0.0527170920358 0.0517774522894 0.0539786723877 0.0522306891215 0.0527441225324 0.0520064886021 0.05381194337
28 63 7 HE -0.5 -3.77257525658 -0.876158894488 11.5032972797 -0.5 -4.13672993043 0.764545620447 -8.65120344276 -0.5 -5.03168637273 -4.46388485479 -0.248184833338 -0.5 -3.1017558952 3.79457016348 13.3975352048 0.0524881701152 0.0524172316074 0.0533531488969 0.0521579541583 0.0527277298477 0.0524999246961 0.0532199044733 0.0521008661379 0.0523750892155 0.052394348367 0.0532573211852 0.0520159853064 0.052641929838 0.0523402650598 0.052948098837 0.0519243040535
26 63 7 HE -0.5 0.0586296252862 -1.36463546851 5.85798157463 -0.5 0.403109986559 2.37360263042 87.4171388501 -0.5 0.285294797385 0.695892948538 82.8793254405 -0.5 1.78570297872 5.18326185776 -1.47847959216 0.0522536098148 0.0526930049125 0.0524595244831 0.0511032913362 0.0520932024818 0.0524714860607 0.0522972348025 0.0508654112085 0.0520956231964 0.0524763015147 0.0522041231405 0.0506114058312 0.0521271404045 0.0524460901644 0.0520981566611 0.0508592383338
28 63 6 HE -0.5 -4.97363427768 -2.25745223738 -6.31317090471 -0.5 0.342407308975 4.34805623054 34.1548629493 -0.5 -3.3519239078 -1.23396035471 -3.98503002516 -0.5 -5.01039239376 3.59723348635 14.7097346344 0.0514303533319 0.0509587807601 0.0508739942999 0.0501829871315 0.0513539843916 0.0508509583797 0.0507205345253 0.049778084023 0.0512950172743 0.0508397297797 0.0506424621431 0.049832276703 0.0513110303807 0.0508572080695 0.0505364594792 0.0498324800811
19 63 5 HE -0.5 -1.29355564029 -1.66201389124 -25.7584576373 -0.5 3.40587300799 5.16060676661 1.16985905379 -0.5 -5.36947058151 5.28448390662 -12.0367579917 -0.5 -1.52726977135 4.22720627571 -11.4367932842 0.0517905044132 0.0524916753168 0.0525325429932 0.0516371508404 0.0517165810601 0.052289221233 0.0522822831045 0.0514952430856 0.0517591871924 0.0522801564911 0.0521769377999 0.0516489012844 0.0516638074305 0.0523675788444 0.0520101811265 0.0515332845784
26 63 4 HE -0.5 4.22246895481 7.43637730422 24.6296879002 -0.5 3.29886447121 6.07305491575 66.4170192802 -0.5 0.463989448105 6.36668659764 26.6757534861 -0.5 1.12800250446 7.23668612146 27.6202335463 0.0511331911119 0.0522923582544 0.0516958447369 0.0520359630378 0.0510987218806 0.0522152458624 0.0515822571149 0.0519487473252 0.051064403017 0.0521453630439 0.0514662420974 0.0520467336461 0.0510851461782 0.0520686014058 0.0514485932759 0.0520406825754
20 63 6 HE -0.5 -3.91095386823 4.06255411492 7.02108820562 -0.5 -5.14336308647 6.9914973834 -20.3592595671 -0.5 0.0916090539316 5.12784617741 -25.3248455816 -0.5 -1.35347514744 8.37346885792 10.3044419495 0.0508123212991 0.0516460804083 0.0522695052354 0.0509968704023 0.0508743531311 0.051719591398 0.0519809877875 0.0508219212569 0.0506291031093 0.0513803842775 0.0518746230167 0.0507662122682 0.0507153851555 0.0513739114497 0.0519172738421 0.0507518373625
20 63 5 HE -0.5 2.21312168676 -0.0469119165153 -18.9165673155 -0.5 -1.85051222266 3.23900079783 0.106033350473 -0.5 2.58918775136 2.96091963418 -13.6982039991 -0.5 -3.66101162985 0.648457869888 -9.16379092016 0.0517772345747 0.0527290290844 0.0520816282091 0.0515215217853 0.0516856010708 0.0525603428766 0.0519077943931 0.0514279942289 0.0517678159042 0.0524253025064 0.0518686957847 0.0515970694657 0.0516367415947 0.0525707694015 0.0518283842655 0.0514889781186
22 63 5 HE -0.5 1.55810051044 4.43254169062 -3.13052358859 -0.5 4.86039509962 8.13806984636 61.1137632788 -0.5 5.42815001652 7.23173083191 65.2975328427 -0.5 1.27578653238 9.89645037388 63.9988852289 0.0514723195404 0.0524692456977 0.0516145192252 0.0523063617278 0.0513532942413 0.0525152890053 0.0514130510171 0.0519044628988 0.0513669537103 0.0523885307036 0.0513590439538 0.0516468183899 0.0512213969936 0.0522529923056 0.0512193531012 0.0515970772564
22 63 6 HE -0.5 -2.60613197303 -0.0368898715661 -39.2033760285 -0.5 -3.19911295647 1.4079757497 -109.573385065 -0.5 -3.17899377141 2.34023931068 -61.804955693 -0.5 -0.905700516344 2.95518141516 -69.2889382794 0.0506397297085 0.0514337620454 0.0518170598236 0.0503121161454 0.0506309038458 0.0514487729929 0.0515842480245 0.0508278124439 0.0505068410859 0.0512417349228 0.0515722174375 0.0506316804262 0.0504596456707 0.051206501027 0.0514540427258 0.0501203907959
18 63 3 HE -0.5 -3.17466956412 4.40338730059 -13.5354113325 -0.5 -9.25158293656 3.58682091571 -48.7099855786 -0.5 -3.90853225503 2.27131436193 -6.36465188225 -0.5 -8.87494052636 3.37693852367 -30.0048310246 0.0512893068858 0.0518240822674 0.0508583949379 0.0503270558167 0.0511662788442 0.0519740314908 0.0506578996412 0.0502508787205 0.0509451562419 0.0517732256384 0.0505249031937 0.0503579640042 0.0509397533885 0.0519573342198 0.0505077683008 0.0503230155695
28 63 4 HE -0.5 -2.27287752281 1.58473996054 17.6444111392 -0.5 2.64460300602 -3.01119164028 -16.5776519879 -0.5 -1.08688246694 0.0168807809939 -2.63834160421 -0.5 -0.435865130572 -2.64760684846 -45.5419793988 0.0522464063084 0.0535067092264 0.0536569255197 0.0519811123987 0.0521807283018 0.0532075576027 0.0534647758196 0.052222334438 0.0520610273187 0.0532171970542 0.0534362818504 0.0521159472977 0.0521326081573 0.053206565853 0.0534034932482 0.0523212612382
17 63 3 HE -0.5 -2.30603933618 1.56926441872 -10.7895576364 -0.5 -2.54398928559 4.34447149286 -12.0513562234 -0.5 -1.09711178466 0.159897656514 -27.6052602686 -0.5 -0.490735060027 3.44550996147 -41.1282985721 0.0512877770852 0.0516517144945 0.0510117545939 0.0509911701309 0.0510015524976 0.0517179116309 0.0508283148658 0.0510629206742 0.0510749244533 0.0515864056804 0.0507234038074 0.0511183480095 0.050908153228 0.0515131192512 0.050652451448 0.0511817017714
18 63 5 HE -0.5 -1.09912607268 4.73582967417 42.1106024346 -0.5 -3.32249256512 1.97928478105 25.537669528 -0.5 -4.08492639093 4.23171700151 28.5139259295 -0.5 -3.01149590381 5.00962864413 33.6203446367 0.0510677458855 0.0512686184129 0.0519024830583 0.0520252160169 0.0509394939894 0.0512304173777 0.0517534559431 0.0520576274186 0.0509350321077 0.0514257797389 0.0516260406232 0.052017815128 0.0509094711064 0.0512167848374 0.051616250143 0.051922635319
18 63 1 HE -0.5 3.11251580011 1.26659637589 2.19586488058 -0.5 1.61731797672 3.56054750026 77.719834203 -0.5 3.67379171113 2.93237645968 47.2470606574 -0.5 3.66420694568 2.2787917714 71.2664378671 0.0502972261668 0.0519187265723 0.0512159909091 0.0515716072392 0.0500648526161 0.0518787855487 0.0511809512057 0.0511720570619 0.0500110725448 0.0517614834153 0.0511468951797 0.051274436453 0.050067591864 0.0517472514748 0.0511675691697 0.0511917228745
18 63 4 HE -0.5 4.61578644881 6.90030462681 9.45930535399 -0.5 7.03431126924 6.09150020199 36.8447138736 -0.5 5.64505013465 9.11103918834 21.1312816463 -0.5 5.86572342261 8.01515269144 58.3166189431 0.0522424629798 0.0534401109609 0.0538207242962 0.0526848591803 0.0521956269854 0.0532421917799 0.0536508852787 0.0522596453721 0.0520832852987 0.0531415250119 0.053494518717 0.0524390742576 0.0520593448948 0.0531413046043 0.0535781861081 0.0519286412233
19 63 1 HE -0.5 -1.14012179092 0.101117463467 -39.1260193292 -0.5 -1.51498196635 4.07131937152 -1.62994936438 -0.5 1.00472637459 3.47839476403 22.208362258 -0.5 -0.860881733543 1.47628990401 -22.2070314853 0.0503665369334 0.0504322135685 0.0498288406803 0.050255261576 0.0500511247449 0.0502709744268 0.049461602447 0.050086792599 0.0502752181093 0.0502071763731 0.0495703503871 0.0498423633126 0.0501086673362 0.0502663583334 0.0494361351896 0.0498969524716
20 63 1 HE -0.5 -3.65005038779 0.67934899992 -3.28960504355 -0.5 -1.93649901065 -0.707400710758 26.3291448802 -0.5 0.669402949354 1.43482368837 8.24094721303 -0.5 -6.69783015153 1.37606341679 41.6081906952 0.0508912507394 0.0502949412252 0.0506647090389 0.0494146395798 0.0509139655028 0.0502132312663 0.0504630372436 0.0491955669332 0.0506083345397 0.0499448959141 0.05041943609 0.0490795605369 0.0507606508563 0.0501590515048 0.050268407353 0.0489600666087
22 63 1 HE -0.5 -5.18168875445 -1.68415250048 -44.1638355247 -0.5 -4.46448600543 1.64476023617 53.0309261309 -0.5 -5.80596177598 1.35785578906 11.2926484211 -0.5 -5.0091191953 4.39358325143 16.1570125405 0.0506784419966 0.050057273289 0.0503803649417 0.0494230088162 0.0506309071607 0.0500416249995 0.0502123771781 0.0489558994181 0.0505447291636 0.0500451259068 0.0502198101131 0.0489825155688 0.0505509235502 0.0498685868666 0.0500673137278 0.0488720167533
24 63 1 HE -0.5 -2.77062177307 -3.97067440274 16.8292195322 -0.5 -2.33372284631 -0.708424208091 27.9529113416 -0.5 2.10303523372 -1.77140776317 -12.3476717505 -0.5 -1.12721482772 -1.74816654071 -12.6909591719 0.0506935227488 0.0517571388343 0.0508582770565 0.0506468331886 0.050465269988 0.0516494204336 0.0507033700343 0.0503789917389 0.0504889830923 0.0515224276129 0.0506634965208 0.0504350060226 0.0503553281326 0.0513749249027 0.0506075234523 0.0502654958987
19 63 4 HE -0.5 -1.25615249218 -2.53100968572 -9.07579970395 -0.5 2.83106549618 0.293377800176 -28.4048695024 -0.5 -0.798733169947 3.31737323585 -40.0886838453 -0.5 -0.0827394088327 -1.5936673557 -39.426222882 0.0503582049498 0.0511987969311 0.0507157272969 0.0505822306555 0.0503322090234 0.0510003585405 0.0504235541505 0.0507128937497 0.0501795804218 0.0508781639781 0.0503645591229 0.050440045296 0.0502731088853 0.0508775248171 0.0504121068546 0.0504394379692
26 63 1 HE -0.5 -5.98241519484 -9.58753614538 -66.8124264586 -0.5 -3.20116669523 -1.16982834355 -48.8670759659 -0.5 -2.49067900006 -2.15818507432 -92.2943334733 -0.5 -1.15219031616 -1.61880944722 -58.6863635127 0.0510820964389 0.0514440716122 0.0513410659362 0.0503928813717 0.0508004019123 0.0512920837937 0.0510159872182 0.0504689831803 0.0507473603832 0.0510779131221 0.0510387398757 0.0504489108089 0.0506987120585 0.0508777781221 0.0509541127121 0.0502701914525
19 63 6 HE -0.5 -2.2686568635 -1.62285356387 -22.6949840485 -0.5 -3.64723350649 0.353441057362 -41.2654249015 -0.5 0.926995329432 2.68575147527 -12.3263519631 -0.5 -0.668243433008 -0.514282432649 -44.9124495435 0.0528108305605 0.0532763193594 0.0537175865059 0.0520093262577 0.0528478319078 0.053511964439 0.0534948904368 0.0521930022058 0.0525422728347 0.0530974851949 0.0534185529137 0.0517091327516 0.0525900043902 0.0531065893478 0.0534962290989 0.0517764151944
24 63 4 HE -0.5 -11.9652232974 -2.57773140989 -42.1095381286 -0.5 -7.37400004165 -3.38651196265 -38.6558273446 -0.5 -8.7287176612 1.08712164222 -38.0381890799 -0.5 -7.02107204583 -3.76001970924 -56.6600608086 0.0529705229077 0.0533663332591 0.0541839611559 0.0533803315932 0.052884913506 0.053266745069 0.0541574688822 0.0533435966876 0.0528659956809 0.0531816005478 0.0539524240236 0.0533362833146 0.0528534082385 0.0531517946526 0.0539962336685 0.0534430117148
22 63 2 HE -0.5 -2.60016216531 -0.833515497259 -7.02087502528 -0.5 -0.952324683858 -1.24965013675 -20.2563076563 -0.5 1.15590994999 2.17717943656 11.4806727479 -0.5 -2.35578655892 6.88309208367 -27.3170208689 0.0528399119147 0.0533374061762 0.05320228058 0.0535437449024 0.0530291491266 0.0533053274964 0.0532994919925 0.0534407108975 0.0528333999096 0.0532538886299 0.0529153848018 0.0532983634457 0.0527490217756 0.0530356810705 0.0527985574137 0.0533988977648
20 63 2 HE -0.5 -8.71600817924 -0.782329310201 -41.4031042217 -0.5 -2.53361519939 1.24768371656 -11.3747176037 -0.5 -8.21730565816 -0.903045734764 -13.4784062737 -0.5 -6.36036756168 1.24036946747 36.621506469 0.0531496848341 0.0532173392438 0.0540267085275 0.0529359265171 0.0531643706312 0.0530374414064 0.0538438623851 0.0527413440964 0.0529857261242 0.0531382414892 0.0536451519774 0.052720713194 0.0530494951956 0.0529791511824 0.0536228075711 0.0525517248001
22 63 4 HE -0.5 -2.78321992965 -1.78953651704 -19.8500884486 -0.5 2.23239781046 2.76255899513 -54.6185153475 -0.5 -3.17637121774 3.34670808704 -19.4382633131 -0.5 -2.31744564902 5.77708228013 5.3350109261 0.052404131847 0.0536874322191 0.0522197568991 0.0528091653463 0.0523843192727 0.0535315226614 0.0521083788399 0.0528367628912 0.0522623012347 0.0535177403009 0.0518793965303 0.0525954567062 0.052249663991 0.0535195663662 0.051860678444 0.0524768646242
20 63 4 HE -0.5 1.49318674287 2.31304873241 27.9528841062 -0.5 1.50125114725 0.962606530101 -11.4244231075 -0.5 1.55724787161 5.52049725278 28.9611682915 -0.5 4.85918054218 4.5444860872 22.5435474765 0.052852373934 0.0534465134271 0.0513556206545 0.0527831775619 0.0527200456836 0.0533772467531 0.0515026116744 0.0527280577005 0.0527408391604 0.0531360354 0.0512595437347 0.0527780024436 0.0527698301089 0.053097847942 0.0512656048094 0.0527182923727
19 64 5 HE -0.5 -3.38842827123 4.67646152202 -8.88429798197 -0.5 1.84976567672 9.61246600501 40.8756225883 -0.5 -1.70443599948 8.96673090401 68.9998937396 -0.5 -2.07093952309 9.11390342811 28.494965746 0.0510049638062 0.0517412025101 0.0516369926597 0.051378543268 0.0509224360936 0.0515782344284 0.0514436190842 0.0509265376241 0.0509542642826 0.0516946708119 0.0514476351577 0.0506967614927 0.050930376412 0.051598433811 0.0514319638053 0.0511021607623
19 64 6 HE -0.5 3.01088460899 0.476150787532 33.4711070868 -0.5 6.65836980684 8.39856314294 69.2550888544 -0.5 0.745418743265 6.29476775434 47.543140481 -0.5 0.499915234015 2.38745386951 51.3483470327 0.0522562257416 0.0533355392387 0.052140033282 0.0520844363189 0.052230619871 0.0531032848432 0.0519445776896 0.0518373123635 0.0522322167781 0.0532465179486 0.0519031173474 0.0517448397297 0.0521771060879 0.0532363849674 0.0518442044941 0.0517299011298
21 63 2 HE -0.5 -1.45383027032 5.31082743158 -21.1233434255 -0.5 2.35885781466 4.23805190642 -32.7228646245 -0.5 -3.27419997739 4.32819668821 -8.43574292105 -0.5 -3.04805656336 4.66215147776 -29.3719945881 0.0523110686595 0.0525650319756 0.052286101707 0.053196642052 0.0523431492485 0.0526812674957 0.05221788647 0.0531743633163 0.0522616486682 0.0525111055099 0.0522034862902 0.0530310655912 0.0521921760499 0.0524605010752 0.0521118751095 0.0529667330982
20 64 2 HE -0.5 2.63493459357 5.56635613304 19.4541566462 -0.5 6.22110436155 3.5024023369 1.54080381054 -0.5 7.35828388478 4.44359211611 19.3283938699 -0.5 0.740509340209 7.60605534972 -6.33177335429 0.0523679841519 0.0535980827939 0.0532859070682 0.05345522475 0.0525038547374 0.0534076894462 0.0531510125637 0.0536274411056 0.0524467818198 0.0533374831372 0.0529666436776 0.053369551976 0.0523460114887 0.0534567160039 0.0530333817995 0.0535773604663
21 63 4 HE -0.5 0.757897401893 2.91901597194 -8.50316851606 -0.5 4.00407805505 7.32758987299 -63.2442966125 -0.5 6.22072186735 2.75058959676 -58.4289548107 -0.5 -0.298410553426 1.17502483049 -85.5263281771 0.0526935154075 0.053522514424 0.0536112082784 0.0525360203294 0.0526128894113 0.0534688869056 0.0533881267547 0.0526938172142 0.0524475798469 0.0532747386452 0.053465219466 0.0526446735126 0.0525198802745 0.0533852519462 0.0534953008297 0.0525390785125
20 64 4 HE -0.5 2.68593605349 6.40355760659 -3.6583626035 -0.5 2.01563136814 5.09968604296 18.0716450807 -0.5 3.4908702003 6.16284159786 26.919549287 -0.5 0.062518536639 4.93222240067 25.8452611473 0.0527355142004 0.0536174956595 0.0530745221393 0.052854490177 0.0526106862835 0.053582293957 0.0529987771067 0.0524332886513 0.0525116317022 0.05332362685 0.0529624094256 0.0525013865309 0.0524451025285 0.053370420335 0.0529620432027 0.0523939653997
19 64 1 HE -0.5 -2.07870586769 2.10372119675 28.0463976291 -0.5 4.71524799806 4.83248735123 103.749209636 -0.5 -1.67594914209 3.23429988922 73.7536038389 -0.5 -1.10949075967 4.01174801174 74.9514814767 0.0523096269516 0.0521801446828 0.0521168859589 0.0515565582562 0.0522918524971 0.0520671207284 0.0519806811115 0.0510245929823 0.0521712216283 0.0521245267347 0.0519937003914 0.0510356440323 0.0521851686886 0.0519988711301 0.0517924340889 0.0510305470035
20 64 1 HE -0.5 -3.99691472794 1.17073227972 4.60726709213 -0.5 -5.3092985696 -1.0985462946 -37.1482718387 -0.5 -2.98231620922 -0.778581854281 -42.6591816153 -0.5 -2.04034339116 -0.255165070962 5.15736511482 0.0521926586868 0.052312923608 0.0519375271561 0.051443285927 0.0520284761292 0.0522562820774 0.0518999674828 0.0516833103877 0.0519239245403 0.0521709575091 0.0517891167352 0.0514468630766 0.0518829412087 0.052132464754 0.0517684893575 0.0512584755179
21 63 1 HE -0.5 -0.935595977232 -0.232532354539 20.764823801 -0.5 1.66660100081 7.96153746368 69.1306161697 -0.5 4.40916720963 7.29218403907 25.9538900806 -0.5 3.97294668949 11.1348589597 67.743184877 0.0521768614856 0.0531031332275 0.0535897955694 0.051997775463 0.0521117939765 0.0530329433722 0.0533335943176 0.0516809703395 0.052026623648 0.0529582687503 0.0530881194459 0.0518237855531 0.0520039174029 0.0528183855585 0.0530151533328 0.0516628604975
23 63 1 HE -0.5 -1.93892143267 6.00688104764 25.2860289246 -0.5 -3.6081425266 8.28226076153 23.9513476152 -0.5 0.559030289316 4.30175161956 31.4305785903 -0.5 -2.75369520871 10.5895746486 17.5660149905 0.051590535056 0.0522417686812 0.0522963240611 0.0512062943968 0.0515100715918 0.0520598605344 0.05208556331 0.0509717336981 0.0515047415523 0.0520457497989 0.0520633394849 0.0509630619944 0.0513711287835 0.0519790010744 0.0518958853983 0.0508517236127
19 64 4 HE -0.5 -1.66319274654 4.47814844211 29.3433125829 -0.5 -0.638690619587 4.26007490786 35.7765104119 -0.5 0.412372722521 -0.117257229558 50.4136894368 -0.5 1.45521390049 4.67112704588 24.9107419887 0.0516196369957 0.0517095174136 0.0517388085942 0.0518114361646 0.0515345890861 0.0516813489508 0.0515827164062 0.051659792236 0.051607577622 0.0514621258017 0.051494905321 0.0516160661142 0.0515281645696 0.0514634385205 0.0513784158372 0.0514646276238
25 63 1 HE -0.5 -0.733142492618 4.07005363457 12.9595267853 -0.5 1.6130671099 4.48032918245 9.72845148962 -0.5 -1.16406990431 -0.517146745849 32.7529973667 -0.5 0.150803202966 1.7457098798 19.7217733034 0.0520297008304 0.0526584919597 0.0510404625663 0.0526885688131 0.0521464904445 0.0527521347158 0.050826092459 0.0528268093172 0.0520325271429 0.0527490444597 0.0508739458159 0.0524491053079 0.0519386902368 0.0524460440186 0.0507119528853 0.0525456012237
23 63 6 HE -0.5 -0.0524196520517 -1.41965757439 37.7235839033 -0.5 0.589871869823 4.80827296672 33.9688394785 -0.5 -1.12246095457 6.97369904051 12.4568389667 -0.5 1.77354942825 2.88952736761 53.7123908977 0.0506838767704 0.0510049162632 0.0505636011619 0.0508022475538 0.0505853286736 0.0509871537186 0.0502205220469 0.0505384417081 0.0504968470906 0.0510308163639 0.0502137008613 0.0506404348716 0.050576812608 0.0506526282409 0.0501815908299 0.0504678847097
25 63 4 HE -0.5 4.83040017115 3.04708717049 -12.5249100365 -0.5 3.2478221579 5.34260473749 23.4922768939 -0.5 4.84006838144 6.23352463287 42.6663348459 -0.5 4.91288295365 4.71173749757 15.8117244791 0.051678692863 0.0528606659051 0.0518375534579 0.051946375668 0.0516918840155 0.0527168725363 0.0516912716653 0.0519130374774 0.0516171484969 0.0526572187638 0.0515021562126 0.0517741079545 0.0516099332304 0.0524817967925 0.0515272579722 0.0517457948027
20 64 5 HE -0.5 -2.31012441858 1.59320223458 14.1763414415 -0.5 -0.447552409264 6.11467171875 35.7366760992 -0.5 0.182246989508 8.92102760688 36.0624536931 -0.5 2.47425019652 9.87886695576 35.9525852101 0.0513910021771 0.0517935614033 0.051369095783 0.0518598620761 0.051200220114 0.0517152233533 0.0511386975636 0.051695530156 0.0512020452413 0.0516006956753 0.0509306018734 0.0515815262067 0.0511452846289 0.0514932224227 0.050857147195 0.0515815152819
21 63 6 HE -0.5 0.561190094335 3.74414958985 -7.23293584377 -0.5 -0.213198594844 7.33690697431 36.7077197006 -0.5 0.0879224034462 2.22074291192 -37.8146907658 -0.5 0.927104951683 8.49818095148 -20.3788128947 0.0521135754395 0.0530626624061 0.0536062637123 0.0521772044625 0.0520341125643 0.0528940034127 0.053469544762 0.0519547364711 0.0519287171591 0.0528805089301 0.0534009623609 0.0521330500298 0.0519342451145 0.0528491742405 0.0532292915068 0.0521037783122
23 63 4 HE -0.5 -6.29955540267 0.0854460051399 -27.9231403576 -0.5 -1.48740052973 11.5606149667 42.8807996747 -0.5 0.0282462936035 7.59807514059 39.0677656297 -0.5 0.298480735795 6.29081486934 36.5289452581 0.0510058310768 0.0509519632553 0.0511687767898 0.0517903012576 0.0507810554901 0.0506891418603 0.050869236282 0.0515009345715 0.0508571190022 0.0506967946489 0.0508483365385 0.0514408629131 0.0507329905072 0.0505236803045 0.0508511529091 0.0514150341782
20 64 6 HE -0.5 2.44208559851 1.69076479837 -9.87570383484 -0.5 5.60003443635 3.72938180568 50.9404202417 -0.5 2.75160097349 5.27165228369 -2.77692022163 -0.5 -3.07177369803 4.60499627723 -12.3339576936 0.0517418556667 0.0523967198214 0.0514565094014 0.0514815307992 0.0515049355087 0.0522534166544 0.0511448815332 0.0510838604672 0.0515492877528 0.0522411169676 0.051070969622 0.0513276050961 0.0513864080827 0.052334743208 0.0510671380222 0.0512420997331
18 64 1 HE -0.5 3.7818711774 4.56236722208 -9.28259625742 -0.5 3.42246259088 3.68206294688 -7.73940969612 -0.5 4.24640870321 4.550306147 16.2492812556 -0.5 0.810953112736 5.07829322477 -3.48441514254 0.0524600790597 0.0529141379521 0.0521388318783 0.052940302629 0.0524577214514 0.0528611541564 0.0520496032381 0.0528751950267 0.052292758656 0.0527351392323 0.051955149246 0.0526414525728 0.05234361502 0.0528921628616 0.0519635640187 0.052730144615
18 64 4 HE -0.5 1.4437176985 -0.063295471381 7.23591372922 -0.5 3.38033776015 1.47627130522 2.89696745012 -0.5 2.66357112421 0.738333890843 -10.1598081621 -0.5 1.74520319548 0.51714420128 22.619193947 0.0518220858343 0.0536680179629 0.0533149839371 0.0521043737936 0.0517867673023 0.0535169301692 0.0532048718816 0.0518623864999 0.0516798700856 0.0534407599801 0.0530535730533 0.0517721759111 0.0517247187726 0.0532831473504 0.0529542132236 0.0515352812388
18 64 5 HE -0.5 -2.88483936925 3.81563381621 -18.2000054964 -0.5 0.925940190078 8.41028472297 -9.16713151289 -0.5 0.920892388339 3.54088277427 -4.79776188767 -0.5 -2.1185311484 2.8627252558 8.36919437128 0.0523480074388 0.0530141171426 0.0520741519191 0.0540773274037 0.0522954981943 0.0527530704307 0.0518780994644 0.0542003297574 0.0521996633197 0.0527170920358 0.0517774522894 0.0539786723877 0.0522306891215 0.0527441225324 0.0520064886021 0.05381194337
17 64 3 HE -0.5 -3.77257525658 -0.876158894488 11.5032972797 -0.5 -4.13672993043 0.764545620447 -8.65120344276 -0.5 -5.03168637273 -4.46388485479 -0.248184833338 -0.5 -3.1017558952 3.79457016348 13.3975352048 0.0524881701152 0.0524172316074 0.0533531488969 0.0521579541583 0.0527277298477 0.0524999246961 0.0532199044733 0.0521008661379 0.0523750892155 0.052394348367 0.0532573211852 0.0520159853064 0.052641929838 0.0523402650598 0.052948098837 0.0519243040535
27 63 4 HE -0.5 0.0586296252862 -1.36463546851 5.85798157463 -0.5 0.403109986559 2.37360263042 87.4171388501 -0.5 0.285294797385 0.695892948538 82.8793254405 -0.5 1.78570297872 5.18326185776 -1.47847959216 0.0522536098148 0.0526930049125 0.0524595244831 0.0511032913362 0.0520932024818 0.0524714860607 0.0522972348025 0.0508654112085 0.0520956231964 0.0524763015147 0.0522041231405 0.0506114058312 0.0521271404045 0.0524460901644 0.0520981566611 0.0508592383338
18 64 3 HE -0.5 -4.97363427768 -2.25745223738 -6.31317090471 -0.5 0.342407308975 4.34805623054 34.1548629493 -0.5 -3.3519239078 -1.23396035471 -3.98503002516 -0.5 -5.01039239376 3.59723348635 14.7097346344 0.0514303533319 0.0509587807601 0.0508739942999 0.0501829871315 0.0513539843916 0.0508509583797 0.0507205345253 0.049778084023 0.0512950172743 0.0508397297797 0.0506424621431 0.049832276703 0.0513110303807 0.0508572080695 0.0505364594792 0.0498324800811
27 63 7 HE -0.5 -1.29355564029 -1.66201389124 -25.7584576373 -0.5 3.40587300799 5.16060676661 1.16985905379 -0.5 -5.36947058151 5.28448390662 -12.0367579917 -0.5 -1.52726977135 4.22720627571 -11.4367932842 0.0517905044132 0.0524916753168 0.0525325429932 0.0516371508404 0.0517165810601 0.052289221233 0.0522822831045 0.0514952430856 0.0517591871924 0.0522801564911 0.0521769377999 0.0516489012844 0.0516638074305 0.0523675788444 0.0520101811265 0.0515332845784
27 63 3 HE -0.5 4.22246895481 7.43637730422 24.6296879002 -0.5 3.29886447121 6.07305491575 66.4170192802 -0.5 0.463989448105 6.36668659764 26.6757534861 -0.5 1.12800250446 7.23668612146 27.6202335463 0.0511331911119 0.0522923582544 0.0516958447369 0.0520359630378 0.0510987218806 0.0522152458624 0.0515822571149 0.0519487473252 0.051064403017 0.0521453630439 0.0514662420974 0.0520467336461 0.0510851461782 0.0520686014058 0.0514485932759 0.0520406825754
27 63 5 HE -0.5 -3.91095386823 4.06255411492 7.02108820562 -0.5 -5.14336308647 6.9914973834 -20.3592595671 -0.5 0.0916090539316 5.12784617741 -25.3248455816 -0.5 -1.35347514744 8.37346885792 10.3044419495 0.0508123212991 0.0516460804083 0.0522695052354 0.0509968704023 0.0508743531311 0.051719591398 0.0519809877875 0.0508219212569 0.0506291031093 0.0513803842775 0.0518746230167 0.0507662122682 0.0507153851555 0.0513739114497 0.0519172738421 0.0507518373625
27 63 6 HE -0.5 2.21312168676 -0.0469119165153 -18.9165673155 -0.5 -1.85051222266 3.23900079783 0.106033350473 -0.5 2.58918775136 2.96091963418 -13.6982039991 -0.5 -3.66101162985 0.648457869888 -9.16379092016 0.0517772345747 0.0527290290844 0.0520816282091 0.0515215217853 0.0516856010708 0.0525603428766 0.0519077943931 0.0514279942289 0.0517678159042 0.0524253025064 0.0518686957847 0.0515970694657 0.0516367415947 0.0525707694015 0.0518283842655 0.0514889781186
29 63 3 HE -0.5 1.55810051044 4.43254169062 -3.13052358859 -0.5 4.86039509962 8.13806984636 61.1137632788 -0.5 5.42815001652 7.23173083191 65.2975328427 -0.5 1.27578653238 9.89645037388 63.9988852289 0.0514723195404 0.0524692456977 0.0516145192252 0.0523063617278 0.0513532942413 0.0525152890053 0.0514130510171 0.0519044628988 0.0513669537103 0.0523885307036 0.0513590439538 0.0516468183899 0.0512213969936 0.0522529923056 0.0512193531012 0.0515970772564
21 63 5 HE -0.5 -3.17466956412 4.40338730059 -13.5354113325 -0.5 -9.25158293656 3.58682091571 -48.7099855786 -0.5 -3.90853225503 2.27131436193 -6.36465188225 -0.5 -8.87494052636 3.37693852367 -30.0048310246 0.0512893068858 0.0518240822674 0.0508583949379 0.0503270558167 0.0511662788442 0.0519740314908 0.0506578996412 0.0502508787205 0.0509451562419 0.0517732256384 0.0505249031937 0.0503579640042 0.0509397533885 0.0519573342198 0.0505077683008 0.0503230155695
23 63 5 HE -0.5 -2.27287752281 1.58473996054 17.6444111392 -0.5 2.64460300602 -3.01119164028 -16.5776519879 -0.5 -1.08688246694 0.0168807809939 -2.63834160421 -0.5 -0.435865130572 -2.64760684846 -45.5419793988 0.0522464063084 0.0535067092264 0.0536569255197 0.0519811123987 0.0521807283018 0.0532075576027 0.0534647758196 0.052222334438 0.0520610273187 0.0532171970542 0.0534362818504 0.0521159472977 0.0521326081573 0.053206565853 0.0534034932482 0.0523212612382
25 63 6 HE -0.5 -2.30603933618 1.56926441872 -10.7895576364 -0.5 -2.54398928559 4.34447149286 -12.0513562234 -0.5 -1.09711178466 0.159897656514 -27.6052602686 -0.5 -0.490735060027 3.44550996147 -41.1282985721 0.0512877770852 0.0516517144945 0.0510117545939 0.0509911701309 0.0510015524976 0.0517179116309 0.0508283148658 0.0510629206742 0.0510749244533 0.0515864056804 0.0507234038074 0.0511183480095 0.050908153228 0.0515131192512 0.050652451448 0.0511817017714
25 63 5 HE -0.5 -1.09912607268 4.73582967417 42.1106024346 -0.5 -3.32249256512 1.97928478105 25.537669528 -0.5 -4.08492639093 4.23171700151 28.5139259295 -0.5 -3.01149590381 5.00962864413 33.6203446367 0.0510677458855 0.0512686184129 0.0519024830583 0.0520252160169 0.0509394939894 0.0512304173777 0.0517534559431 0.0520576274186 0.0509350321077 0.0514257797389 0.0516260406232 0.052017815128 0.0509094711064 0.0512167848374 0.051616250143 0.051922635319
19 64 3 HE -0.5 3.11251580011 1.26659637589 2.19586488058 -0.5 1.61731797672 3.56054750026 77.719834203 -0.5 3.67379171113 2.93237645968 47.2470606574 -0.5 3.66420694568 2.2787917714 71.2664378671 0.0502972261668 0.0519187265723 0.0512159909091 0.0515716072392 0.0500648526161 0.0518787855487 0.0511809512057 0.0511720570619 0.0500110725448 0.0517614834153 0.0511468951797 0.051274436453 0.050067591864 0.0517472514748 0.0511675691697 0.0511917228745
25 63 3 HE -0.5 4.61578644881 6.90030462681 9.45930535399 -0.5 7.03431126924 6.09150020199 36.8447138736 -0.5 5.64505013465 9.11103918834 21.1312816463 -0.5 5.86572342261 8.01515269144 58.3166189431 0.0522424629798 0.0534401109609 0.0538207242962 0.0526848591803 0.0521956269854 0.0532421917799 0.0536508852787 0.0522596453721 0.0520832852987 0.0531415250119 0.053494518717 0.0524390742576 0.0520593448948 0.0531413046043 0.0535781861081 0.0519286412233
27 63 1 HE -0.5 -1.14012179092 0.101117463467 -39.1260193292 -0.5 -1.51498196635 4.07131937152 -1.62994936438 -0.5 1.00472637459 3.47839476403 22.208362258 -0.5 -0.860881733543 1.47628990401 -22.2070314853 0.0503665369334 0.0504322135685 0.0498288406803 0.050255261576 0.0500511247449 0.0502709744268 0.049461602447 0.050086792599 0.0502752181093 0.0502071763731 0.0495703503871 0.0498423633126 0.0501086673362 0.0502663583334 0.0494361351896 0.0498969524716
18 64 2 HE -0.5 -5.18168875445 -1.68415250048 -44.1638355247 -0.5 -4.46448600543 1.64476023617 53.0309261309 -0.5 -5.80596177598 1.35785578906 11.2926484211 -0.5 -5.0091191953 4.39358325143 16.1570125405 0.0506784419966 0.050057273289 0.0503803649417 0.0494230088162 0.0506309071607 0.0500416249995 0.0502123771781 0.0489558994181 0.0505447291636 0.0500451259068 0.0502198101131 0.0489825155688 0.0505509235502 0.0498685868666 0.0500673137278 0.0488720167533
17 64 2 HE -0.5 -2.77062177307 -3.97067440274 16.8292195322 -0.5 -2.33372284631 -0.708424208091 27.9529113416 -0.5 2.10303523372 -1.77140776317 -12.3476717505 -0.5 -1.12721482772 -1.74816654071 -12.6909591719 0.0506935227488 0.0517571388343 0.0508582770565 0.0506468331886 0.050465269988 0.0516494204336 0.0507033700343 0.0503789917389 0.0504889830923 0.0515224276129 0.0506634965208 0.0504350060226 0.0503553281326 0.0513749249027 0.0506075234523 0.0502654958987
16 64 4 HE -0.5 -1.25615249218 -2.53100968572 -9.07579970395 -0.5 2.83106549618 0.293377800176 -28.4048695024 -0.5 -0.798733169947 3.31737323585 -40.0886838453 -0.5 -0.0827394088327 -1.5936673557 -39.426222882 0.0503582049498 0.0511987969311 0.0507157272969 0.0505822306555 0.0503322090234 0.0510003585405 0.0504235541505 0.0507128937497 0.0501795804218 0.0508781639781 0.0503645591229 0.050440045296 0.0502731088853 0.0508775248171 0.0504121068546 0.0504394379692
27 63 2 HE -0.5 -5.98241519484 -9.58753614538 -66.8124264586 -0.5 -3.20116669523 -1.16982834355 -48.8670759659 -0.5 -2.49067900006 -2.15818507432 -92.2943334733 -0.5 -1.15219031616 -1.61880944722 -58.6863635127 0.0510820964389 0.0514440716122 0.0513410659362 0.0503928813717 0.0508004019123 0.0512920837937 0.0510159872182 0.0504689831803 0.0507473603832 0.0510779131221 0.0510387398757 0.0504489108089 0.0506987120585 0.0508777781221 0.0509541127121 0.0502701914525
19 64 2 HE -0.5 -2.2686568635 -1.62285356387 -22.6949840485 -0.5 -3.64723350649 0.353441057362 -41.2654249015 -0.5 0.926995329432 2.68575147527 -12.3263519631 -0.5 -0.668243433008 -0.514282432649 -44.9124495435 0.0528108305605 0.0532763193594 0.0537175865059 0.0520093262577 0.0528478319078 0.053511964439 0.0534948904368 0.0521930022058 0.0525422728347 0.0530974851949 0.0534185529137 0.0517091327516 0.0525900043902 0.0531065893478 0.0534962290989 0.0517764151944
20 64 3 HE -0.5 -11.9652232974 -2.57773140989 -42.1095381286 -0.5 -7.37400004165 -3.38651196265 -38.6558273446 -0.5 -8.7287176612 1.08712164222 -38.0381890799 -0.5 -7.02107204583 -3.76001970924 -56.6600608086 0.0529705229077 0.0533663332591 0.0541839611559 0.0533803315932 0.052884913506 0.053266745069 0.0541574688822 0.0533435966876 0.0528659956809 0.0531816005478 0.0539524240236 0.0533362833146 0.0528534082385 0.0531517946526 0.0539962336685 0.0534430117148
21 63 3 HE -0.5 -2.60016216531 -0.833515497259 -7.02087502528 -0.5 -0.952324683858 -1.24965013675 -20.2563076563 -0.5 1.15590994999 2.17717943656 11.4806727479 -0.5 -2.35578655892 6.88309208367 -27.3170208689 0.0528399119147 0.0533374061762 0.05320228058 0.0535437449024 0.0530291491266 0.0533053274964 0.0532994919925 0.0534407108975 0.0528333999096 0.0532538886299 0.0529153848018 0.0532983634457 0.0527490217756 0.0530356810705 0.0527985574137 0.0533988977648
23 63 3 HE -0.5 -8.71600817924 -0.782329310201 -41.4031042217 -0.5 -2.53361519939 1.24768371656 -11.3747176037 -0.5 -8.21730565816 -0.903045734764 -13.4784062737 -0.5 -6.36036756168 1.24036946747 36.621506469 0.0531496848341 0.0532173392438 0.0540267085275 0.0529359265171 0.0531643706312 0.0530374414064 0.0538438623851 0.0527413440964 0.0529857261242 0.0531382414892 0.0536451519774 0.052720713194 0.0530494951956 0.0529791511824 0.0536228075711 0.0525517248001
23 63 2 HE -0.5 -2.78321992965 -1.78953651704 -19.8500884486 -0.5 2.23239781046 2.76255899513 -54.6185153475 -0.5 -3.17637121774 3.34670808704 -19.4382633131 -0.5 -2.31744564902 5.77708228013 5.3350109261 0.052404131847 0.0536874322191 0.0522197568991 0.0528091653463 0.0523843192727 0.0535315226614 0.0521083788399 0.0528367628912 0.0522623012347 0.0535177403009 0.0518793965303 0.0525954567062 0.052249663991 0.0535195663662 0.051860678444 0.0524768646242
25 63 2 HE -0.5 1.49318674287 2.31304873241 27.9528841062 -0.5 1.50125114725 0.962606530101 -11.4244231075 -0.5 1.55724787161 5.52049725278 28.9611682915 -0.5 4.85918054218 4.5444860872 22.5435474765 0.052852373934 0.0534465134271 0.0513556206545 0.0527831775619 0.0527200456836 0.0533772467531 0.0515026116744 0.0527280577005 0.0527408391604 0.0531360354 0.0512595437347 0.0527780024436 0.0527698301089 0.053097847942 0.0512656048094 0.0527182923727
19 65 2 HE -0.5 -3.38842827123 4.67646152202 -8.88429798197 -0.5 1.84976567672 9.61246600501 40.8756225883 -0.5 -1.70443599948 8.96673090401 68.9998937396 -0.5 -2.07093952309 9.11390342811 28.494965746 0.0510049638062 0.0517412025101 0.0516369926597 0.051378543268 0.0509224360936 0.0515782344284 0.0514436190842 0.0509265376241 0.0509542642826 0.0516946708119 0.0514476351577 0.0506967614927 0.050930376412 0.051598433811 0.0514319638053 0.0511021607623
20 65 3 HE -0.5 3.01088460899 0.476150787532 33.4711070868 -0.5 6.65836980684 8.39856314294 69.2550888544 -0.5 0.745418743265 6.29476775434 47.543140481 -0.5 0.499915234015 2.38745386951 51.3483470327 0.0522562257416 0.0533355392387 0.052140033282 0.0520844363189 0.052230619871 0.0531032848432 0.0519445776896 0.0518373123635 0.0522322167781 0.0532465179486 0.0519031173474 0.0517448397297 0.0521771060879 0.0532363849674 0.0518442044941 0.0517299011298
21 65 3 HE -0.5 -1.45383027032 5.31082743158 -21.1233434255 -0.5 2.35885781466 4.23805190642 -32.7228646245 -0.5 -3.27419997739 4.32819668821 -8.43574292105 -0.5 -3.04805656336 4.66215147776 -29.3719945881 0.0523110686595 0.0525650319756 0.052286101707 0.053196642052 0.0523431492485 0.0526812674957 0.05221788647 0.0531743633163 0.0522616486682 0.0525111055099 0.0522034862902 0.0530310655912 0.0521921760499 0.0524605010752 0.0521118751095 0.0529667330982
23 65 3 HE -0.5 2.63493459357 5.56635613304 19.4541566462 -0.5 6.22110436155 3.5024023369 1.54080381054 -0.5 7.35828388478 4.44359211611 19.3283938699 -0.5 0.740509340209 7.60605534972 -6.33177335429 0.0523679841519 0.0535980827939 0.0532859070682 0.05345522475 0.0525038547374 0.0534076894462 0.0531510125637 0.0536274411056 0.0524467818198 0.0533374831372 0.0529666436776 0.053369551976 0.0523460114887 0.0534567160039 0.0530333817995 0.0535773604663
23 65 2 HE -0.5 0.757897401893 2.91901597194 -8.50316851606 -0.5 4.00407805505 7.32758987299 -63.2442966125 -0.5 6.22072186735 2.75058959676 -58.4289548107 -0.5 -0.298410553426 1.17502483049 -85.5263281771 0.0526935154075 0.053522514424 0.0536112082784 0.0525360203294 0.0526128894113 0.0534688869056 0.0533881267547 0.0526938172142 0.0524475798469 0.0532747386452 0.053465219466 0.0526446735126 0.0525198802745 0.0533852519462 0.0534953008297 0.0525390785125
25 65 2 HE -0.5 2.68593605349 6.40355760659 -3.6583626035 -0.5 2.01563136814 5.09968604296 18.0716450807 -0.5 3.4908702003 6.16284159786 26.919549287 -0.5 0.062518536639 4.93222240067 25.8452611473 0.0527355142004 0.0536174956595 0.0530745221393 0.052854490177 0.0526106862835 0.053582293957 0.0529987771067 0.0524332886513 0.0525116317022 0.05332362685 0.0529624094256 0.0525013865309 0.0524451025285 0.053370420335 0.0529620432027 0.0523939653997
27 65 1 HE -0.5 -2.07870586769 2.10372119675 28.0463976291 -0.5 4.71524799806 4.83248735123 103.749209636 -0.5 -1.67594914209 3.23429988922 73.7536038389 -0.5 -1.10949075967 4.01174801174 74.9514814767 0.0523096269516 0.0521801446828 0.0521168859589 0.0515565582562 0.0522918524971 0.0520671207284 0.0519806811115 0.0510245929823 0.0521712216283 0.0521245267347 0.0519937003914 0.0510356440323 0.0521851686886 0.0519988711301 0.0517924340889 0.0510305470035
18 65 2 HE -0.5 -0.935595977232 -0.232532354539 20.764823801 -0.5 1.66660100081 7.96153746368 69.1306161697 -0.5 4.40916720963 7.29218403907 25.9538900806 -0.5 3.97294668949 11.1348589597 67.743184877 0.0521768614856 0.0531031332275 0.0535897955694 0.051997775463 0.0521117939765 0.0530329433722 0.0533335943176 0.0516809703395 0.052026623648 0.0529582687503 0.0530881194459 0.0518237855531 0.0520039174029 0.0528183855585 0.0530151533328 0.0516628604975
17 65 2 HE -0.5 -1.93892143267 6.00688104764 25.2860289246 -0.5 -3.6081425266 8.28226076153 23.9513476152 -0.5 0.559030289316 4.30175161956 31.4305785903 -0.5 -2.75369520871 10.5895746486 17.5660149905 0.051590535056 0.0522417686812 0.0522963240611 0.0512062943968 0.0515100715918 0.0520598605344 0.05208556331 0.0509717336981 0.0515047415523 0.0520457497989 0.0520633394849 0.0509630619944 0.0513711287835 0.0519790010744 0.0518958853983 0.0508517236127
16 65 4 HE -0.5 -1.66319274654 4.47814844211 29.3433125829 -0.5 -0.638690619587 4.26007490786 35.7765104119 -0.5 0.412372722521 -0.117257229558 50.4136894368 -0.5 1.45521390049 4.67112704588 24.9107419887 0.0516196369957 0.0517095174136 0.0517388085942 0.0518114361646 0.0515345890861 0.0516813489508 0.0515827164062 0.051659792236 0.051607577622 0.0514621258017 0.051494905321 0.0516160661142 0.0515281645696 0.0514634385205 0.0513784158372 0.0514646276238
27 65 2 HE -0.5 -0.733142492618 4.07005363457 12.9595267853 -0.5 1.6130671099 4.48032918245 9.72845148962 -0.5 -1.16406990431 -0.517146745849 32.7529973667 -0.5 0.150803202966 1.7457098798 19.7217733034 0.0520297008304 0.0526584919597 0.0510404625663 0.0526885688131 0.0521464904445 0.0527521347158 0.050826092459 0.0528268093172 0.0520325271429 0.0527490444597 0.0508739458159 0.0524491053079 0.0519386902368 0.0524460440186 0.0507119528853 0.0525456012237
23 65 6 HE -0.5 -0.0524196520517 -1.41965757439 37.7235839033 -0.5 0.589871869823 4.80827296672 33.9688394785 -0.5 -1.12246095457 6.97369904051 12.4568389667 -0.5 1.77354942825 2.88952736761 53.7123908977 0.0506838767704 0.0510049162632 0.0505636011619 0.0508022475538 0.0505853286736 0.0509871537186 0.0502205220469 0.0505384417081 0.0504968470906 0.0510308163639 0.0502137008613 0.0506404348716 0.050576812608 0.0506526282409 0.0501815908299 0.0504678847097
23 65 5 HE -0.5 4.83040017115 3.04708717049 -12.5249100365 -0.5 3.2478221579 5.34260473749 23.4922768939 -0.5 4.84006838144 6.23352463287 42.6663348459 -0.5 4.91288295365 4.71173749757 15.8117244791 0.051678692863 0.0528606659051 0.0518375534579 0.051946375668 0.0516918840155 0.0527168725363 0.0516912716653 0.0519130374774 0.0516171484969 0.0526572187638 0.0515021562126 0.0517741079545 0.0516099332304 0.0524817967925 0.0515272579722 0.0517457948027
25 65 5 HE -0.5 -2.31012441858 1.59320223458 14.1763414415 -0.5 -0.447552409264 6.11467171875 35.7366760992 -0.5 0.182246989508 8.92102760688 36.0624536931 -0.5 2.47425019652 9.87886695576 35.9525852101 0.0513910021771 0.0517935614033 0.051369095783 0.0518598620761 0.051200220114 0.0517152233533 0.0511386975636 0.051695530156 0.0512020452413 0.0516006956753 0.0509306018734 0.0515815262067 0.0511452846289 0.0514932224227 0.050857147195 0.0515815152819
25 65 6 HE -0.5 0.561190094335 3.74414958985 -7.23293584377 -0.5 -0.213198594844 7.33690697431 36.7077197006 -0.5 0.0879224034462 2.22074291192 -37.8146907658 -0.5 0.927104951683 8.49818095148 -20.3788128947 0.0521135754395 0.0530626624061 0.0536062637123 0.0521772044625 0.0520341125643 0.0528940034127 0.053469544762 0.0519547364711 0.0519287171591 0.0528805089301 0.0534009623609 0.0521330500298 0.0519342451145 0.0528491742405 0.0532292915068 0.0521037783122
19 65 3 HE -0.5 -6.29955540267 0.0854460051399 -27.9231403576 -0.5 -1.48740052973 11.5606149667 42.8807996747 -0.5 0.0282462936035 7.59807514059 39.0677656297 -0.5 0.298480735795 6.29081486934 36.5289452581 0.0510058310768 0.0509519632553 0.0511687767898 0.0517903012576 0.0507810554901 0.0506891418603 0.050869236282 0.0515009345715 0.0508571190022 0.0506967946489 0.0508483365385 0.0514408629131 0.0507329905072 0.0505236803045 0.0508511529091 0.0514150341782
25 65 3 HE -0.5 2.44208559851 1.69076479837 -9.87570383484 -0.5 5.60003443635 3.72938180568 50.9404202417 -0.5 2.75160097349 5.27165228369 -2.77692022163 -0.5 -3.07177369803 4.60499627723 -12.3339576936 0.0517418556667 0.0523967198214 0.0514565094014 0.0514815307992 0.0515049355087 0.0522534166544 0.0511448815332 0.0510838604672 0.0515492877528 0.0522411169676 0.051070969622 0.0513276050961 0.0513864080827 0.052334743208 0.0510671380222 0.0512420997331
27 65 5 HE -0.5 1.4437176985 -0.063295471381 7.23591372922 -0.5 3.38033776015 1.47627130522 2.89696745012 -0.5 2.66357112421 0.738333890843 -10.1598081621 -0.5 1.74520319548 0.51714420128 22.619193947 0.0518220858343 0.0536680179629 0.0533149839371 0.0521043737936 0.0517867673023 0.0535169301692 0.0532048718816 0.0518623864999 0.0516798700856 0.0534407599801 0.0530535730533 0.0517721759111 0.0517247187726 0.0532831473504 0.0529542132236 0.0515352812388
27 65 3 HE -0.5 -2.88483936925 3.81563381621 -18.2000054964 -0.5 0.925940190078 8.41028472297 -9.16713151289 -0.5 0.920892388339 3.54088277427 -4.79776188767 -0.5 -2.1185311484 2.8627252558 8.36919437128 0.0523480074388 0.0530141171426 0.0520741519191 0.0540773274037 0.0522954981943 0.0527530704307 0.0518780994644 0.0542003297574 0.0521996633197 0.0527170920358 0.0517774522894 0.0539786723877 0.0522306891215 0.0527441225324 0.0520064886021 0.05381194337
27 65 7 HE -0.5 -3.77257525658 -0.876158894488 11.5032972797 -0.5 -4.13672993043 0.764545620447 -8.65120344276 -0.5 -5.03168637273 -4.46388485479 -0.248184833338 -0.5 -3.1017558952 3.79457016348 13.3975352048 0.0524881701152 0.0524172316074 0.0533531488969 0.0521579541583 0.0527277298477 0.0524999246961 0.0532199044733 0.0521008661379 0.0523750892155 0.052394348367 0.0532573211852 0.0520159853064 0.052641929838 0.0523402650598 0.052948098837 0.0519243040535
29 65 3 HE -0.5 0.0586296252862 -1.36463546851 5.85798157463 -0.5 0.403109986559 2.37360263042 87.4171388501 -0.5 0.285294797385 0.695892948538 82.8793254405 -0.5 1.78570297872 5.18326185776 -1.47847959216 0.0522536098148 0.0526930049125 0.0524595244831 0.0511032913362 0.0520932024818 0.0524714860607 0.0522972348025 0.0508654112085 0.0520956231964 0.0524763015147 0.0522041231405 0.0506114058312 0.0521271404045 0.0524460901644 0.0520981566611 0.0508592383338
27 65 6 HE -0.5 -4.97363427768 -2.25745223738 -6.31317090471 -0.5 0.342407308975 4.34805623054 34.1548629493 -0.5 -3.3519239078 -1.23396035471 -3.98503002516 -0.5 -5.01039239376 3.59723348635 14.7097346344 0.0514303533319 0.0509587807601 0.0508739942999 0.0501829871315 0.0513539843916 0.0508509583797 0.0507205345253 0.049778084023 0.0512950172743 0.0508397297797 0.0506424621431 0.049832276703 0.0513110303807 0.0508572080695 0.0505364594792 0.0498324800811
19 65 5 HE -0.5 -1.29355564029 -1.66201389124 -25.7584576373 -0.5 3.40587300799 5.16060676661 1.16985905379 -0.5 -5.36947058151 5.28448390662 -12.0367579917 -0.5 -1.52726977135 4.22720627571 -11.4367932842 0.0517905044132 0.0524916753168 0.0525325429932 0.0516371508404 0.0517165810601 0.052289221233 0.0522822831045 0.0514952430856 0.0517591871924 0.0522801564911 0.0521769377999 0.0516489012844 0.0516638074305 0.0523675788444 0.0520101811265 0.0515332845784
25 65 4 HE -0.5 4.22246895481 7.43637730422 24.6296879002 -0.5 3.29886447121 6.07305491575 66.4170192802 -0.5 0.463989448105 6.36668659764 26.6757534861 -0.5 1.12800250446 7.23668612146 27.6202335463 0.0511331911119 0.0522923582544 0.0516958447369 0.0520359630378 0.0510987218806 0.0522152458624 0.0515822571149 0.0519487473252 0.051064403017 0.0521453630439 0.0514662420974 0.0520467336461 0.0510851461782 0.0520686014058 0.0514485932759 0.0520406825754
20 65 6 HE -0.5 -3.91095386823 4.06255411492 7.02108820562 -0.5 -5.14336308647 6.9914973834 -20.3592595671 -0.5 0.0916090539316 5.12784617741 -25.3248455816 -0.5 -1.35347514744 8.37346885792 10.3044419495 0.0508123212991 0.0516460804083 0.0522695052354 0.0509968704023 0.0508743531311 0.051719591398 0.0519809877875 0.0508219212569 0.0506291031093 0.0513803842775 0.0518746230167 0.0507662122682 0.0507153851555 0.0513739114497 0.0519172738421 0.0507518373625
20 65 5 HE -0.5 2.21312168676 -0.0469119165153 -18.9165673155 -0.5 -1.85051222266 3.23900079783 0.106033350473 -0.5 2.58918775136 2.96091963418 -13.6982039991 -0.5 -3.66101162985 0.648457869888 -9.16379092016 0.0517772345747 0.0527290290844 0.0520816282091 0.0515215217853 0.0516856010708 0.0525603428766 0.0519077943931 0.0514279942289 0.0517678159042 0.0524253025064 0.0518686957847 0.0515970694657 0.0516367415947 0.0525707694015 0.0518283842655 0.0514889781186
21 65 5 HE -0.5 1.55810051044 4.43254169062 -3.13052358859 -0.5 4.86039509962 8.13806984636 61.1137632788 -0.5 5.42815001652 7.23173083191 65.2975328427 -0.5 1.27578653238 9.89645037388 63.9988852289 0.0514723195404 0.0524692456977 0.0516145192252 0.0523063617278 0.0513532942413 0.0525152890053 0.0514130510171 0.0519044628988 0.0513669537103 0.0523885307036 0.0513590439538 0.0516468183899 0.0512213969936 0.0522529923056 0.0512193531012 0.0515970772564
21 65 6 HE -0.5 -2.60613197303 -0.0368898715661 -39.2033760285 -0.5 -3.19911295647 1.4079757497 -109.573385065 -0.5 -3.17899377141 2.34023931068 -61.804955693 -0.5 -0.905700516344 2.95518141516 -69.2889382794 0.0506397297085 0.0514337620454 0.0518170598236 0.0503121161454 0.0506309038458 0.0514487729929 0.0515842480245 0.0508278124439 0.0505068410859 0.0512417349228 0.0515722174375 0.0506316804262 0.0504596456707 0.051206501027 0.0514540427258 0.0501203907959
18 65 3 HE -0.5 -3.17466956412 4.40338730059 -13.5354113325 -0.5 -9.25158293656 3.58682091571 -48.7099855786 -0.5 -3.90853225503 2.27131436193 -6.36465188225 -0.5 -8.87494052636 3.37693852367 -30.0048310246 0.0512893068858 0.0518240822674 0.0508583949379 0.0503270558167 0.0511662788442 0.0519740314908 0.0506578996412 0.0502508787205 0.0509451562419 0.0517732256384 0.0505249031937 0.0503579640042 0.0509397533885 0.0519573342198 0.0505077683008 0.0503230155695
27 65 4 HE -0.5 -2.27287752281 1.58473996054 17.6444111392 -0.5 2.64460300602 -3.01119164028 -16.5776519879 -0.5 -1.08688246694 0.0168807809939 -2.63834160421 -0.5 -0.435865130572 -2.64760684846 -45.5419793988 0.0522464063084 0.0535067092264 0.0536569255197 0.0519811123987 0.0521807283018 0.0532075576027 0.0534647758196 0.052222334438 0.0520610273187 0.0532171970542 0.0534362818504 0.0521159472977 0.0521326081573 0.053206565853 0.0534034932482 0.0523212612382
17 65 3 HE -0.5 -2.30603933618 1.56926441872 -10.7895576364 -0.5 -2.54398928559 4.34447149286 -12.0513562234 -0.5 -1.09711178466 0.159897656514 -27.6052602686 -0.5 -0.490735060027 3.44550996147 -41.1282985721 0.0512877770852 0.0516517144945 0.0510117545939 0.0509911701309 0.0510015524976 0.0517179116309 0.0508283148658 0.0510629206742 0.0510749244533 0.0515864056804 0.0507234038074 0.0511183480095 0.050908153228 0.0515131192512 0.050652451448 0.0511817017714
18 65 5 HE -0.5 -1.09912607268 4.73582967417 42.1106024346 -0.5 -3.32249256512 1.97928478105 25.537669528 -0.5 -4.08492639093 4.23171700151 28.5139259295 -0.5 -3.01149590381 5.00962864413 33.6203446367 0.0510677458855 0.0512686184129 0.0519024830583 0.0520252160169 0.0509394939894 0.0512304173777 0.0517534559431 0.0520576274186 0.0509350321077 0.0514257797389 0.0516260406232 0.052017815128 0.0509094711064 0.0512167848374 0.051616250143 0.051922635319
18 65 1 HE -0.5 3.11251580011 1.26659637589 2.19586488058 -0.5 1.61731797672 3.56054750026 77.719834203 -0.5 3.67379171113 2.93237645968 47.2470606574 -0.5 3.66420694568 2.2787917714 71.2664378671 0.0502972261668 0.0519187265723 0.0512159909091 0.0515716072392 0.0500648526161 0.0518787855487 0.0511809512057 0.0511720570619 0.0500110725448 0.0517614834153 0.0511468951797 0.051274436453 0.050067591864 0.0517472514748 0.0511675691697 0.0511917228745
18 65 4 HE -0.5 4.61578644881 6.90030462681 9.45930535399 -0.5 7.03431126924 6.09150020199 36.8447138736 -0.5 5.64505013465 9.11103918834 21.1312816463 -0.5 5.86572342261 8.01515269144 58.3166189431 0.0522424629798 0.0534401109609 0.0538207242962 0.0526848591803 0.0521956269854 0.0532421917799 0.0536508852787 0.0522596453721 0.0520832852987 0.0531415250119 0.053494518717 0.0524390742576 0.0520593448948 0.0531413046043 0.0535781861081 0.0519286412233
19 65 1 HE -0.5 -1.14012179092 0.101117463467 -39.1260193292 -0.5 -1.51498196635 4.07131937152 -1.62994936438 -0.5 1.00472637459 3.47839476403 22.208362258 -0.5 -0.860881733543 1.47628990401 -22.2070314853 0.0503665369334 0.0504322135685 0.0498288406803 0.050255261576 0.0500511247449 0.0502709744268 0.049461602447 0.050086792599 0.0502752181093 0.0502071763731 0.0495703503871 0.0498423633126 0.0501086673362 0.0502663583334 0.0494361351896 0.0498969524716
20 65 1 HE -0.5 -3.65005038779 0.67934899992 -3.28960504355 -0.5 -1.93649901065 -0.707400710758 26.3291448802 -0.5 0.669402949354 1.43482368837 8.24094721303 -0.5 -6.69783015153 1.37606341679 41.6081906952 0.0508912507394 0.0502949412252 0.0506647090389 0.0494146395798 0.0509139655028 0.0502132312663 0.0504630372436 0.0491955669332 0.0506083345397 0.0499448959141 0.05041943609 0.0490795605369 0.0507606508563 0.0501590515048 0.050268407353 0.0489600666087
21 65 1 HE -0.5 -5.18168875445 -1.68415250048 -44.1638355247 -0.5 -4.46448600543 1.64476023617 53.0309261309 -0.5 -5.80596177598 1.35785578906 11.2926484211 -0.5 -5.0091191953 4.39358325143 16.1570125405 0.0506784419966 0.050057273289 0.0503803649417 0.0494230088162 0.0506309071607 0.0500416249995 0.0502123771781 0.0489558994181 0.0505447291636 0.0500451259068 0.0502198101131 0.0489825155688 0.0505509235502 0.0498685868666 0.0500673137278 0.0488720167533
23 65 1 HE -0.5 -2.77062177307 -3.97067440274 16.8292195322 -0.5 -2.33372284631 -0.708424208091 27.9529113416 -0.5 2.10303523372 -1.77140776317 -12.3476717505 -0.5 -1.12721482772 -1.74816654071 -12.6909591719 0.0506935227488 0.0517571388343 0.0508582770565 0.0506468331886 0.050465269988 0.0516494204336 0.0507033700343 0.0503789917389 0.0504889830923 0.0515224276129 0.0506634965208 0.0504350060226 0.0503553281326 0.0513749249027 0.0506075234523 0.0502654958987
19 65 4 HE -0.5 -1.25615249218 -2.53100968572 -9.07579970395 -0.5 2.83106549618 0.293377800176 -28.4048695024 -0.5 -0.798733169947 3.31737323585 -40.0886838453 -0.5 -0.0827394088327 -1.5936673557 -39.426222882 0.0503582049498 0.0511987969311 0.0507157272969 0.0505822306555 0.0503322090234 0.0510003585405 0.0504235541505 0.0507128937497 0.0501795804218 0.0508781639781 0.0503645591229 0.050440045296 0.0502731088853 0.0508775248171 0.0504121068546 0.0504394379692
25 65 1 HE -0.5 -5.98241519484 -9.58753614538 -66.8124264586 -0.5 -3.20116669523 -1.16982834355 -48.8670759659 -0.5 -2.49067900006 -2.15818507432 -92.2943334733 -0.5 -1.15219031616 -1.61880944722 -58.6863635127 0.0510820964389 0.0514440716122 0.0513410659362 0.0503928813717 0.0508004019123 0.0512920837937 0.0510159872182 0.0504689831803 0.0507473603832 0.0510779131221 0.0510387398757 0.0504489108089 0.0506987120585 0.0508777781221 0.0509541127121 0.0502701914525
19 65 6 HE -0.5 -2.2686568635 -1.62285356387 -22.6949840485 -0.5 -3.64723350649 0.353441057362 -41.2654249015 -0.5 0.926995329432 2.68575147527 -12.3263519631 -0.5 -0.668243433008 -0.514282432649 -44.9124495435 0.0528108305605 0.0532763193594 0.0537175865059 0.0520093262577 0.0528478319078 0.053511964439 0.0534948904368 0.0521930022058 0.0525422728347 0.0530974851949 0.0534185529137 0.0517091327516 0.0525900043902 0.0531065893478 0.0534962290989 0.0517764151944
23 65 4 HE -0.5 -11.9652232974 -2.57773140989 -42.1095381286 -0.5 -7.37400004165 -3.38651196265 -38.6558273446 -0.5 -8.7287176612 1.08712164222 -38.0381890799 -0.5 -7.02107204583 -3.76001970924 -56.6600608086 0.0529705229077 0.0533663332591 0.0541839611559 0.0533803315932 0.052884913506 0.053266745069 0.0541574688822 0.0533435966876 0.0528659956809 0.0531816005478 0.0539524240236 0.0533362833146 0.0528534082385 0.0531517946526 0.0539962336685 0.0534430117148
21 65 2 HE -0.5 -2.60016216531 -0.833515497259 -7.02087502528 -0.5 -0.952324683858 -1.24965013675 -20.2563076563 -0.5 1.15590994999 2.17717943656 11.4806727479 -0.5 -2.35578655892 6.88309208367 -27.3170208689 0.0528399119147 0.0533374061762 0.05320228058 0.0535437449024 0.0530291491266 0.0533053274964 0.0532994919925 0.0534407108975 0.0528333999096 0.0532538886299 0.0529153848018 0.0532983634457 0.0527490217756 0.0530356810705 0.0527985574137 0.0533988977648
20 65 2 HE -0.5 -8.71600817924 -0.782329310201 -41.4031042217 -0.5 -2.53361519939 1.24768371656 -11.3747176037 -0.5 -8.21730565816 -0.903045734764 -13.4784062737 -0.5 -6.36036756168 1.24036946747 36.621506469 0.0531496848341 0.0532173392438 0.0540267085275 0.0529359265171 0.0531643706312 0.0530374414064 0.0538438623851 0.0527413440964 0.0529857261242 0.0531382414892 0.0536451519774 0.052720713194 0.0530494951956 0.0529791511824 0.0536228075711 0.0525517248001
21 65 4 HE -0.5 -2.78321992965 -1.78953651704 -19.8500884486 -0.5 2.23239781046 2.76255899513 -54.6185153475 -0.5 -3.17637121774 3.34670808704 -19.4382633131 -0.5 -2.31744564902 5.77708228013 5.3350109261 0.052404131847 0.0536874322191 0.0522197568991 0.0528091653463 0.0523843192727 0.0535315226614 0.0521083788399 0.0528367628912 0.0522623012347 0.0535177403009 0.0518793965303 0.0525954567062 0.052249663991 0.0535195663662 0.051860678444 0.0524768646242
20 65 4 HE -0.5 1.49318674287 2.31304873241 27.9528841062 -0.5 1.50125114725 0.962606530101 -11.4244231075 -0.5 1.55724787161 5.52049725278 28.9611682915 -0.5 4.85918054218 4.5444860872 22.5435474765 0.052852373934 0.0534465134271 0.0513556206545 0.0527831775619 0.0527200456836 0.0533772467531 0.0515026116744 0.0527280577005 0.0527408391604 0.0531360354 0.0512595437347 0.0527780024436 0.0527698301089 0.053097847942 0.0512656048094 0.0527182923727
19 66 5 HE -0.5 -3.38842827123 4.67646152202 -8.88429798197 -0.5 1.84976567672 9.61246600501 40.8756225883 -0.5 -1.70443599948 8.96673090401 68.9998937396 -0.5 -2.07093952309 9.11390342811 28.494965746 0.0510049638062 0.0517412025101 0.0516369926597 0.051378543268 0.0509224360936 0.0515782344284 0.0514436190842 0.0509265376241 0.0509542642826 0.0516946708119 0.0514476351577 0.0506967614927 0.050930376412 0.051598433811 0.0514319638053 0.0511021607623
19 66 6 HE -0.5 3.01088460899 0.476150787532 33.4711070868 -0.5 6.65836980684 8.39856314294 69.2550888544 -0.5 0.745418743265 6.29476775434 47.543140481 -0.5 0.499915234015 2.38745386951 51.3483470327 0.0522562257416 0.0533355392387 0.052140033282 0.0520844363189 0.052230619871 0.0531032848432 0.0519445776896 0.0518373123635 0.0522322167781 0.0532465179486 0.0519031173474 0.0517448397297 0.0521771060879 0.0532363849674 0.0518442044941 0.0517299011298
22 65 2 HE -0.5 -1.45383027032 5.31082743158 -21.1233434255 -0.5 2.35885781466 4.23805190642 -32.7228646245 -0.5 -3.27419997739 4.32819668821 -8.43574292105 -0.5 -3.04805656336 4.66215147776 -29.3719945881 0.0523110686595 0.0525650319756 0.052286101707 0.053196642052 0.0523431492485 0.0526812674957 0.05221788647 0.0531743633163 0.0522616486682 0.0525111055099 0.0522034862902 0.0530310655912 0.0521921760499 0.0524605010752 0.0521118751095 0.0529667330982
20 66 2 HE -0.5 2.63493459357 5.56635613304 19.4541566462 -0.5 6.22110436155 3.5024023369 1.54080381054 -0.5 7.35828388478 4.44359211611 19.3283938699 -0.5 0.740509340209 7.60605534972 -6.33177335429 0.0523679841519 0.0535980827939 0.0532859070682 0.05345522475 0.0525038547374 0.0534076894462 0.0531510125637 0.0536274411056 0.0524467818198 0.0533374831372 0.0529666436776 0.053369551976 0.0523460114887 0.0534567160039 0.0530333817995 0.0535773604663
22 65 4 HE -0.5 0.757897401893 2.91901597194 -8.50316851606 -0.5 4.00407805505 7.32758987299 -63.2442966125 -0.5 6.22072186735 2.75058959676 -58.4289548107 -0.5 -0.298410553426 1.17502483049 -85.5263281771 0.0526935154075 0.053522514424 0.0536112082784 0.0525360203294 0.0526128894113 0.0534688869056 0.0533881267547 0.0526938172142 0.0524475798469 0.0532747386452 0.053465219466 0.0526446735126 0.0525198802745 0.0533852519462 0.0534953008297 0.0525390785125
20 66 4 HE -0.5 2.68593605349 6.40355760659 -3.6583626035 -0.5 2.01563136814 5.09968604296 18.0716450807 -0.5 3.4908702003 6.16284159786 26.919549287 -0.5 0.062518536639 4.93222240067 25.8452611473 0.0527355142004 0.0536174956595 0.0530745221393 0.052854490177 0.0526106862835 0.053582293957 0.0529987771067 0.0524332886513 0.0525116317022 0.05332362685 0.0529624094256 0.0525013865309 0.0524451025285 0.053370420335 0.0529620432027 0.0523939653997
19 66 1 HE -0.5 -2.07870586769 2.10372119675 28.0463976291 -0.5 4.71524799806 4.83248735123 103.749209636 -0.5 -1.67594914209 3.23429988922 73.7536038389 -0.5 -1.10949075967 4.01174801174 74.9514814767 0.0523096269516 0.0521801446828 0.0521168859589 0.0515565582562 0.0522918524971 0.0520671207284 0.0519806811115 0.0510245929823 0.0521712216283 0.0521245267347 0.0519937003914 0.0510356440323 0.0521851686886 0.0519988711301 0.0517924340889 0.0510305470035
20 66 1 HE -0.5 -3.99691472794 1.17073227972 4.60726709213 -0.5 -5.3092985696 -1.0985462946 -37.1482718387 -0.5 -2.98231620922 -0.778581854281 -42.6591816153 -0.5 -2.04034339116 -0.255165070962 5.15736511482 0.0521926586868 0.052312923608 0.0519375271561 0.051443285927 0.0520284761292 0.0522562820774 0.0518999674828 0.0516833103877 0.0519239245403 0.0521709575091 0.0517891167352 0.0514468630766 0.0518829412087 0.052132464754 0.0517684893575 0.0512584755179
22 65 1 HE -0.5 -0.935595977232 -0.232532354539 20.764823801 -0.5 1.66660100081 7.96153746368 69.1306161697 -0.5 4.40916720963 7.29218403907 25.9538900806 -0.5 3.97294668949 11.1348589597 67.743184877 0.0521768614856 0.0531031332275 0.0535897955694 0.051997775463 0.0521117939765 0.0530329433722 0.0533335943176 0.0516809703395 0.052026623648 0.0529582687503 0.0530881194459 0.0518237855531 0.0520039174029 0.0528183855585 0.0530151533328 0.0516628604975
24 65 1 HE -0.5 -1.93892143267 6.00688104764 25.2860289246 -0.5 -3.6081425266 8.28226076153 23.9513476152 -0.5 0.559030289316 4.30175161956 31.4305785903 -0.5 -2.75369520871 10.5895746486 17.5660149905 0.051590535056 0.0522417686812 0.0522963240611 0.0512062943968 0.0515100715918 0.0520598605344 0.05208556331 0.0509717336981 0.0515047415523 0.0520457497989 0.0520633394849 0.0509630619944 0.0513711287835 0.0519790010744 0.0518958853983 0.0508517236127
19 66 4 HE -0.5 -1.66319274654 4.47814844211 29.3433125829 -0.5 -0.638690619587 4.26007490786 35.7765104119 -0.5 0.412372722521 -0.117257229558 50.4136894368 -0.5 1.45521390049 4.67112704588 24.9107419887 0.0516196369957 0.0517095174136 0.0517388085942 0.0518114361646 0.0515345890861 0.0516813489508 0.0515827164062 0.051659792236 0.051607577622 0.0514621258017 0.051494905321 0.0516160661142 0.0515281645696 0.0514634385205 0.0513784158372 0.0514646276238
26 65 1 HE -0.5 -0.733142492618 4.07005363457 12.9595267853 -0.5 1.6130671099 4.48032918245 9.72845148962 -0.5 -1.16406990431 -0.517146745849 32.7529973667 -0.5 0.150803202966 1.7457098798 19.7217733034 0.0520297008304 0.0526584919597 0.0510404625663 0.0526885688131 0.0521464904445 0.0527521347158 0.050826092459 0.0528268093172 0.0520325271429 0.0527490444597 0.0508739458159 0.0524491053079 0.0519386902368 0.0524460440186 0.0507119528853 0.0525456012237
24 65 6 HE -0.5 -0.0524196520517 -1.41965757439 37.7235839033 -0.5 0.589871869823 4.80827296672 33.9688394785 -0.5 -1.12246095457 6.97369904051 12.4568389667 -0.5 1.77354942825 2.88952736761 53.7123908977 0.0506838767704 0.0510049162632 0.0505636011619 0.0508022475538 0.0505853286736 0.0509871537186 0.0502205220469 0.0505384417081 0.0504968470906 0.0510308163639 0.0502137008613 0.0506404348716 0.050576812608 0.0506526282409 0.0501815908299 0.0504678847097
26 65 4 HE -0.5 4.83040017115 3.04708717049 -12.5249100365 -0.5 3.2478221579 5.34260473749 23.4922768939 -0.5 4.84006838144 6.23352463287 42.6663348459 -0.5 4.91288295365 4.71173749757 15.8117244791 0.051678692863 0.0528606659051 0.0518375534579 0.051946375668 0.0516918840155 0.0527168725363 0.0516912716653 0.0519130374774 0.0516171484969 0.0526572187638 0.0515021562126 0.0517741079545 0.0516099332304 0.0524817967925 0.0515272579722 0.0517457948027
20 66 5 HE -0.5 -2.31012441858 1.59320223458 14.1763414415 -0.5 -0.447552409264 6.11467171875 35.7366760992 -0.5 0.182246989508 8.92102760688 36.0624536931 -0.5 2.47425019652 9.87886695576 35.9525852101 0.0513910021771 0.0517935614033 0.051369095783 0.0518598620761 0.051200220114 0.0517152233533 0.0511386975636 0.051695530156 0.0512020452413 0.0516006956753 0.0509306018734 0.0515815262067 0.0511452846289 0.0514932224227 0.050857147195 0.0515815152819
22 65 6 HE -0.5 0.561190094335 3.74414958985 -7.23293584377 -0.5 -0.213198594844 7.33690697431 36.7077197006 -0.5 0.0879224034462 2.22074291192 -37.8146907658 -0.5 0.927104951683 8.49818095148 -20.3788128947 0.0521135754395 0.0530626624061 0.0536062637123 0.0521772044625 0.0520341125643 0.0528940034127 0.053469544762 0.0519547364711 0.0519287171591 0.0528805089301 0.0534009623609 0.0521330500298 0.0519342451145 0.0528491742405 0.0532292915068 0.0521037783122
24 65 4 HE -0.5 -6.29955540267 0.0854460051399 -27.9231403576 -0.5 -1.48740052973 11.5606149667 42.8807996747 -0.5 0.0282462936035 7.59807514059 39.0677656297 -0.5 0.298480735795 6.29081486934 36.5289452581 0.0510058310768 0.0509519632553 0.0511687767898 0.0517903012576 0.0507810554901 0.0506891418603 0.050869236282 0.0515009345715 0.0508571190022 0.0506967946489 0.0508483365385 0.0514408629131 0.0507329905072 0.0505236803045 0.0508511529091 0.0514150341782
20 66 6 HE -0.5 2.44208559851 1.69076479837 -9.87570383484 -0.5 5.60003443635 3.72938180568 50.9404202417 -0.5 2.75160097349 5.27165228369 -2.77692022163 -0.5 -3.07177369803 4.60499627723 -12.3339576936 0.0517418556667 0.0523967198214 0.0514565094014 0.0514815307992 0.0515049355087 0.0522534166544 0.0511448815332 0.0510838604672 0.0515492877528 0.0522411169676 0.051070969622 0.0513276050961 0.0513864080827 0.052334743208 0.0510671380222 0.0512420997331
18 66 1 HE -0.5 3.7818711774 4.56236722208 -9.28259625742 -0.5 3.42246259088 3.68206294688 -7.73940969612 -0.5 4.24640870321 4.550306147 16.2492812556 -0.5 0.810953112736 5.07829322477 -3.48441514254 0.0524600790597 0.0529141379521 0.0521388318783 0.052940302629 0.0524577214514 0.0528611541564 0.0520496032381 0.0528751950267 0.052292758656 0.0527351392323 0.051955149246 0.0526414525728 0.05234361502 0.0528921628616 0.0519635640187 0.052730144615
18 66 4 HE -0.5 1.4437176985 -0.063295471381 7.23591372922 -0.5 3.38033776015 1.47627130522 2.89696745012 -0.5 2.66357112421 0.738333890843 -10.1598081621 -0.5 1.74520319548 0.51714420128 22.619193947 0.0518220858343 0.0536680179629 0.0533149839371 0.0521043737936 0.0517867673023 0.0535169301692 0.0532048718816 0.0518623864999 0.0516798700856 0.0534407599801 0.0530535730533 0.0517721759111 0.0517247187726 0.0532831473504 0.0529542132236 0.0515352812388
18 66 5 HE -0.5 -2.88483936925 3.81563381621 -18.2000054964 -0.5 0.925940190078 8.41028472297 -9.16713151289 -0.5 0.920892388339 3.54088277427 -4.79776188767 -0.5 -2.1185311484 2.8627252558 8.36919437128 0.0523480074388 0.0530141171426 0.0520741519191 0.0540773274037 0.0522954981943 0.0527530704307 0.0518780994644 0.0542003297574 0.0521996633197 0.0527170920358 0.0517774522894 0.0539786723877 0.0522306891215 0.0527441225324 0.0520064886021 0.05381194337
17 66 3 HE -0.5 -3.77257525658 -0.876158894488 11.5032972797 -0.5 -4.13672993043 0.764545620447 -8.65120344276 -0.5 -5.03168637273 -4.46388485479 -0.248184833338 -0.5 -3.1017558952 3.79457016348 13.3975352048 0.0524881701152 0.0524172316074 0.0533531488969 0.0521579541583 0.0527277298477 0.0524999246961 0.0532199044733 0.0521008661379 0.0523750892155 0.052394348367 0.0532573211852 0.0520159853064 0.052641929838 0.0523402650598 0.052948098837 0.0519243040535
28 65 4 HE -0.5 0.0586296252862 -1.36463546851 5.85798157463 -0.5 0.403109986559 2.37360263042 87.4171388501 -0.5 0.285294797385 0.695892948538 82.8793254405 -0.5 1.78570297872 5.18326185776 -1.47847959216 0.0522536098148 0.0526930049125 0.0524595244831 0.0511032913362 0.0520932024818 0.0524714860607 0.0522972348025 0.0508654112085 0.0520956231964 0.0524763015147 0.0522041231405 0.0506114058312 0.0521271404045 0.0524460901644 0.0520981566611 0.0508592383338
18 66 3 HE -0.5 -4.97363427768 -2.25745223738 -6.31317090471 -0.5 0.342407308975 4.34805623054 34.1548629493 -0.5 -3.3519239078 -1.23396035471 -3.98503002516 -0.5 -5.01039239376 3.59723348635 14.7097346344 0.0514303533319 0.0509587807601 0.0508739942999 0.0501829871315 0.0513539843916 0.0508509583797 0.0507205345253 0.049778084023 0.0512950172743 0.0508397297797 0.0506424621431 0.049832276703 0.0513110303807 0.0508572080695 0.0505364594792 0.0498324800811
28 65 7 HE -0.5 -1.29355564029 -1.66201389124 -25.7584576373 -0.5 3.40587300799 5.16060676661 1.16985905379 -0.5 -5.36947058151 5.28448390662 -12.0367579917 -0.5 -1.52726977135 4.22720627571 -11.4367932842 0.0517905044132 0.0524916753168 0.0525325429932 0.0516371508404 0.0517165810601 0.052289221233 0.0522822831045 0.0514952430856 0.0517591871924 0.0522801564911 0.0521769377999 0.0516489012844 0.0516638074305 0.0523675788444 0.0520101811265 0.0515332845784
28 65 3 HE -0.5 4.22246895481 7.43637730422 24.6296879002 -0.5 3.29886447121 6.07305491575 66.4170192802 -0.5 0.463989448105 6.36668659764 26.6757534861 -0.5 1.12800250446 7.23668612146 27.6202335463 0.0511331911119 0.0522923582544 0.0516958447369 0.0520359630378 0.0510987218806 0.0522152458624 0.0515822571149 0.0519487473252 0.051064403017 0.0521453630439 0.0514662420974 0.0520467336461 0.0510851461782 0.0520686014058 0.0514485932759 0.0520406825754
28 65 5 HE -0.5 -3.91095386823 4.06255411492 7.02108820562 -0.5 -5.14336308647 6.9914973834 -20.3592595671 -0.5 0.0916090539316 5.12784617741 -25.3248455816 -0.5 -1.35347514744 8.37346885792 10.3044419495 0.0508123212991 0.0516460804083 0.0522695052354 0.0509968704023 0.0508743531311 0.051719591398 0.0519809877875 0.0508219212569 0.0506291031093 0.0513803842775 0.0518746230167 0.0507662122682 0.0507153851555 0.0513739114497 0.0519172738421 0.0507518373625
28 65 6 HE -0.5 2.21312168676 -0.0469119165153 -18.9165673155 -0.5 -1.85051222266 3.23900079783 0.106033350473 -0.5 2.58918775136 2.96091963418 -13.6982039991 -0.5 -3.66101162985 0.648457869888 -9.16379092016 0.0517772345747 0.0527290290844 0.0520816282091 0.0515215217853 0.0516856010708 0.0525603428766 0.0519077943931 0.0514279942289 0.0517678159042 0.0524253025064 0.0518686957847 0.0515970694657 0.0516367415947 0.0525707694015 0.0518283842655 0.0514889781186
26 65 7 HE -0.5 1.55810051044 4.43254169062 -3.13052358859 -0.5 4.86039509962 8.13806984636 61.1137632788 -0.5 5.42815001652 7.23173083191 65.2975328427 -0.5 1.27578653238 9.89645037388 63.9988852289 0.0514723195404 0.0524692456977 0.0516145192252 0.0523063617278 0.0513532942413 0.0525152890053 0.0514130510171 0.0519044628988 0.0513669537103 0.0523885307036 0.0513590439538 0.0516468183899 0.0512213969936 0.0522529923056 0.0512193531012 0.0515970772564
28 65 2 HE -0.5 -2.60613197303 -0.0368898715661 -39.2033760285 -0.5 -3.19911295647 1.4079757497 -109.573385065 -0.5 -3.17899377141 2.34023931068 -61.804955693 -0.5 -0.905700516344 2.95518141516 -69.2889382794 0.0506397297085 0.0514337620454 0.0518170598236 0.0503121161454 0.0506309038458 0.0514487729929 0.0515842480245 0.0508278124439 0.0505068410859 0.0512417349228 0.0515722174375 0.0506316804262 0.0504596456707 0.051206501027 0.0514540427258 0.0501203907959
22 65 5 HE -0.5 -3.17466956412 4.40338730059 -13.5354113325 -0.5 -9.25158293656 3.58682091571 -48.7099855786 -0.5 -3.90853225503 2.27131436193 -6.36465188225 -0.5 -8.87494052636 3.37693852367 -30.0048310246 0.0512893068858 0.0518240822674 0.0508583949379 0.0503270558167 0.0511662788442 0.0519740314908 0.0506578996412 0.0502508787205 0.0509451562419 0.0517732256384 0.0505249031937 0.0503579640042 0.0509397533885 0.0519573342198 0.0505077683008 0.0503230155695
24 65 5 HE -0.5 -2.27287752281 1.58473996054 17.6444111392 -0.5 2.64460300602 -3.01119164028 -16.5776519879 -0.5 -1.08688246694 0.0168807809939 -2.63834160421 -0.5 -0.435865130572 -2.64760684846 -45.5419793988 0.0522464063084 0.0535067092264 0.0536569255197 0.0519811123987 0.0521807283018 0.0532075576027 0.0534647758196 0.052222334438 0.0520610273187 0.0532171970542 0.0534362818504 0.0521159472977 0.0521326081573 0.053206565853 0.0534034932482 0.0523212612382
26 65 6 HE -0.5 -2.30603933618 1.56926441872 -10.7895576364 -0.5 -2.54398928559 4.34447149286 -12.0513562234 -0.5 -1.09711178466 0.159897656514 -27.6052602686 -0.5 -0.490735060027 3.44550996147 -41.1282985721 0.0512877770852 0.0516517144945 0.0510117545939 0.0509911701309 0.0510015524976 0.0517179116309 0.0508283148658 0.0510629206742 0.0510749244533 0.0515864056804 0.0507234038074 0.0511183480095 0.050908153228 0.0515131192512 0.050652451448 0.0511817017714
26 65 5 HE -0.5 -1.09912607268 4.73582967417 42.1106024346 -0.5 -3.32249256512 1.97928478105 25.537669528 -0.5 -4.08492639093 4.23171700151 28.5139259295 -0.5 -3.01149590381 5.00962864413 33.6203446367 0.0510677458855 0.0512686184129 0.0519024830583 0.0520252160169 0.0509394939894 0.0512304173777 0.0517534559431 0.0520576274186 0.0509350321077 0.0514257797389 0.0516260406232 0.052017815128 0.0509094711064 0.0512167848374 0.051616250143 0.051922635319
19 66 3 HE -0.5 3.11251580011 1.26659637589 2.19586488058 -0.5 1.61731797672 3.56054750026 77.719834203 -0.5 3.67379171113 2.93237645968 47.2470606574 -0.5 3.66420694568 2.2787917714 71.2664378671 0.0502972261668 0.0519187265723 0.0512159909091 0.0515716072392 0.0500648526161 0.0518787855487 0.0511809512057 0.0511720570619 0.0500110725448 0.0517614834153 0.0511468951797 0.051274436453 0.050067591864 0.0517472514748 0.0511675691697 0.0511917228745
26 65 3 HE -0.5 4.61578644881 6.90030462681 9.45930535399 -0.5 7.03431126924 6.09150020199 36.8447138736 -0.5 5.64505013465 9.11103918834 21.1312816463 -0.5 5.86572342261 8.01515269144 58.3166189431 0.0522424629798 0.0534401109609 0.0538207242962 0.0526848591803 0.0521956269854 0.0532421917799 0.0536508852787 0.0522596453721 0.0520832852987 0.0531415250119 0.053494518717 0.0524390742576 0.0520593448948 0.0531413046043 0.0535781861081 0.0519286412233
29 65 1 HE -0.5 -1.14012179092 0.101117463467 -39.1260193292 -0.5 -1.51498196635 4.07131937152 -1.62994936438 -0.5 1.00472637459 3.47839476403 22.208362258 -0.5 -0.860881733543 1.47628990401 -22.2070314853 0.0503665369334 0.0504322135685 0.0498288406803 0.050255261576 0.0500511247449 0.0502709744268 0.049461602447 0.050086792599 0.0502752181093 0.0502071763731 0.0495703503871 0.0498423633126 0.0501086673362 0.0502663583334 0.0494361351896 0.0498969524716
28 65 1 HE -0.5 -3.65005038779 0.67934899992 -3.28960504355 -0.5 -1.93649901065 -0.707400710758 26.3291448802 -0.5 0.669402949354 1.43482368837 8.24094721303 -0.5 -6.69783015153 1.37606341679 41.6081906952 0.0508912507394 0.0502949412252 0.0506647090389 0.0494146395798 0.0509139655028 0.0502132312663 0.0504630372436 0.0491955669332 0.0506083345397 0.0499448959141 0.05041943609 0.0490795605369 0.0507606508563 0.0501590515048 0.050268407353 0.0489600666087
18 66 2 HE -0.5 -5.18168875445 -1.68415250048 -44.1638355247 -0.5 -4.46448600543 1.64476023617 53.0309261309 -0.5 -5.80596177598 1.35785578906 11.2926484211 -0.5 -5.0091191953 4.39358325143 16.1570125405 0.0506784419966 0.050057273289 0.0503803649417 0.0494230088162 0.0506309071607 0.0500416249995 0.0502123771781 0.0489558994181 0.0505447291636 0.0500451259068 0.0502198101131 0.0489825155688 0.0505509235502 0.0498685868666 0.0500673137278 0.0488720167533
17 66 2 HE -0.5 -2.77062177307 -3.97067440274 16.8292195322 -0.5 -2.33372284631 -0.708424208091 27.9529113416 -0.5 2.10303523372 -1.77140776317 -12.3476717505 -0.5 -1.12721482772 -1.74816654071 -12.6909591719 0.0506935227488 0.0517571388343 0.0508582770565 0.0506468331886 0.050465269988 0.0516494204336 0.0507033700343 0.0503789917389 0.0504889830923 0.0515224276129 0.0506634965208 0.0504350060226 0.0503553281326 0.0513749249027 0.0506075234523 0.0502654958987
16 66 4 HE -0.5 -1.25615249218 -2.53100968572 -9.07579970395 -0.5 2.83106549618 0.293377800176 -28.4048695024 -0.5 -0.798733169947 3.31737323585 -40.0886838453 -0.5 -0.0827394088327 -1.5936673557 -39.426222882 0.0503582049498 0.0511987969311 0.0507157272969 0.0505822306555 0.0503322090234 0.0510003585405 0.0504235541505 0.0507128937497 0.0501795804218 0.0508781639781 0.0503645591229 0.050440045296 0.0502731088853 0.0508775248171 0.0504121068546 0.0504394379692
29 65 2 HE -0.5 -5.98241519484 -9.58753614538 -66.8124264586 -0.5 -3.20116669523 -1.16982834355 -48.8670759659 -0.5 -2.49067900006 -2.15818507432 -92.2943334733 -0.5 -1.15219031616 -1.61880944722 -58.6863635127 0.0510820964389 0.0514440716122 0.0513410659362 0.0503928813717 0.0508004019123 0.0512920837937 0.0510159872182 0.0504689831803 0.0507473603832 0.0510779131221 0.0510387398757 0.0504489108089 0.0506987120585 0.0508777781221 0.0509541127121 0.0502701914525
19 66 2 HE -0.5 -2.2686568635 -1.62285356387 -22.6949840485 -0.5 -3.64723350649 0.353441057362 -41.2654249015 -0.5 0.926995329432 2.68575147527 -12.3263519631 -0.5 -0.668243433008 -0.514282432649 -44.9124495435 0.0528108305605 0.0532763193594 0.0537175865059 0.0520093262577 0.0528478319078 0.053511964439 0.0534948904368 0.0521930022058 0.0525422728347 0.0530974851949 0.0534185529137 0.0517091327516 0.0525900043902 0.0531065893478 0.0534962290989 0.0517764151944
20 66 3 HE -0.5 -11.9652232974 -2.57773140989 -42.1095381286 -0.5 -7.37400004165 -3.38651196265 -38.6558273446 -0.5 -8.7287176612 1.08712164222 -38.0381890799 -0.5 -7.02107204583 -3.76001970924 -56.6600608086 0.0529705229077 0.0533663332591 0.0541839611559 0.0533803315932 0.052884913506 0.053266745069 0.0541574688822 0.0533435966876 0.0528659956809 0.0531816005478 0.0539524240236 0.0533362833146 0.0528534082385 0.0531517946526 0.0539962336685 0.0534430117148
22 65 3 HE -0.5 -2.60016216531 -0.833515497259 -7.02087502528 -0.5 -0.952324683858 -1.24965013675 -20.2563076563 -0.5 1.15590994999 2.17717943656 11.4806727479 -0.5 -2.35578655892 6.88309208367 -27.3170208689 0.0528399119147 0.0533374061762 0.05320228058 0.0535437449024 0.0530291491266 0.0533053274964 0.0532994919925 0.0534407108975 0.0528333999096 0.0532538886299 0.0529153848018 0.0532983634457 0.0527490217756 0.0530356810705 0.0527985574137 0.0533988977648
24 65 3 HE -0.5 -8.71600817924 -0.782329310201 -41.4031042217 -0.5 -2.53361519939 1.24768371656 -11.3747176037 -0.5 -8.21730565816 -0.903045734764 -13.4784062737 -0.5 -6.36036756168 1.24036946747 36.621506469 0.0531496848341 0.0532173392438 0.0540267085275 0.0529359265171 0.0531643706312 0.0530374414064 0.0538438623851 0.0527413440964 0.0529857261242 0.0531382414892 0.0536451519774 0.052720713194 0.0530494951956 0.0529791511824 0.0536228075711 0.0525517248001
24 65 2 HE -0.5 -2.78321992965 -1.78953651704 -19.8500884486 -0.5 2.23239781046 2.76255899513 -54.6185153475 -0.5 -3.17637121774 3.34670808704 -19.4382633131 -0.5 -2.31744564902 5.77708228013 5.3350109261 0.052404131847 0.0536874322191 0.0522197568991 0.0528091653463 0.0523843192727 0.0535315226614 0.0521083788399 0.0528367628912 0.0522623012347 0.0535177403009 0.0518793965303 0.0525954567062 0.052249663991 0.0535195663662 0.051860678444 0.0524768646242
26 65 2 HE -0.5 1.49318674287 2.31304873241 27.9528841062 -0.5 1.50125114725 0.962606530101 -11.4244231075 -0.5 1.55724787161 5.52049725278 28.9611682915 -0.5 4.85918054218 4.5444860872 22.5435474765 0.052852373934 0.0534465134271 0.0513556206545 0.0527831775619 0.0527200456836 0.0533772467531 0.0515026116744 0.0527280577005 0.0527408391604 0.0531360354 0.0512595437347 0.0527780024436 0.0527698301089 0.053097847942 0.0512656048094 0.0527182923727
