# HE QIE11 Constants table
# Eta Phi Depth Det Offsets*16 Slopes*16
19 63 2 HE -0.5 -6.59729517495 -17.5021304334 -486.524441176 -0.5 -5.81617654995 15.7887239911 -261.506884416 -0.5 -4.16132841164 3.09943099266 -299.16060282 -0.5 -6.78679290043 15.2873915522 -479.477135353 0.300012668322 0.299194366997 0.293041307545 0.297797553832 0.299374977802 0.299393585976 0.291475838848 0.296597443001 0.29802681722 0.298961550568 0.291158507682 0.296327974877 0.298405143706 0.298234279958 0.290942152794 0.295597239353
20 63 3 HE -0.5 -3.09302095771 4.25581040663 -35.4102893544 -0.5 -0.219562539304 24.2575279741 170.742882183 -0.5 -0.49848849749 -10.4838756866 82.4588112351 -0.5 0.461274005248 27.4872418204 276.569887525 0.293605912356 0.300896706837 0.297734545507 0.298858190244 0.29336436607 0.30106516249 0.297612937122 0.296509738432 0.292429189624 0.29992011262 0.297202813889 0.296859943996 0.29308148465 0.300306330596 0.296575058423 0.296370976241
22 63 3 HE -0.5 -0.952529686526 6.78414467605 -41.247298532 -0.5 -2.63662415625 -6.19142353197 -187.513305657 -0.5 -0.814700203607 0.472113483683 -278.291967434 -0.5 -4.34142766507 -13.8952485114 -51.0606145129 0.300353978933 0.300606662129 0.298199821381 0.296506913238 0.300697755747 0.300731089841 0.297757480052 0.297324534222 0.299510614932 0.299513721456 0.297556016783 0.296122664525 0.29986879288 0.299662406882 0.297972254286 0.296379779324
24 63 3 HE -0.5 -6.34116415087 -28.8761024967 -349.637063495 -0.5 -5.02602345716 -18.064170402 -206.875866001 -0.5 -9.34622359777 -18.1057625963 -275.730532122 -0.5 -5.80508917886 -23.7876254036 -100.047216825 0.296599798442 0.295991824522 0.290934325741 0.284879257605 0.29676557363 0.297057860695 0.290533127572 0.282670276242 0.295611300579 0.296381668679 0.288488350568 0.282915848946 0.296317722948 0.296708061153 0.289692108399 0.282019899888
24 63 2 HE -0.5 -2.01386219401 32.0926454499 283.378691459 -0.5 -2.40007101965 19.9067674152 -19.0088051329 -0.5 -1.07351818539 8.21457747714 78.1800099463 -0.5 2.25759217088 23.4241501707 344.859060087 0.297753324498 0.299375114603 0.294191559735 0.292787346534 0.298347953873 0.299884147475 0.293923823719 0.293830944694 0.296834411884 0.299498120651 0.293796957362 0.293370959452 0.297317602276 0.298918613928 0.293408832631 0.289588265127
26 63 2 HE -0.5 -3.11468039328 9.96073643383 286.041418568 -0.5 2.47286810264 24.7146135296 -1.71438066546 -0.5 -0.248434036214 -1.76365490399 126.156799052 -0.5 -1.5566624043 22.9305485402 162.882771872 0.296449395013 0.297296844448 0.295027670163 0.2922404279 0.296761457402 0.296847860398 0.294250142419 0.294162110605 0.295093288793 0.295703279168 0.294734215264 0.292448314004 0.295991798299 0.295987719262 0.293559867838 0.290357417296
29 63 1 HE -0.5 -3.291893983 -3.42494176823 -276.857148876 -0.5 -0.274822128358 17.0699293615 187.137513254 -0.5 -1.71657320322 44.512871948 78.1030128239 -0.5 -0.258862902837 1.39620704581 106.424847139 0.304235334021 0.307381749484 0.306626247446 0.302883970627 0.303391593761 0.306413114138 0.304343410857 0.298096042089 0.303514792834 0.307043551953 0.303968006252 0.299013591365 0.303573491767 0.30557711493 0.303341745034 0.298533117226
28 63 1 HE -0.5 0.205441960559 -5.32320043969 2.28959509927 -0.5 4.15799611209 25.4973522019 -20.8812446592 -0.5 0.586497986932 36.255886518 52.3077391325 -0.5 1.50398617028 34.0491231487 38.0737177718 0.30546078696 0.308939460583 0.305671202891 0.298951960566 0.304820934791 0.307830076839 0.304130153185 0.299313356063 0.304693339251 0.308161457383 0.303622549609 0.298278009387 0.304229461262 0.307969948447 0.303547705479 0.298259058553
18 63 2 HE -0.5 -4.85063886442 3.10753926251 95.1732685839 -0.5 -4.82833946728 -8.0847537271 58.0338905217 -0.5 -4.12707706593 4.1010638434 109.910976902 -0.5 -4.85726863656 17.0239272289 205.481726421 0.305851478151 0.302962374979 0.299592168286 0.296927026666 0.305376601434 0.302534154182 0.300652504931 0.295764187099 0.305929868781 0.302067610315 0.300330218153 0.295304465496 0.305770651078 0.301968204452 0.298180177374 0.29488049343
17 63 2 HE -0.5 -9.5130243495 -14.059442827 -174.529378756 -0.5 -2.744390702 17.1151167718 -241.073664011 -0.5 -3.45321491605 31.3841075461 -133.1642218 -0.5 -3.2281931638 24.2176561417 -378.357410985 0.30459960009 0.306704354282 0.304785595232 0.297882642906 0.30360872335 0.306231967052 0.303642762966 0.300200889008 0.304110078573 0.306082741207 0.303183253864 0.298877900924 0.303436240603 0.305752761137 0.302404431019 0.298561072012
16 63 4 HE -0.5 -5.11627495295 -5.33992782863 20.3850333748 -0.5 -6.66535961302 18.2339224474 116.631334896 -0.5 -7.3490526694 -4.16918931571 52.8983359554 -0.5 -4.48811838145 5.1890882883 253.962445764 0.304213627627 0.308428151713 0.299430306397 0.296536907184 0.303676801079 0.308370062518 0.298526143716 0.296171091489 0.303856429159 0.308196936066 0.299027993064 0.295732247795 0.303623192442 0.306777770839 0.298542095166 0.294585035835
29 63 2 HE -0.5 -3.54067358241 -16.8817421427 -293.503518041 -0.5 -0.278402394388 -11.4603751275 -173.516207047 -0.5 0.70348607703 -17.6663891353 -287.711541978 -0.5 -3.075176004 8.74992610686 -552.755609135 0.303486426163 0.309213781225 0.309039073744 0.305900779873 0.303037644196 0.308777309753 0.307961126565 0.305161420058 0.303017503944 0.308648791983 0.307970766281 0.305623132229 0.302707041505 0.308219945984 0.306535267057 0.305730541214
24 63 6 HE -0.5 1.63268628186 2.52156750951 65.237332217 -0.5 0.99865372004 52.4049139766 184.000003047 -0.5 2.81957988257 24.2609631449 428.200012612 -0.5 0.470580309397 21.3442903241 472.082450246 0.302424647985 0.304722551199 0.298650687271 0.301747314119 0.302027673198 0.304407077296 0.295963864108 0.300145475612 0.301447479584 0.303976972646 0.295908133874 0.298953873609 0.30103608814 0.303652788118 0.295658261311 0.298683374583
24 63 5 HE -0.5 1.6104983732 9.4287021017 30.7482760387 -0.5 0.398348124773 18.7242982516 184.461444887 -0.5 0.713333425991 33.5359765949 285.131754684 -0.5 -2.100762378 -23.8389730754 288.512814335 0.299502225398 0.302674705401 0.296971421488 0.290126172686 0.299313608188 0.30211838656 0.295296245189 0.2872409067 0.298297297551 0.30154516953 0.295214530902 0.287076133425 0.297579040663 0.300653276404 0.295688391014 0.28606308042
26 63 5 HE -0.5 -0.306759739475 -13.4486868813 139.887828906 -0.5 4.16448976045 36.7050817766 389.679333513 -0.5 0.0653393124797 14.6474532091 -85.6352685894 -0.5 1.1137457421 -6.89270731614 99.3082989023 0.301545383564 0.303748790051 0.301086740301 0.300719870412 0.300536715304 0.303228516553 0.299844695283 0.297942555209 0.299541612101 0.302834982233 0.298986944615 0.300061792196 0.299974233546 0.30282459254 0.299255875523 0.298868807419
26 63 6 HE -0.5 -0.378897907156 -10.4457004894 -163.659218622 -0.5 1.3860590769 29.5686181301 -293.310632617 -0.5 1.8061018911 25.1850881321 -66.2411741588 -0.5 1.20598073971 38.159370354 -395.731776028 0.302709072029 0.304786754769 0.300191841211 0.29388302018 0.302081566649 0.303583889899 0.298456711662 0.294617752567 0.301936502724 0.303426418489 0.298167360001 0.292649930221 0.301074661582 0.303079402112 0.298127751352 0.29493509105
19 63 3 HE -0.5 2.02414038038 5.20927294634 226.481126393 -0.5 1.95411073818 34.8398887547 153.164425706 -0.5 -0.360686471597 34.5478666486 84.9444206925 -0.5 1.71466490654 22.7518008683 379.573886882 0.30379900364 0.305063225988 0.301203928625 0.297768513857 0.303261357299 0.304710014794 0.300677960841 0.296966549202 0.302491931308 0.30368894197 0.299579153561 0.296261167922 0.301420917151 0.303538677336 0.299492863545 0.296292290558
26 63 3 HE -0.5 -0.924915833232 10.3047048559 5.9446665714 -0.5 -0.257318065386 -23.7825570505 26.6345663196 -0.5 2.01274986449 -6.46562512226 229.177611149 -0.5 -0.942513043052 7.53107057423 205.612279787 0.301790663007 0.302791181618 0.302889115964 0.290840911587 0.301181598866 0.301221355601 0.303488256707 0.290004925766 0.300672154805 0.30094903866 0.302919709824 0.288979454562 0.299719829697 0.300896661998 0.302589469717 0.289333790669
28 63 2 HE -0.5 -5.3047834498 5.52030764315 -168.580427265 -0.5 -2.3548992973 28.0627101901 -249.464305191 -0.5 0.513746814075 14.0372380989 -225.01854854 -0.5 -4.2356152109 0.407187029526 -62.9423319424 0.304365059801 0.307432522506 0.307079638596 0.309790559096 0.30406662373 0.30708779333 0.306404037713 0.310272263856 0.304461167778 0.307206206807 0.306020946272 0.310194876518 0.304583603808 0.306412845009 0.305956083343 0.309176354599
28 63 5 HE -0.5 -5.68210395044 -29.9864063563 -352.137610555 -0.5 -1.9055541328 17.7548834701 -471.350795245 -0.5 -6.96995367867 13.4836593418 -109.083285393 -0.5 -4.33622861307 -7.50297630077 -183.182130868 0.304649877154 0.306951341847 0.300854002913 0.303392122345 0.30468061399 0.306772067041 0.299229701129 0.305148554707 0.304429201998 0.306388645605 0.299292033432 0.302409472446 0.30494597658 0.305795874938 0.299251772565 0.302619239098
28 63 3 HE -0.5 -3.21361923584 18.477143386 -35.7360887011 -0.5 -1.19837065879 49.7527885882 392.700138698 -0.5 1.80651476183 48.3308193377 411.146848992 -0.5 -2.84114832293 41.5945894907 563.786434121 0.305294008263 0.306096934769 0.304940025801 0.30729484247 0.305464925955 0.306028190328 0.303343308709 0.304086278615 0.304698524104 0.305511496919 0.302973799237 0.304012345564 0.305558665581 0.30545388107 0.303046508374 0.302618328602
28 63 7 HE -0.5 -7.28667476578 5.95358963783 64.6482067976 -0.5 -6.08165339996 -1.10196994147 279.673949884 -0.5 -8.03590995415 10.9245194158 -36.6144095109 -0.5 -8.72383312619 22.4291212661 -59.707001475 0.305940583137 0.305619031659 0.305847571207 0.304198098868 0.305811993687 0.306739187593 0.304745910401 0.302397962542 0.305231403546 0.305906689001 0.303261197278 0.304178645298 0.306124986488 0.305800351624 0.304171274962 0.303883938824
26 63 7 HE -0.5 -6.11674933813 -29.2982470129 -261.93384439 -0.5 -6.0179299351 -34.7464453033 -282.891193445 -0.5 -6.65907572107 -22.0620104355 -91.5084949328 -0.5 -8.34858289901 4.13199076346 -267.810308786 0.30465553596 0.30191968207 0.298788912678 0.29863176531 0.3046555527 0.302555626645 0.297817380064 0.298037038173 0.304140030971 0.301884344138 0.297016052564 0.297004902286 0.304924864356 0.301543082249 0.296831971444 0.297619442407
28 63 6 HE -0.5 -8.61111150077 -34.5900190372 -74.6151989464 -0.5 -6.40014095428 -10.8796556097 -133.085292708 -0.5 -3.87968746152 -22.1829598815 -164.927461791 -0.5 -6.38166937401 -12.2154104023 78.0711810996 0.305606907388 0.304245373348 0.307677989672 0.305835462618 0.305647024091 0.303908452206 0.307264681481 0.305874675272 0.304703466573 0.303463639028 0.305207968096 0.305099310387 0.305945038918 0.303391721529 0.306734157046 0.303838359546
19 63 5 HE -0.5 -0.786292428168 -13.1684457914 -48.1012516434 -0.5 -0.73151506792 -4.76896037538 48.4348582118 -0.5 0.193328956376 15.1790883103 -218.889068701 -0.5 -0.764680091777 -2.11427016941 -39.9156247013 0.303943255947 0.304957129078 0.302064962983 0.290934586294 0.303927292754 0.304398373641 0.301406656051 0.289714478308 0.304079280679 0.303818667683 0.300870636884 0.289681972141 0.303568562868 0.303733960509 0.301265828617 0.289812695778
26 63 4 HE -0.5 -0.847906935715 1.29736106682 -33.5466805291 -0.5 1.3541267296 40.4134160291 212.37843848 -0.5 1.79724495432 32.4696306774 119.834915114 -0.5 -0.846020102496 46.0846121586 154.897504118 0.299159436199 0.304422701358 0.296085677336 0.311224480485 0.299379278057 0.303393443961 0.294333717096 0.309234071118 0.299468534154 0.303322149426 0.293276315738 0.309294498325 0.298228087275 0.303075580461 0.293648591397 0.309338791073
20 63 6 HE -0.5 -0.0277651778847 24.6173238582 219.384524326 -0.5 0.0507251282583 35.3376815213 505.27982544 -0.5 0.410822535684 44.717417672 414.957653288 -0.5 -2.34580927444 52.4470476992 397.969245835 0.301154224785 0.308488947616 0.305114506037 0.306145447693 0.301336214321 0.308712909036 0.304552152061 0.304846838061 0.301191290539 0.308262636693 0.303744834389 0.304701701772 0.300419015863 0.30803717333 0.302999809099 0.305078972357
20 63 5 HE -0.5 -3.86559337178 -20.2863844322 -100.092738081 -0.5 -5.46507414147 -2.66059675321 -43.878270954 -0.5 -4.95506358394 -3.60841360959 -102.207655991 -0.5 -3.40844273411 7.73570415053 -147.274568663 0.29887929168 0.304838832478 0.302778209557 0.30461678075 0.298695122265 0.305142283518 0.301823713347 0.303764269338 0.300045186322 0.304838433901 0.301812079158 0.303505833509 0.298545472886 0.304362374747 0.300851275078 0.303150284619
22 63 5 HE -0.5 -0.229302266735 -30.7495848412 -322.263852849 -0.5 3.95191737172 30.0161833342 -149.128723636 -0.5 1.99762025634 4.31219834796 -144.737993751 -0.5 -1.2818141594 25.5504010797 20.2932042729 0.295264740504 0.306892459428 0.300107692708 0.303496023666 0.295660446625 0.306702691745 0.297852464745 0.302688182956 0.295531363977 0.30634108553 0.298451504278 0.302668778683 0.295667179284 0.306268960483 0.297946002358 0.301606267262
22 63 6 HE -0.5 -3.15012057498 32.6456139248 74.3495405443 -0.5 0.988068340908 9.74983206777 530.562586324 -0.5 2.99103122857 32.2929423523 467.378875552 -0.5 -0.279682569529 26.6646528476 363.059408687 0.299942952293 0.302541753671 0.299828751905 0.304992461086 0.299896130708 0.301966723076 0.299212045276 0.30085408735 0.300312966732 0.300994596469 0.298657858622 0.301010829234 0.299460283518 0.30131696916 0.298813139558 0.300823023506
18 63 3 HE -0.5 -5.45707494975 -38.0894932932 -359.019103729 -0.5 -7.65093827728 -17.0205212812 -105.930999146 -0.5 -9.8129912023 -23.7731186044 -93.758005777 -0.5 -4.46011018771 -32.0530020964 -77.2274551425 0.310201363815 0.306046940652 0.298664612802 0.300346785869 0.309745930732 0.306158183545 0.297420985838 0.298945363296 0.309000686292 0.305875693791 0.296498071083 0.298409794035 0.309771594936 0.305332227727 0.295427813905 0.298703909444
28 63 4 HE -0.5 -3.27975838918 15.4263064449 2.12064746741 -0.5 -1.61599077741 14.3694755718 137.260026805 -0.5 -4.8992569575 25.0525862867 -40.162441733 -0.5 -4.30927312858 23.6725095573 11.2319702466 0.306135029112 0.302731156198 0.303484210297 0.297739883528 0.305458015856 0.302851332031 0.303116277907 0.295794521833 0.304075735729 0.302626420358 0.302167868401 0.296801683794 0.303943681784 0.302669391164 0.302244796386 0.296589974905
17 63 3 HE -0.5 -6.9316152288 -25.7818907194 -114.168967718 -0.5 -3.40686841491 33.5167759306 -133.849772947 -0.5 -3.27620637332 -31.3365055619 -229.569641745 -0.5 -4.16804806381 -12.9947735362 -194.788887327 0.306798205932 0.305578529203 0.304475718197 0.303338900233 0.304901519504 0.30424918354 0.30257421366 0.300729651312 0.306091530782 0.304003139632 0.303152867462 0.302140408723 0.30458400054 0.304165586772 0.302973352771 0.301540270873
18 63 5 HE -0.5 -2.69034885783 1.48517394545 -137.25453727 -0.5 -3.83149466203 43.269838158 202.245767396 -0.5 -4.36706568891 51.14721112 204.282558414 -0.5 -2.32663709649 33.3938101078 167.356082583 0.305502027458 0.304784302273 0.30968928414 0.309719944972 0.303255161008 0.304940011441 0.307168067917 0.306353370614 0.303802382625 0.304564332975 0.306584315246 0.306739532611 0.303697422605 0.303536203084 0.306818701938 0.30637225055
18 63 1 HE -0.5 -2.34022591199 -40.5792133017 65.3716351644 -0.5 -3.98690808254 3.74447178279 87.7475010188 -0.5 -0.742631758369 -3.42375368851 -6.41865770332 -0.5 0.551302039672 19.5809065587 135.398201557 0.304361528816 0.312899458036 0.307013357552 0.30439992038 0.303565284937 0.313454738004 0.304516533982 0.303843880635 0.304388369894 0.312900894943 0.304597100492 0.304290740274 0.302359062698 0.311775082006 0.303231257804 0.303460991089
18 63 4 HE -0.5 -3.36226359371 3.46957498789 3.63588206288 -0.5 -2.18537252532 32.7393267194 111.159847018 -0.5 -0.387858410273 23.6365161075 112.785407595 -0.5 -2.40731088745 6.06240752655 -265.849937838 0.307158128988 0.309270684035 0.308078910156 0.312642133584 0.306047891867 0.308405382405 0.306978218959 0.312031670796 0.306395067143 0.308182409011 0.306773875377 0.311965846732 0.305715716042 0.307845255056 0.306418780822 0.31260051718
19 63 1 HE -0.5 -0.245613819788 29.7983274537 -148.881713641 -0.5 -2.75794685131 61.1995902439 -59.452867917 -0.5 -1.42834835942 79.5680783577 256.218036843 -0.5 -3.91789671996 70.8013908243 113.286406203 0.303006478132 0.303122184654 0.304705447172 0.293379010989 0.302456048508 0.303863083263 0.302880664297 0.292008291794 0.302666448697 0.303522217447 0.302476633823 0.290795041358 0.30197329606 0.303669464761 0.302533727119 0.291889277938
20 63 1 HE -0.5 -4.8373372096 32.274723978 87.464944005 -0.5 -3.61502050609 31.8467930306 65.8496775622 -0.5 -3.8589048973 58.1627136801 15.3110766486 -0.5 -2.85058452506 37.2194479014 22.5927930331 0.302314195178 0.301645675459 0.304864865883 0.303651898967 0.301563131798 0.302178144848 0.303762839964 0.303529149828 0.301120314317 0.30188449833 0.303086286223 0.302470131993 0.300439670183 0.301866926639 0.303492040528 0.302362352327
22 63 1 HE -0.5 -2.77761940596 28.3957601668 144.744247715 -0.5 -3.67325597483 46.0010039238 284.857323997 -0.5 -4.06162762185 14.2028897892 232.233256763 -0.5 -9.0543303402 33.9426495813 331.525325494 0.305634825494 0.31003722582 0.299585408565 0.29998556872 0.305192285963 0.310842825816 0.298294537802 0.299515754449 0.305045308288 0.310622437129 0.298170009054 0.299424954747 0.303945172864 0.310039396478 0.297927774478 0.298712396458
24 63 1 HE -0.5 -0.173590919103 -14.3502333606 -149.953964818 -0.5 -0.0236069528794 25.2072693744 -203.233395637 -0.5 3.86913198959 25.6792085642 -139.245206058 -0.5 -1.28202554241 9.29532789602 -161.092725039 0.300460952496 0.306600354458 0.301388939408 0.308099247277 0.299530531492 0.307425619905 0.299723195166 0.307193131444 0.300129485894 0.306611831178 0.298914330798 0.308956379859 0.299271332902 0.305206335769 0.298858802756 0.307247798078
19 63 4 HE -0.5 -1.93455042653 13.769947271 8.07157325538 -0.5 -2.5313610609 34.0550619338 257.931377863 -0.5 -4.90344173464 55.9909467303 289.38939096 -0.5 -3.57441424267 7.92833684019 183.459802979 0.299470309022 0.303635740889 0.296647352469 0.300381828488 0.298417653565 0.303621395422 0.29541112453 0.299711205635 0.298634301063 0.303230146362 0.294867237761 0.299537595151 0.297812857852 0.302600390461 0.29531995462 0.29895088527
26 63 1 HE -0.5 -0.263036748242 23.0821123831 343.525008921 -0.5 -1.09033409127 26.0968341023 461.229518326 -0.5 -5.23670482726 63.2566647376 493.372127863 -0.5 -1.60347355042 35.6096375881 756.802236556 0.304911617918 0.3044231091 0.300680606445 0.299443476068 0.304058908887 0.304815180963 0.299620967677 0.296885667122 0.304314397845 0.304839534537 0.298875658612 0.296900619342 0.30304583559 0.304291691445 0.298360313356 0.295579788998
19 63 6 HE -0.5 0.946924909144 16.3072364709 56.850123979 -0.5 0.68387615132 30.6891616575 176.165005604 -0.5 -4.8147914832 30.633151814 -11.1671816444 -0.5 -3.92361394208 39.1209363126 407.244460915 0.310163608023 0.313649107704 0.315449611563 0.30489432839 0.307920865525 0.313639585059 0.31452993028 0.304390406182 0.307499453312 0.312989330822 0.31448037188 0.304258821221 0.308717666774 0.313184522143 0.3128277935 0.301725043692
24 63 4 HE -0.5 -0.895584464167 6.05482385053 105.013791819 -0.5 -2.019121667 44.3453432583 135.311607051 -0.5 -4.74879967655 42.0749975813 352.562979707 -0.5 -3.87370640168 53.956845416 -70.1438221252 0.307959398966 0.308882519452 0.313405987206 0.303499675092 0.306256740686 0.308238523223 0.311785419237 0.303039299798 0.307164783188 0.308234793095 0.311780636056 0.301578686349 0.307380032209 0.308522447125 0.311069240031 0.303322898368
22 63 2 HE -0.5 1.98250272043 16.4738905364 120.668072179 -0.5 2.31233593704 42.2889588811 70.3801133538 -0.5 5.45590343019 53.5199059307 210.333723494 -0.5 0.947276429087 48.4150593328 218.549323606 0.308952660768 0.31384846267 0.307228626542 0.309377086218 0.305986580952 0.313158436304 0.305519952025 0.308637151653 0.306844756247 0.312635141414 0.305313245507 0.307161211128 0.306959674661 0.313322886106 0.305366405955 0.307147980797
20 63 2 HE -0.5 -0.406260294593 10.4090646152 -67.8844987846 -0.5 -3.20511621658 18.6374049804 -159.058182477 -0.5 -4.38149565734 61.1565745431 13.1199793246 -0.5 -4.94617513881 32.814293585 64.1053544473 0.307515503311 0.308570055633 0.30177131674 0.307750373196 0.304707916569 0.3085066063 0.301277341338 0.307957354112 0.306583636586 0.307953666534 0.299741002242 0.306470969843 0.306491693064 0.308762856781 0.29982442456 0.307045126219
22 63 4 HE -0.5 -1.84038237454 8.62620445297 -51.9129570843 -0.5 -6.69649242282 22.7718104491 -140.440825442 -0.5 -5.85869058494 58.9191253495 -110.229151488 -0.5 -9.37037444473 24.2028420296 -143.806823904 0.311367418019 0.310105048208 0.300382953089 0.300768185838 0.309300465904 0.311013096394 0.301122532055 0.300008542795 0.310114885652 0.310845531492 0.298861620434 0.299156165746 0.309793303928 0.311348902339 0.299134562797 0.299493120421
20 63 4 HE -0.5 -3.36907405341 9.46300867793 -207.072241325 -0.5 -2.96603976579 4.82354133781 -441.395956477 -0.5 -3.53452653321 23.8009056513 -437.691364305 -0.5 -4.54144002571 34.8284487404 -465.983939543 0.311954006276 0.309770847557 0.308943070878 0.298669093121 0.30947710785 0.309038850406 0.307796520548 0.29917040692 0.310157513467 0.30891028365 0.306522458995 0.298841384957 0.310188037914 0.308850341685 0.305981147683 0.299022792225
19 64 5 HE -0.5 -4.02947295603 -24.6289094088 -240.8460307 -0.5 -3.92813836458 22.2594423677 -173.03552936 -0.5 -1.59711552571 30.4439967081 -164.625696248 -0.5 -1.70001989622 38.9248438685 -146.280344099 0.301393510053 0.300409707934 0.302576269379 0.303412476213 0.300500550922 0.299776804303 0.301455677431 0.301520930628 0.299181587626 0.299379814843 0.300467885109 0.302283413991 0.298648853545 0.29930133909 0.30001750052 0.301010736198
19 64 6 HE -0.5 -3.23436472948 -13.6212710774 56.5524473163 -0.5 -2.20252166727 -6.37078480395 88.654001679 -0.5 -1.77936735425 18.1991677833 80.5105852301 -0.5 -4.11073306739 7.19232403006 219.609344332 0.301975852744 0.303424941218 0.295552522511 0.294098926531 0.300504043677 0.302920835739 0.294735346967 0.293347301435 0.300306489194 0.302697991295 0.294409149311 0.293224186445 0.299741197677 0.302964247207 0.29312180047 0.291934806281
21 63 2 HE -0.5 -0.26125519067 23.8147693712 -198.891113641 -0.5 -0.00333187355577 52.8678222825 27.171148673 -0.5 -0.0941280013886 54.1306440123 -1.39873236728 -0.5 -5.11370428204 32.0032435206 -114.604476242 0.299284998298 0.301068985827 0.302434428671 0.298959096731 0.29824858536 0.300568499782 0.30095674178 0.297946126516 0.29816270702 0.300274129289 0.300828246725 0.297778035845 0.297167769233 0.30000827776 0.300192141502 0.298192957829
20 64 2 HE -0.5 -5.5535892388 9.50028932704 -170.621227622 -0.5 -4.18560845945 21.0923097537 -78.4296317469 -0.5 -4.91974448973 44.201984056 -150.036497561 -0.5 -5.00167923992 23.4349654718 -306.319914118 0.303718601565 0.302276443201 0.301600333027 0.295047311689 0.302925946697 0.30159181696 0.299839617094 0.294769466141 0.302821354737 0.301603339869 0.299963965892 0.29517862352 0.302508975812 0.301185690437 0.299501759584 0.294638605692
21 63 4 HE -0.5 -5.01131602069 -13.2016036548 89.3527869951 -0.5 -3.24915382407 12.7120340362 -150.494247595 -0.5 -6.10695086713 -6.55200059656 -190.014698577 -0.5 -7.26848898179 -21.5767788138 -33.0555730761 0.302689907507 0.303211780832 0.303724966517 0.298815737618 0.302922968533 0.303381037374 0.3035668677 0.300318097356 0.301876095252 0.302982829653 0.303508010113 0.300537704203 0.301311515268 0.303152258076 0.303216538458 0.297577334409
20 64 4 HE -0.5 -2.11049160894 5.50950256544 121.920924316 -0.5 1.02660401817 22.1277737671 331.321146907 -0.5 5.35209212103 6.64204704541 452.0541879 -0.5 -3.16277883926 7.28372587759 180.902800188 0.301803413897 0.299247282313 0.295406896781 0.294946231061 0.300272275813 0.298074093309 0.294393891098 0.294191516395 0.300351877737 0.297445537106 0.294728336252 0.292745195591 0.299051946184 0.298058380339 0.294299223713 0.294267968357
19 64 1 HE -0.5 0.927244539669 18.3372283564 113.612987197 -0.5 -5.43979751955 13.2515726167 -2.8697033211 -0.5 2.13339315101 10.2609317943 52.8187804206 -0.5 -0.403721758527 17.5541028003 148.963932038 0.306040030811 0.307500882004 0.302802339471 0.307203725553 0.303655389779 0.30654634444 0.302258477605 0.308246808105 0.305192702234 0.305831296753 0.302227946817 0.307554576079 0.303531845837 0.305946934681 0.301680576439 0.305897258387
20 64 1 HE -0.5 2.09108143039 20.7420412027 99.6427710511 -0.5 0.590943112709 26.4890658268 -130.082561927 -0.5 4.55190344547 43.3947933235 -94.8710073701 -0.5 -1.52200753823 37.4788076522 -53.7319686233 0.30613584307 0.3076600796 0.305852551337 0.310092669041 0.303365792563 0.30743207717 0.304910396803 0.309925452733 0.305557343655 0.307109942188 0.304551347255 0.308809470387 0.302446355871 0.306838472153 0.304983121758 0.3089218318
21 63 1 HE -0.5 1.09218113427 4.46244050624 -41.5002585697 -0.5 -4.70057789693 42.8071891508 131.026628466 -0.5 -3.97768305114 34.3120348984 212.560178161 -0.5 0.357658620325 41.6133435644 40.8125512455 0.303960380287 0.307516701331 0.305050093001 0.301974428805 0.302134833664 0.306838062515 0.303408155482 0.301285180643 0.304056081145 0.306842263289 0.304154805247 0.300850875148 0.301617140136 0.305963582133 0.302531276801 0.300744621544
23 63 1 HE -0.5 -3.66273076245 3.84711713126 161.168851041 -0.5 -4.60443686839 34.9839047203 387.874021842 -0.5 -0.480102250725 35.3031759631 -56.5593982215 -0.5 -2.57766390099 1.87340494964 436.404849047 0.30538622243 0.30486737235 0.304590724041 0.296038324117 0.303581316027 0.305049788218 0.303276810703 0.293786341284 0.305136729557 0.30465089928 0.303296109591 0.295204805779 0.303119158151 0.303854118142 0.303347574702 0.293315607686
19 64 4 HE -0.5 1.44820518927 39.9663578206 94.1997128473 -0.5 -3.14684185954 22.9210340638 81.3056819137 -0.5 -1.65721077049 22.6317677906 362.793218652 -0.5 -5.16302328409 7.65021250277 290.42830297 0.303602952537 0.304393837255 0.307094442142 0.307990177827 0.30199297324 0.30436161892 0.307286794176 0.306871294541 0.302968069635 0.304322784508 0.306781840248 0.304465405276 0.300341444268 0.303833859658 0.306936520324 0.30453784666
25 63 1 HE -0.5 -0.151061064878 -23.2678921051 -39.9228201001 -0.5 -1.37023916 2.43982854984 184.828843702 -0.5 0.88865965417 -8.32160768978 -61.6228257147 -0.5 -4.14721491262 -21.0622845977 -62.6410711637 0.302443364444 0.306737010765 0.303234889445 0.296526173054 0.300903438519 0.305935399353 0.302316155268 0.295426511266 0.302573873592 0.305699311895 0.302394148007 0.29486570436 0.299925580005 0.305780330564 0.302301721838 0.294869044971
23 63 6 HE -0.5 -7.4763571198 -1.06909786447 -244.922678369 -0.5 -4.78587953058 26.2766361338 -259.030815723 -0.5 -4.01391721703 14.2791925373 -172.112034767 -0.5 -1.40633508512 -10.8284507968 -276.23068111 0.299339771374 0.304342132833 0.299343934755 0.303415546491 0.298777109539 0.304266534357 0.297872329751 0.304195430895 0.298603019823 0.304093275224 0.297841628479 0.30376832295 0.29848252411 0.30377796394 0.298053772165 0.303729968236
25 63 4 HE -0.5 -1.28802604619 6.81273808439 77.2182699656 -0.5 -3.52690560438 8.67534970464 134.983399541 -0.5 -4.14431011993 36.4719401167 230.302701457 -0.5 -5.53835887057 7.37218539358 232.125980147 0.300852750585 0.303122752957 0.298784042292 0.305465554567 0.301162243257 0.303079093988 0.298723465505 0.304095222583 0.300620722148 0.302702721956 0.297498922334 0.303275012304 0.299968046386 0.302589805887 0.297896478609 0.302002749441
20 64 5 HE -0.5 -5.31811919273 -1.62945298015 -206.829579722 -0.5 -1.69913759704 30.6310707796 -7.66528336134 -0.5 -5.1148205703 7.28830817597 -14.9767032666 -0.5 -4.07971885498 41.6308156241 -13.5306743558 0.299766667021 0.301922120843 0.300435281279 0.295179484843 0.299374585545 0.301851618176 0.29889267848 0.294384470592 0.299010844092 0.301088048782 0.299155885417 0.294398564211 0.298464663587 0.300899481993 0.298030021773 0.294393328817
21 63 6 HE -0.5 -5.31835359311 -7.24518593929 -184.647141191 -0.5 -5.45121678474 21.5704211689 400.228821919 -0.5 -2.16912703525 36.8011930989 109.098986897 -0.5 -4.84415667272 16.0369662899 405.25708759 0.301524063198 0.299857378328 0.300577161454 0.293715382855 0.301115934617 0.299942326747 0.299218703451 0.290094027708 0.300288303132 0.299185762567 0.298474510222 0.290691500613 0.299587313151 0.298803555794 0.298792914432 0.289626090266
23 63 4 HE -0.5 -0.294681223579 -17.4936340783 -168.397948404 -0.5 -2.97408477024 21.9399061824 146.633529249 -0.5 -1.50526670009 6.44025906213 144.641546485 -0.5 -2.73261580836 2.30414718845 0.990415004054 0.300814208883 0.306002462825 0.307545619203 0.3017360704 0.300912910509 0.305982189592 0.306873954158 0.298535875836 0.300835723428 0.305414450798 0.306674848311 0.29855115467 0.29937320682 0.304874027824 0.305558457575 0.297440427803
20 64 6 HE -0.5 -0.587080961328 11.6715264233 -88.7468411044 -0.5 -0.258239826537 7.49325096092 -15.9322547185 -0.5 2.22378460804 43.9803322132 -11.4331212466 -0.5 -0.749503737577 53.6449726105 121.184310862 0.298741515794 0.300963837155 0.297616584514 0.29839747184 0.298267280152 0.300862802407 0.296796890929 0.298380386346 0.298034994076 0.300252407496 0.295067104484 0.29863995125 0.296962726316 0.300279616432 0.295794914992 0.296829896342
18 64 1 HE -0.5 -0.0195754232258 27.3647082007 -5.30084469499 -0.5 1.25469122646 31.3126667203 103.93296125 -0.5 0.65612546459 22.635788516 106.688481402 -0.5 -0.206423875931 10.8579674868 44.6147853347 0.302583606554 0.30560268116 0.309051316958 0.307238252883 0.302164655929 0.304916760591 0.307191289408 0.306857273483 0.300735659073 0.304553590507 0.306945202702 0.305048656077 0.301955097559 0.304582447535 0.307160108671 0.307674612956
18 64 4 HE -0.5 0.625292877683 28.6228101997 -145.258023955 -0.5 2.90861665765 68.4493469922 208.469951339 -0.5 3.26818555575 51.740829938 117.644629288 -0.5 1.77172431889 57.4869296898 -32.0498484973 0.300960744313 0.303543731474 0.305183218705 0.304096063032 0.299573283409 0.302210136816 0.302901198556 0.303021849966 0.299923854904 0.30259651809 0.303195173114 0.303154208496 0.30000887439 0.30154946164 0.303097608223 0.30403223376
18 64 5 HE -0.5 -0.0993579598203 32.7683997683 252.292353523 -0.5 2.09910530475 33.4152005427 214.45345669 -0.5 3.01183634556 5.98195726563 194.888937666 -0.5 0.0757050826903 24.6159103825 266.529514322 0.301321974198 0.307014187571 0.308278886915 0.306439453082 0.300752418071 0.30640677873 0.307382379915 0.305759685029 0.300793113908 0.306023010872 0.307769976775 0.305443209919 0.300960267072 0.305893167556 0.307280367639 0.305222396508
17 64 3 HE -0.5 -4.88657726942 35.6869313105 207.361577005 -0.5 -2.7017203684 10.1989188192 177.931470854 -0.5 -4.25005664677 17.6773410285 265.000625752 -0.5 -3.19238783265 42.7111782799 -45.4335308745 0.302196988783 0.305201208014 0.302311569311 0.300441927006 0.302007957493 0.304349813291 0.301698157888 0.301102488669 0.302233143199 0.304404111847 0.301552030351 0.299915116516 0.302181426901 0.304183699647 0.301080009808 0.299823691825
27 63 4 HE -0.5 4.16413263747 20.4507373553 192.518501309 -0.5 9.47262618409 47.4212446194 186.569230805 -0.5 8.28315231223 39.6655219079 247.575380927 -0.5 2.74479965439 32.6174701711 446.668488681 0.301578638372 0.30728293554 0.304297258968 0.302545775515 0.301828021683 0.306340952062 0.302770499201 0.302364175541 0.301160573488 0.305629418035 0.302434712683 0.300833208805 0.301789869571 0.30610414785 0.302538070739 0.300630148425
18 64 3 HE -0.5 2.25255011635 13.2562625713 153.789746669 -0.5 4.96902690903 20.4914342194 224.656753706 -0.5 3.6692659147 30.2357861583 42.491797557 -0.5 8.34432427846 35.8545241469 265.953309876 0.303695151059 0.309704781041 0.302775537509 0.304286160841 0.303615806491 0.308595732707 0.302259321275 0.304634199113 0.303152961123 0.308040723352 0.301309460246 0.305290683558 0.303419575221 0.307955782824 0.300962388592 0.303564392914
27 63 7 HE -0.5 -2.62529163416 -37.4656922394 -118.07918824 -0.5 0.0691984057198 -13.8922537981 -75.4769948822 -0.5 -0.145541954988 -17.2086042881 -168.631294713 -0.5 0.798168889274 -3.23106314558 -198.98142519 0.310686547039 0.319098496192 0.307395063149 0.301419770661 0.310275539043 0.31804498538 0.305314688354 0.30032563746 0.308864178107 0.317127322409 0.305092545033 0.300775535204 0.309998652389 0.317288605673 0.304807699197 0.300611808117
27 63 3 HE -0.5 -2.24886731082 -17.1156804221 -15.2984838349 -0.5 1.95479221243 6.11892242398 139.796738022 -0.5 2.74329878061 7.17902635647 -33.2211237358 -0.5 -0.301595639736 19.0706057035 -51.0270886926 0.301262507343 0.301176712667 0.300670526491 0.303070987649 0.301527851215 0.299761063555 0.29875057031 0.303079253045 0.300809492618 0.299078194611 0.29858824749 0.302656721291 0.301382960229 0.299451215424 0.29883931874 0.30262799164
27 63 5 HE -0.5 1.74767322342 -3.0742857653 -100.870895176 -0.5 1.35563786426 9.94527629099 348.903837882 -0.5 4.40224595226 1.17663941753 250.064141152 -0.5 -3.06288686249 0.0451149912616 289.492046237 0.303946853166 0.307295416502 0.306833409424 0.304779221202 0.303254681046 0.306419419876 0.304561277297 0.301645327691 0.302510328046 0.305684914719 0.30404263916 0.301349204999 0.302801060696 0.306525227275 0.304158950703 0.301128736021
27 63 6 HE -0.5 -2.799960141 11.7315157873 -107.726070304 -0.5 -5.73562063112 26.356798857 -227.062066866 -0.5 -3.38307586555 -11.8824235536 -134.181122325 -0.5 -5.15103788232 4.22483262345 -239.427647224 0.308054702786 0.310426541249 0.305053836467 0.296512225684 0.307133018827 0.312090171666 0.303664707756 0.296794889274 0.307379791841 0.311508183473 0.304102528506 0.295889759454 0.305983072451 0.309899108702 0.304023527978 0.296137111032
29 63 3 HE -0.5 1.48900845015 -4.66260992682 -27.3484203683 -0.5 1.60198991785 37.2553013331 78.255149658 -0.5 2.64554865316 48.1980021373 256.90718101 -0.5 3.90959289359 34.2137152427 394.997256181 0.300574095273 0.303060399758 0.298035106381 0.293217770422 0.298699881623 0.302517451594 0.29644795437 0.293659038174 0.299196014815 0.302169665358 0.295843199882 0.29181251763 0.298709652909 0.300511162278 0.295397201019 0.290717864185
21 63 5 HE -0.5 -2.7676808171 -45.5852824131 -258.795698353 -0.5 -3.68647206177 10.1753416577 -157.032512198 -0.5 -1.33527264927 16.2474090841 -3.6002912164 -0.5 -1.92728784324 -6.042332394 -231.557917947 0.299598100641 0.299290788405 0.299956242315 0.29508244932 0.300463594999 0.299246848558 0.298690527166 0.293949478386 0.300485736172 0.298681445346 0.29852599426 0.29369223106 0.300218694095 0.298178516631 0.298054032441 0.293819984906
23 63 5 HE -0.5 1.84157593365 -18.2883143913 199.481754588 -0.5 -0.0485315301662 15.6253488552 184.775425375 -0.5 -0.257278221006 26.3956788402 115.57401913 -0.5 0.138234604489 15.6814589959 91.8434942985 0.303164014021 0.311656714325 0.301127246928 0.29797093713 0.302427224579 0.311114692665 0.2998386763 0.296383535655 0.302702256461 0.309829712011 0.299572409417 0.296367068714 0.302339350613 0.310343021469 0.299291936215 0.296077787953
25 63 6 HE -0.5 -5.63684707376 -0.273262075437 -60.6285586455 -0.5 0.274565320633 17.4052346699 133.134943721 -0.5 -2.23735107729 30.6089330033 189.355242208 -0.5 -0.754277998106 15.746241796 -179.319311679 0.302511457137 0.303783667251 0.29432483958 0.298426833183 0.301855238852 0.302743241802 0.292659306024 0.296605218731 0.301889595547 0.302207228046 0.293145335454 0.295962159778 0.301414350241 0.302225212696 0.292684768873 0.297871498373
25 63 5 HE -0.5 -7.47569963094 -15.8021267514 -196.638438748 -0.5 -5.3488857359 -9.26859397471 4.50844986238 -0.5 -4.09550174858 -9.8124573073 -3.78745694337 -0.5 -9.55581414378 4.38834300773 59.9056357894 0.303606476372 0.305338541774 0.304643603433 0.302520405181 0.303707155695 0.30456660126 0.302922502053 0.299785920996 0.303707125866 0.303668154775 0.30292311848 0.299549847459 0.303391251052 0.304194812218 0.302228738615 0.299248831971
19 64 3 HE -0.5 -3.69313768135 1.70063007777 -61.7924921906 -0.5 -1.37477208115 12.4695728799 82.8726699136 -0.5 -0.801039855221 12.7668256964 52.8090057414 -0.5 -1.95391556083 16.7586329483 370.092441137 0.29990900964 0.298973316182 0.294938568879 0.301770897452 0.300046883875 0.297978644684 0.294049408339 0.300718154562 0.299765723812 0.29682861789 0.293533018485 0.299616855023 0.299339219421 0.29685341772 0.293493471937 0.298578993551
25 63 3 HE -0.5 -2.40063434544 2.05502810215 117.671859445 -0.5 5.04378119638 27.0689730682 79.5609590839 -0.5 0.503180186222 16.0336607959 289.791555344 -0.5 3.8735277692 11.1844699055 19.8944767536 0.301254441851 0.303412115337 0.304751135889 0.304771295536 0.301049748858 0.302418653203 0.30369258866 0.302519717665 0.301417357738 0.302123969775 0.303133481852 0.301947781962 0.300850780367 0.302072280771 0.303244550176 0.30262996814
27 63 1 HE -0.5 -3.18770034917 22.8634941362 201.770789681 -0.5 -5.91054308392 38.8763776848 332.603283114 -0.5 -8.58381657887 15.6625106298 317.489482984 -0.5 -5.44707218146 13.525212984 436.588131432 0.306298571983 0.30416282711 0.303721615775 0.308763770644 0.305691893033 0.304760218585 0.303146043074 0.307001620962 0.303700961588 0.304020380591 0.302686687243 0.306549369477 0.305242119345 0.303971806025 0.30276334148 0.305856591233
18 64 2 HE -0.5 -2.26284824679 7.36749342994 5.99839905929 -0.5 -3.65642951518 35.3374679529 -85.2001910849 -0.5 -3.78953128349 15.2973772168 -231.027139687 -0.5 -7.65377059313 20.9442581518 45.7201401045 0.303984114293 0.305793790228 0.300287872472 0.302099256267 0.303249017164 0.30552256411 0.298981718122 0.302402370248 0.302677020137 0.30475140943 0.299351861692 0.302422023061 0.302463652777 0.304445871734 0.299270801661 0.301065031037
17 64 2 HE -0.5 -2.38823981612 -20.6128548023 -177.66455392 -0.5 -2.70945468755 9.30389010418 -137.820562347 -0.5 -5.84516658669 -5.3403733733 -204.729663303 -0.5 -7.90447300978 -26.2302673761 -76.590351939 0.301715170306 0.301180516383 0.304954477977 0.307097516385 0.300433330775 0.301485541706 0.303938894309 0.305225325093 0.299671575234 0.30110025162 0.304304192746 0.305000450416 0.300185352921 0.301237725512 0.304673198285 0.30493898843
16 64 4 HE -0.5 1.10359003259 -3.2694305561 -2.01743187109 -0.5 -0.858020933242 33.4946960191 112.76937908 -0.5 -2.46853774639 18.3592009479 -84.5934206845 -0.5 -1.02537743804 34.8231603518 264.862285613 0.303801559061 0.30554285201 0.300895531501 0.298643126746 0.302050219624 0.306296593129 0.299563817478 0.296482043379 0.302094172569 0.305578614786 0.298842191039 0.297260711919 0.30183404046 0.305291139741 0.299429000656 0.295567887718
27 63 2 HE -0.5 1.17453316836 44.8831981467 133.176427137 -0.5 -1.70743225778 48.5093149621 256.601743912 -0.5 -3.36281811879 58.1262173039 459.366387974 -0.5 0.312722106954 50.6815538647 464.242684296 0.302137437611 0.303975532302 0.301099514695 0.291257303785 0.300687174193 0.303893958859 0.301486842058 0.291960817353 0.300903247715 0.303924874832 0.299589963933 0.287619113086 0.300282124639 0.303419189675 0.299265230783 0.287580305351
19 64 2 HE -0.5 0.825585296635 15.8903238271 -269.917830326 -0.5 -0.255956696794 54.8155724106 -17.1824984276 -0.5 -1.48222629018 55.7247130951 -94.3851265064 -0.5 -0.786270036249 55.3234583698 -24.6755870625 0.305787118321 0.311607396308 0.305581822452 0.313019041766 0.305018959579 0.311206805828 0.303268311167 0.312097198552 0.305000013718 0.310783265795 0.303609260387 0.310960433979 0.304494443652 0.310671586002 0.302745810165 0.311731802333
20 64 3 HE -0.5 -1.42311155274 8.21266838479 24.2436828935 -0.5 -0.824410205876 43.1630347549 -128.29821158 -0.5 -1.62428069856 38.0546040483 -130.864937154 -0.5 -4.49627724072 19.7767958398 151.283549856 0.307393354538 0.31182610632 0.3116566291 0.304753403133 0.305626752198 0.310931923313 0.309458561229 0.304481133438 0.306876990495 0.310682795679 0.308700493326 0.30426775422 0.305335431757 0.310576379662 0.308660041084 0.302984784236
21 63 3 HE -0.5 1.22619154048 18.2543077609 23.9234772499 -0.5 -1.22067441981 39.5999282631 140.980870733 -0.5 1.68786724265 23.9395677866 -25.5772784178 -0.5 -2.53764995035 70.1059830847 -64.4612376243 0.306367397113 0.310840189188 0.313957411346 0.316076450808 0.305691572224 0.310310785341 0.312345394688 0.31583604773 0.305447465201 0.309876049124 0.312683682413 0.31598557156 0.305268556305 0.309949732023 0.311572790869 0.316223843312
23 63 3 HE -0.5 -6.97161805824 -21.2164029524 37.6496263833 -0.5 -5.10902969556 29.2754816021 -256.881853167 -0.5 -3.46892861886 -0.500125926874 -145.902509128 -0.5 -6.25160181067 5.04113822738 -166.170723462 0.310856222541 0.309976858458 0.30725546883 0.314148101164 0.309874662645 0.309292396445 0.305567175097 0.313467957282 0.309438678377 0.309291753799 0.304902856089 0.314545973929 0.309273496332 0.309105993263 0.304451685197 0.314072985775
23 63 2 HE -0.5 -4.74385261285 9.72496725285 -331.236463676 -0.5 -0.245066341498 31.6048463273 -19.3958567847 -0.5 -3.14182809078 26.5006353184 -19.7787338229 -0.5 -1.71904058789 20.9257088035 178.705174309 0.305086903499 0.308219583844 0.308181667634 0.303764815526 0.304274464488 0.30771722739 0.306627629637 0.302497235601 0.304206665435 0.30716848064 0.306715031424 0.302489394599 0.303862926313 0.307457200651 0.306804343623 0.300296037782
25 63 2 HE -0.5 -1.01254298939 7.37806606126 82.6605674004 -0.5 -0.124991160627 44.0857791194 186.687940843 -0.5 -1.75402333856 29.6004590026 218.936340316 -0.5 -1.88757125876 14.444799635 172.677135057 0.305459996599 0.309958445615 0.313672577238 0.306185154717 0.305249230263 0.308952387938 0.312034231303 0.305934824386 0.304585425661 0.308802257767 0.311943915253 0.303684449479 0.304420032529 0.309122585656 0.312140989462 0.303987376106
19 65 2 HE -0.5 -13.9545066925 4.6890479832 -336.77552853 -0.5 -10.2948042365 10.9339879608 -154.269106599 -0.5 -12.8994082217 22.4722655092 42.1924447362 -0.5 -13.7511376297 18.0377806445 144.686869492 0.298697865706 0.300511565518 0.297718299525 0.295658268856 0.29875604413 0.300508801339 0.296626675032 0.295562499489 0.298026969028 0.300964769778 0.295532529422 0.293518704284 0.298004473888 0.299955857386 0.29607736807 0.29204825161
20 65 3 HE -0.5 -5.79022366692 1.37178816842 85.5209272034 -0.5 -7.10949615512 55.5346175386 27.0250220091 -0.5 -5.11492325376 55.6727204318 243.867476712 -0.5 -13.8804915188 26.0231848156 44.5635375229 0.299973238395 0.30373747508 0.304389013973 0.298256750517 0.300352278528 0.30432751249 0.302984844112 0.299148109781 0.299335746555 0.302334376832 0.302610014872 0.298121869146 0.299173472942 0.305602515299 0.303148230084 0.297250060256
21 65 3 HE -0.5 -10.5814793544 -25.5840727573 -282.045739463 -0.5 -5.82890599162 3.18929001212 -566.32794472 -0.5 -11.1875860343 -22.5251188893 -309.656325612 -0.5 -6.67579663603 -2.98734574585 -741.675570366 0.295802395832 0.300871248876 0.300569977019 0.299120312848 0.295357992345 0.300641288297 0.299131443066 0.301687930904 0.294080818146 0.301262306286 0.298978018692 0.300637475554 0.294676850867 0.299971484623 0.298701842058 0.301920332746
23 65 3 HE -0.5 -9.32176320382 27.4221147194 -89.0446647039 -0.5 -9.81081968259 19.5750286749 -304.050448898 -0.5 -7.52478817236 31.9135019812 -224.496753002 -0.5 -10.9035027961 45.9509566742 -383.937169444 0.300673962596 0.304602384493 0.302099294091 0.307093699905 0.300774971756 0.303902153078 0.301908915192 0.308363354264 0.299197789711 0.303367628162 0.30148643605 0.306667724655 0.299901768624 0.302777572859 0.301190253673 0.307580300577
23 65 2 HE -0.5 -7.90905702118 11.3202667312 5.26149024333 -0.5 -11.0986994517 14.1907917069 -363.0084775 -0.5 -6.33391048632 23.8642053574 -538.156649227 -0.5 -15.0332081633 0.186479680537 -293.51992457 0.297432266286 0.300776775867 0.296961710283 0.309189489318 0.296454860748 0.301221431468 0.29536140671 0.310767991769 0.296154790801 0.299488726963 0.295353995696 0.311039951535 0.295136347349 0.301443234615 0.295217510334 0.310341684194
25 65 2 HE -0.5 -1.58771059648 8.20960666199 195.062225064 -0.5 3.05265260795 21.4075631216 176.9810661 -0.5 -3.55110391819 8.82441471325 93.522913351 -0.5 -6.15703570736 3.14894354123 239.264984001 0.299404831863 0.307022609382 0.29948720223 0.300386394731 0.298810866854 0.306476083538 0.299031990053 0.301244693361 0.298406319568 0.30738299662 0.298838537821 0.301039283148 0.298500946994 0.307978958387 0.298727180996 0.298239082705
27 65 1 HE -0.5 0.665706218747 8.45742783783 -135.694241688 -0.5 -2.60376429486 17.7116133104 160.819607942 -0.5 -5.20474431283 -0.978075681456 274.085329332 -0.5 -5.26724733568 6.21926529328 65.8412508412 0.305684082833 0.313401053131 0.302258491183 0.30948951927 0.305146471826 0.313040532208 0.301330362896 0.306554483061 0.304334656386 0.312500783757 0.300169002364 0.305424679308 0.304366291045 0.312598412822 0.299975040578 0.306510894556
18 65 2 HE -0.5 0.960439060761 44.3464423803 47.7323693821 -0.5 5.89145848988 16.6366785933 -154.737530812 -0.5 4.4909153481 19.6808239593 -343.530636133 -0.5 2.19737979431 -16.6934357364 -65.1528072187 0.302827099399 0.304711911207 0.3035003525 0.301052174214 0.301512564904 0.303381249666 0.303133709793 0.302472533549 0.301193683617 0.302801846903 0.302921123977 0.30364651712 0.300568550294 0.302057040196 0.303722788727 0.301596434058
17 65 2 HE -0.5 -3.42948889837 2.08724450797 9.50370068184 -0.5 -5.23216197015 20.6711773146 275.040081246 -0.5 -6.76511003189 12.7570032129 -189.596321383 -0.5 -6.59661286491 5.69144795025 -0.640450172291 0.301057659836 0.298423315484 0.305284268258 0.296262984237 0.30036954618 0.298091988925 0.303636678031 0.294842815643 0.299864327551 0.29791191861 0.30357265971 0.296067073177 0.29919482134 0.298197920283 0.303582163117 0.295729832726
16 65 4 HE -0.5 2.66437143046 4.21237349232 -271.382028069 -0.5 -3.31387619211 28.2398765103 79.5793518889 -0.5 -5.66540993304 17.4976828387 102.154277073 -0.5 -7.75679121794 15.2506556323 -274.096253428 0.30417982287 0.304479158115 0.300274988816 0.304117583751 0.303791020657 0.306285131289 0.29909568054 0.302117165968 0.303009339138 0.306337794371 0.298825086791 0.301686959452 0.302719476543 0.305908962437 0.29883372278 0.301776066193
27 65 2 HE -0.5 -6.53806256369 16.169720778 -40.7944146993 -0.5 -4.02664187927 43.3968634006 -7.85323167336 -0.5 -3.94419485615 11.7239918512 -219.994308323 -0.5 -9.65872146154 26.1326462935 -143.781964519 0.301084644589 0.303742408242 0.304637961955 0.295630363225 0.300350224051 0.303969573345 0.303116215222 0.294665283679 0.300347964931 0.30389676043 0.303625422776 0.296187910397 0.299011392724 0.304655880871 0.303312597012 0.295445848227
23 65 6 HE -0.5 -5.97647346635 -11.624227062 -22.4201249298 -0.5 -7.44645616956 -1.4311429115 364.076117323 -0.5 -8.11308355544 0.91707944617 4.6932476586 -0.5 -5.43181264645 -13.5704126245 -116.319014372 0.303821471976 0.309106160587 0.299394452405 0.299640722824 0.304087797493 0.31017381914 0.298885512432 0.297209856632 0.302699543426 0.309157084207 0.298132736623 0.298428242141 0.302465669067 0.308738268255 0.298452405114 0.299635237285
23 65 5 HE -0.5 1.76343239995 47.4428745126 269.580270929 -0.5 2.41694405387 34.5493105538 476.528336321 -0.5 1.29891792411 20.065015226 177.347632799 -0.5 -0.937382018659 32.2196820416 298.602524755 0.313754424439 0.31081557493 0.299390470773 0.30086247456 0.314684856444 0.310787542418 0.299424144043 0.30073696836 0.312577720498 0.310748616292 0.298529768906 0.301071567161 0.313108729066 0.310633229537 0.298577932175 0.301121049084
25 65 5 HE -0.5 -2.16678601291 15.5877184967 242.745262106 -0.5 1.8987867111 24.5155713361 269.593504159 -0.5 -0.980036603992 37.4244447884 384.455446743 -0.5 2.39517195067 35.4467023565 77.7410401823 0.302098227671 0.302554193458 0.301924624456 0.296448688608 0.302494299569 0.30114536593 0.301652155298 0.294650696162 0.300804848169 0.300922864453 0.300249686234 0.293881918444 0.30077587137 0.300298048126 0.299778152882 0.295395039325
25 65 6 HE -0.5 -2.20903283147 4.64415585077 13.7200609261 -0.5 -2.56931141375 8.80008985233 -114.249931901 -0.5 -5.83572296648 21.6571225412 12.6870588545 -0.5 -1.09267665479 32.2047895073 -51.1649352506 0.308273763795 0.306966440909 0.304046945462 0.314487941711 0.30959272563 0.306681221119 0.303282006719 0.316432154008 0.307040701155 0.306731971569 0.302893342938 0.313476496727 0.306816704822 0.306073317498 0.302147349983 0.313518293714
19 65 3 HE -0.5 -6.49632047651 -15.7140308597 -3.04225176502 -0.5 -5.72404124577 18.3133399094 -1.69723616441 -0.5 -4.44902208671 5.16212951509 -158.684960988 -0.5 -5.1047468772 -2.03905570755 -68.9950198304 0.305537851158 0.31190397584 0.303986018789 0.306512669186 0.306078217207 0.311653666818 0.303428039579 0.306859018895 0.303401440274 0.310727621132 0.303465298562 0.305858900715 0.303462414659 0.310401931269 0.302494540047 0.30523407434
25 65 3 HE -0.5 1.55485281489 32.1184432866 42.0397954183 -0.5 3.50749243244 16.0533626925 267.356187379 -0.5 -0.769776612283 9.09450821002 -12.4966057364 -0.5 0.223953512385 21.0136167362 -51.8752483495 0.303994731902 0.306299917609 0.308247200704 0.303863767287 0.304927218941 0.306969943725 0.308065561442 0.303049427015 0.302179997717 0.305454593817 0.307688665178 0.302900188566 0.302667467207 0.304623264704 0.307843368189 0.302832059039
27 65 5 HE -0.5 0.396458051401 28.3296156259 193.663589196 -0.5 0.551997307911 43.1042162241 201.667327869 -0.5 5.25005277306 63.0594045613 184.367853103 -0.5 -0.758949190141 52.1394535534 460.278818832 0.305568403712 0.308718978662 0.31054396592 0.308769158159 0.306878902969 0.309833664177 0.309166247432 0.30732939744 0.303337561301 0.306472748867 0.307469233285 0.307171361297 0.304657713242 0.307251406295 0.307673014587 0.305759967146
27 65 3 HE -0.5 -4.10394726176 -0.143752546757 148.640908679 -0.5 -5.24921528848 31.7102594175 346.016126931 -0.5 -5.79478552421 22.2617937518 242.902433331 -0.5 -4.06184131199 27.1459317422 270.35949543 0.306007052807 0.308273035276 0.310778361231 0.304251846276 0.30624584214 0.308132085427 0.309925817258 0.302469323856 0.303717911106 0.307678845035 0.308882230061 0.302313851034 0.303759587474 0.306345338382 0.308726060786 0.30193992877
27 65 7 HE -0.5 0.643145764549 1.41227868122 -16.5980248416 -0.5 2.96831047139 23.1185646071 -184.495359075 -0.5 -4.51195103064 18.467951804 -128.922240748 -0.5 0.205684680702 32.1200097245 -125.49486124 0.310566578183 0.315940411869 0.310961828122 0.307924873349 0.31091449273 0.315292540262 0.309627669206 0.308871760977 0.309281075454 0.315665075469 0.308957522107 0.308927652654 0.308713278648 0.315502389235 0.308393609869 0.308471717668
29 65 3 HE -0.5 -1.48281885203 4.14477192066 157.973294976 -0.5 0.465009380684 24.4155161872 212.097683791 -0.5 -2.74590670605 9.62869378556 68.1616369447 -0.5 -1.43186547423 32.8323361027 25.9493525407 0.30801838613 0.30884031743 0.311124156114 0.303700350588 0.308474216858 0.307698964352 0.309133107885 0.303800448815 0.307214644 0.307849032752 0.310814772176 0.303101860408 0.306515721838 0.307625848095 0.309286972801 0.303538267986
27 65 6 HE -0.5 -4.12852591648 -8.27532431703 -126.727466481 -0.5 -1.43197424123 -4.92851525526 154.692982516 -0.5 -1.73470811078 2.04610468611 214.751686196 -0.5 -5.60393955716 26.4619314878 277.413419536 0.309744296806 0.308061652609 0.310020803766 0.30187372931 0.309623165035 0.30693527339 0.308802998132 0.298114566662 0.307508271744 0.306328924089 0.308385461427 0.297691551464 0.308074227374 0.306548360956 0.307614876063 0.29725149139
19 65 5 HE -0.5 -7.54648768567 44.1274640391 -160.182683128 -0.5 -8.92636989305 12.231392384 -232.704238947 -0.5 -7.83313397485 20.5205130663 42.1451976073 -0.5 -8.31424912925 4.05711246483 153.894665973 0.299357645327 0.29789553482 0.29042013777 0.290970845159 0.297879521112 0.297704118431 0.29035995743 0.2918042323 0.29692510962 0.296889905496 0.29011541334 0.291283333246 0.296951204642 0.296909462345 0.289953613868 0.289825048147
25 65 4 HE -0.5 -2.41743260432 24.06125561 158.12921397 -0.5 -0.0548114204778 1.95051682275 304.482386126 -0.5 -3.85038237099 5.41242429547 313.675024341 -0.5 -3.09016771752 4.45329932858 185.348424796 0.300433828828 0.301459305636 0.302124227271 0.3004927646 0.299757980966 0.29997092519 0.302808166457 0.299466431916 0.299519105491 0.300106339067 0.301579864336 0.299297233564 0.298585949714 0.299800586099 0.301816870313 0.298809835657
20 65 6 HE -0.5 0.0966979855075 12.6155560275 135.998032037 -0.5 -4.0239695594 42.9995627446 386.462383263 -0.5 -2.8277499609 27.0432311513 358.178640853 -0.5 0.598211037527 40.8414800971 295.725645443 0.299655407312 0.29916124578 0.295880870074 0.295776548151 0.299297497635 0.298852526527 0.29436313761 0.294513921307 0.29831305878 0.297831829717 0.294305785245 0.293147611123 0.298156684557 0.297524687386 0.293306071661 0.293512709023
20 65 5 HE -0.5 -3.74145278951 7.80513129024 262.621927713 -0.5 1.75782681213 28.6661799029 245.018509709 -0.5 -6.46974640455 33.0440721069 161.909776343 -0.5 -1.96477471579 35.3179327668 348.385109122 0.298040866902 0.297419128105 0.294353151682 0.301937683601 0.297942729799 0.295979400878 0.293762023426 0.302468341088 0.295950109345 0.297367985094 0.293657652986 0.301787978237 0.296930359069 0.296464100876 0.292727292927 0.300986845687
21 65 5 HE -0.5 -4.82025458962 -6.11583887491 103.066018504 -0.5 -6.31780951013 8.75710206429 -81.0345320821 -0.5 -6.67216558592 10.2353940825 0.317571252539 -0.5 -4.11823726245 -6.60128973293 134.761480337 0.296148408951 0.302962779873 0.300210147476 0.294925533088 0.295926737734 0.303694109933 0.300275760734 0.294887921605 0.295440779248 0.303154398846 0.298783014675 0.294015050479 0.29494475222 0.302592886292 0.298922063852 0.295694145466
21 65 6 HE -0.5 -4.77878189254 0.562737442037 -170.510021202 -0.5 -0.192681466507 -13.2378396713 -87.2708804993 -0.5 -1.43220868428 -1.98465452569 -305.188345336 -0.5 2.33701872328 -8.43060860268 -95.1440098545 0.299338477868 0.302369836537 0.299750184892 0.304994706733 0.299117870696 0.301997175876 0.299479762418 0.304562222125 0.29856064772 0.300584866808 0.298556246529 0.30528243928 0.297810629265 0.300174646861 0.298964786868 0.303311254771
18 65 3 HE -0.5 1.17769106019 11.2730693874 157.243079158 -0.5 1.91927297565 6.20292220399 -45.4825046093 -0.5 0.545369478234 39.1744012248 44.2990296949 -0.5 -1.42950361363 55.8194051267 49.8257201486 0.306141637177 0.308993485614 0.311292446823 0.303510595409 0.306983467153 0.308239131615 0.311293047005 0.304710373456 0.305516173547 0.308142316765 0.309633664698 0.303968856329 0.30569156648 0.308181165921 0.308533751136 0.302831041481
27 65 4 HE -0.5 3.99512557222 9.39017732622 -28.6526281612 -0.5 10.1584893113 45.5414044625 343.734740922 -0.5 3.96732395946 41.6772017558 483.641307933 -0.5 5.49593965871 49.2935510644 173.547603182 0.298667107087 0.304840106471 0.299934986848 0.296811365136 0.299345454978 0.304774509105 0.298992083559 0.293697608797 0.298561125684 0.305215783567 0.297822731476 0.292310576885 0.297467131414 0.304687675884 0.297615445545 0.293570557041
17 65 3 HE -0.5 1.00637466986 26.6491350666 -168.506090715 -0.5 13.1942223064 26.9957605404 -84.8654969182 -0.5 3.8204258741 36.4647456664 87.5265117628 -0.5 -1.02525421318 26.4871248982 -41.4322011282 0.302442266998 0.307863774123 0.304921833539 0.309653686761 0.302235118602 0.305182220176 0.303424395097 0.308594650566 0.301131120133 0.306883887319 0.303182571117 0.306764875427 0.30100353507 0.307498589929 0.302905769242 0.307819326869
18 65 5 HE -0.5 -5.4269059924 -22.433915676 -148.063187277 -0.5 -8.55902940045 1.22135003066 39.1883731058 -0.5 -6.96196277623 14.3254137546 167.412448823 -0.5 -6.88645880697 30.4244067075 240.990375605 0.3070784635 0.305177949721 0.306001256413 0.309912158885 0.307832942569 0.306016952592 0.305781298932 0.30884030355 0.307016253266 0.304714123584 0.304126401641 0.305803817309 0.306550940176 0.30407661093 0.303769624116 0.306662304394
18 65 1 HE -0.5 -1.07087215967 13.247569523 144.101996661 -0.5 1.40113913812 24.4913342526 193.189427476 -0.5 -1.47108752813 15.0656002451 128.501488692 -0.5 -0.114536760142 -8.55108656095 224.493705665 0.305651021576 0.310952431677 0.30311883493 0.307021388015 0.305258202178 0.3100700907 0.30260372829 0.306798389936 0.304708519566 0.309709016671 0.301389996941 0.306647100532 0.303710948211 0.309535216432 0.301415119245 0.304711800846
18 65 4 HE -0.5 0.925531332745 27.958038676 383.496227179 -0.5 -1.5067041853 50.8244651687 113.372257289 -0.5 0.663043045405 19.6328243483 26.5884953069 -0.5 1.90721535317 26.760520934 446.241011988 0.303047789721 0.303148661763 0.308020249619 0.298948459516 0.302828677093 0.303532925816 0.307541332239 0.298227349958 0.302797702347 0.302947262406 0.307689951384 0.298834530667 0.301547907553 0.301622701648 0.307116976739 0.296010006905
19 65 1 HE -0.5 -5.15589295078 -8.75725725829 -221.345369132 -0.5 -2.77126487712 25.0637020633 -436.309178502 -0.5 -0.0264366231487 20.4908864182 -106.028846716 -0.5 -2.23244151031 14.3476874809 -110.967514386 0.306512087978 0.310098199689 0.2976656446 0.310285910381 0.30638386657 0.309853404046 0.296245444666 0.310666369648 0.30612010116 0.309283707141 0.295908828402 0.309414583835 0.30561622731 0.308822954931 0.295849751692 0.308953073514
20 65 1 HE -0.5 -6.25797559832 26.1911676414 -51.5548401982 -0.5 -0.602637565089 19.6523909143 -143.268664242 -0.5 -6.80307244747 29.6790830524 -106.198749853 -0.5 -6.70898289696 22.1178136047 -69.4459193547 0.308351219793 0.309167874251 0.305956565359 0.308181120682 0.308002268379 0.3084877437 0.304312641775 0.309314523074 0.307535421927 0.309660428241 0.304084853455 0.307837874875 0.306607452943 0.3084653792 0.30422931339 0.309379814926
21 65 1 HE -0.5 -3.0585552458 17.4104034813 181.667343445 -0.5 -2.37363016906 22.8808541669 324.013855446 -0.5 -5.24531786645 71.376629209 211.672896523 -0.5 -0.801486297018 58.4758339667 330.042808518 0.310485317943 0.310843425532 0.310685126045 0.314944469103 0.309705492763 0.311007748767 0.308824569437 0.313694715813 0.309776169014 0.311156623756 0.307838291367 0.313997406531 0.308512940257 0.310588543815 0.307922001524 0.312554599204
23 65 1 HE -0.5 1.8912577166 17.8408117315 -46.4942665272 -0.5 5.27552269941 14.3503997451 100.72742602 -0.5 5.89466007462 26.0530630708 331.030220502 -0.5 0.00969579328617 38.2337169292 276.835353511 0.309550640882 0.317278636033 0.307319392178 0.312058209366 0.309783564833 0.316310054797 0.306045341332 0.310353794088 0.309093105977 0.315675710906 0.305351881034 0.309209117046 0.308141741164 0.316288824058 0.305749886045 0.309444763139
19 65 4 HE -0.5 -1.19283037927 28.4739989488 24.3235826732 -0.5 0.279082371665 55.1768479051 104.340695122 -0.5 -1.29195860408 16.9349826015 160.349654608 -0.5 -0.0751836962012 20.4805061527 202.781717992 0.306963894964 0.313274437345 0.312488843579 0.308436777756 0.307183300804 0.313196623625 0.311921005387 0.307002572213 0.306284966428 0.313484871605 0.312336436256 0.306147689101 0.305542914797 0.313087550146 0.312187555357 0.305644255833
25 65 1 HE -0.5 -1.05424774695 -0.913990261447 -7.88554671245 -0.5 -2.09693661641 -3.25981341468 -81.2010429905 -0.5 0.923180360582 -19.3193445786 -71.6789606249 -0.5 5.44730102864 -0.286923814618 -102.188618136 0.309494766107 0.317502970799 0.317863227125 0.309103897322 0.309633301888 0.317712262351 0.316254778374 0.309272385057 0.309072331656 0.316644129346 0.317919601285 0.309585181617 0.308115524062 0.315204651145 0.317666546679 0.309116460462
19 65 6 HE -0.5 -3.86924907284 -9.13318190919 -134.971559754 -0.5 -9.82584893126 4.82497516122 -54.1024304614 -0.5 -7.64894760853 9.19301034052 5.54203249282 -0.5 -9.87210369301 0.23405976903 -41.1194906104 0.309827699533 0.317025307871 0.316984115678 0.309065915591 0.308753734674 0.317309251435 0.315444212329 0.308601265781 0.307020655365 0.316866770113 0.315052042223 0.307887448312 0.30932989177 0.317241765708 0.314692996323 0.30789941814
23 65 4 HE -0.5 -4.39277348855 25.8236965821 25.2912995022 -0.5 -4.17279399401 40.9381203827 231.269283128 -0.5 -10.3996733427 32.1708206142 578.759820724 -0.5 -7.91440785971 41.3772701536 537.981443542 0.308815397866 0.309458196722 0.313809493067 0.306489898873 0.308002844418 0.310159182572 0.312331086507 0.306425083597 0.306866167432 0.309286787286 0.312415557004 0.301973461336 0.306767634569 0.31025935549 0.312217294912 0.30097725213
21 65 2 HE -0.5 -4.64894340253 5.22484632172 -23.4582370798 -0.5 -3.32489427415 13.4292808458 334.148496186 -0.5 -5.55755954205 16.5325459951 129.894147614 -0.5 -3.36310363699 16.2035964317 195.67333202 0.307680350299 0.309098795323 0.312309604892 0.307366939887 0.307806369588 0.309034932843 0.311746201924 0.305871943611 0.306971930162 0.308620444158 0.310906736077 0.306303549042 0.306827106943 0.307482531294 0.31087956287 0.306769138179
20 65 2 HE -0.5 4.39773344823 33.7941076103 -209.515376833 -0.5 2.95852422573 60.7083849553 15.4695541529 -0.5 2.40925909211 57.3835350333 -169.550895724 -0.5 1.3504535025 47.5627806433 -18.4765876345 0.307626041352 0.307971474093 0.310055979353 0.30146875484 0.308038164992 0.307822329859 0.308034086113 0.301106998583 0.307390924926 0.30771287518 0.307777097312 0.299605452129 0.30689059979 0.306345447744 0.307927481783 0.299943225483
21 65 4 HE -0.5 2.10347731534 12.3098397549 -105.775055511 -0.5 9.80119030639 31.193481425 -234.674208737 -0.5 3.99919897862 23.1030335818 -40.4970428959 -0.5 6.25221543139 24.7970217857 -101.064466198 0.309689158391 0.315540606868 0.31014921931 0.309173003378 0.308477326142 0.313886454358 0.30756487299 0.310488994159 0.308478306481 0.314007561227 0.307663573632 0.308766679731 0.307032112637 0.313527221253 0.30760976257 0.309553358656
20 65 4 HE -0.5 -3.70838027746 27.650597913 187.399698322 -0.5 -0.611418264317 59.5396453227 144.370373293 -0.5 0.225671453294 59.7745223116 285.732382149 -0.5 1.76597498775 39.8601803824 317.75268623 0.308528484312 0.306987668712 0.312548393269 0.304774890785 0.30688337677 0.305812276169 0.31066989171 0.304068266573 0.307716431614 0.305634055213 0.31059956099 0.304104353923 0.306142265047 0.305367668601 0.310517236516 0.302278924423
19 66 5 HE -0.5 1.1917570503 10.8000617596 -20.260758545 -0.5 -1.32834949374 15.8901515642 -220.307301745 -0.5 -3.49128898094 8.10317513582 -24.6837912178 -0.5 -4.91365887349 26.1551563843 -210.038596997 0.304473514125 0.311295645171 0.309140086555 0.311716375136 0.303226048298 0.310956065722 0.307804718559 0.310948165066 0.303643662001 0.310989100775 0.307919426216 0.310021525517 0.303323852654 0.311144594727 0.307113442115 0.310498806331
19 66 6 HE -0.5 -4.46625594838 3.66413055736 -151.060506638 -0.5 -1.04443273336 35.0991338271 -107.963281006 -0.5 -1.04342813368 38.1455613757 -77.8698037471 -0.5 -3.50953089672 18.3135726844 14.9698748412 0.306911428876 0.309903150995 0.312121444445 0.309166389115 0.305172863908 0.308483311459 0.310001046513 0.308351937429 0.30524768871 0.308331951952 0.309326461379 0.308177057229 0.305327736068 0.30864391065 0.309720749741 0.307732900942
22 65 2 HE -0.5 -0.154743714516 31.8878810641 232.349474939 -0.5 -0.677483282275 22.3569776488 431.902165919 -0.5 -3.0434646276 42.7268074141 267.910369225 -0.5 -4.20873912977 41.5053934702 342.446793367 0.30662452124 0.309197720683 0.308658052227 0.311987552646 0.305270729532 0.308787044941 0.307357105723 0.311658083888 0.305223168709 0.308519786081 0.306472744405 0.312074318047 0.305679190429 0.308738697742 0.306514006341 0.31015619984
20 66 2 HE -0.5 0.820121722182 16.98934828 -289.477566167 -0.5 0.363750039086 62.2221808229 426.920983134 -0.5 3.08823274786 29.763653576 326.988179286 -0.5 1.40339220075 16.733764878 138.689669605 0.306805636816 0.315250933596 0.31067685274 0.312138130203 0.305381292284 0.314259868534 0.307385134628 0.308402793384 0.305905981047 0.31385429312 0.307699604078 0.308096015592 0.305660785424 0.313766374203 0.307836877503 0.308321297453
22 65 4 HE -0.5 -1.56656150568 21.5656621962 -221.77518587 -0.5 3.41925172457 49.5597699415 204.335996367 -0.5 -0.253156135101 23.6487496859 -78.2349270306 -0.5 4.33440830772 30.1306452213 129.712392744 0.307487604594 0.308638342691 0.305795811081 0.301618520502 0.306750737007 0.307182748081 0.303476236537 0.298406233397 0.306621393647 0.307572628258 0.303862909714 0.299043270926 0.307326209679 0.306997732357 0.303693192202 0.297008349001
20 66 4 HE -0.5 3.9656616868 35.8070997986 368.432610254 -0.5 7.22645087171 13.3037746234 88.1023161208 -0.5 6.59770367789 13.1642318303 174.753992489 -0.5 7.08989081087 33.5832281389 -51.6753927258 0.306763134602 0.315262894654 0.308050380508 0.312645747315 0.305584634123 0.313929004675 0.307871300542 0.312573821015 0.304955450111 0.313442952807 0.307848451893 0.312784642714 0.305228863058 0.31320425791 0.307305186713 0.312551390697
19 66 1 HE -0.5 2.84793545768 16.4121762383 -213.636637426 -0.5 3.7369904549 15.8018052062 -107.248224309 -0.5 4.48310108787 13.3555560627 -205.235554297 -0.5 1.76366641465 17.0078992636 77.3808813509 0.306890530459 0.309012169279 0.308148720337 0.315623873012 0.305722398063 0.308637508197 0.308153771211 0.314967576941 0.306284407738 0.307509407841 0.307041264685 0.314490804522 0.306009583509 0.307277219986 0.306932865717 0.314004717944
20 66 1 HE -0.5 4.31791802449 24.8803538912 360.711719613 -0.5 2.65180019538 38.7400690129 161.178280161 -0.5 1.88575112378 37.8099094777 187.020116043 -0.5 3.28065161568 34.9210648824 263.880570124 0.306955055045 0.310471932448 0.311881819906 0.30934436557 0.306090175709 0.310482728644 0.311315236489 0.309277554733 0.305899931711 0.309470092523 0.310936919754 0.310819689461 0.305963196035 0.30898180897 0.310106788256 0.307616518904
22 65 1 HE -0.5 1.87146054494 24.4920840155 103.41925182 -0.5 6.33409064343 19.1297186138 -22.8874927156 -0.5 5.31745389866 30.3010877441 -97.6332544186 -0.5 2.69606032991 27.4837982973 40.6995194715 0.310969460816 0.314804092356 0.307353108562 0.316874587508 0.310682670026 0.313083621229 0.306316217309 0.318030984857 0.309953114418 0.312748083841 0.304156700491 0.316285298297 0.310125700462 0.31258248459 0.30407137593 0.3161602518
24 65 1 HE -0.5 3.09867405588 15.2215195707 143.897375024 -0.5 0.128033833545 23.0970765734 193.797312457 -0.5 4.264941668 43.1951896784 140.339540324 -0.5 -2.19583310486 45.0742421926 346.21491483 0.307093474826 0.310388083811 0.312433113236 0.303749790872 0.306554348054 0.310273054472 0.311361936294 0.302645057654 0.306437845681 0.309422180272 0.311380203517 0.301979844586 0.305968438703 0.310233619377 0.310657327102 0.302242290808
19 66 4 HE -0.5 1.33450671221 35.254829742 251.786250189 -0.5 5.00589217222 50.7521402972 370.734366641 -0.5 -1.75335853291 33.9635225964 403.986941404 -0.5 -1.6570715243 36.4538903763 166.435365792 0.306550147749 0.302978920333 0.301458436352 0.307217954579 0.306157888784 0.301517828001 0.301159106701 0.305781604978 0.3056419091 0.302158743411 0.300677615857 0.305750057175 0.305875480094 0.302102921286 0.300613877747 0.306966447831
26 65 1 HE -0.5 -5.65944808088 15.0701385552 104.428470244 -0.5 -4.37796547112 10.7243426693 130.642786869 -0.5 -7.69975661111 4.6090014189 491.962975138 -0.5 -2.32939618839 10.0244148302 93.5226797348 0.310653770224 0.307492720867 0.308244860746 0.299834703777 0.309360599386 0.306949879411 0.307800642182 0.298491235273 0.309281145219 0.30734925927 0.30741929093 0.295932089669 0.309123256213 0.306549490893 0.306970242873 0.298739780427
24 65 6 HE -0.5 -0.263538934651 -2.12511679139 -5.55066208048 -0.5 1.68852930615 13.4272066191 292.679330833 -0.5 0.569315376902 23.1652720387 124.030236191 -0.5 -2.2075889281 23.2631467809 411.075726962 0.301293667164 0.305814444357 0.29482931703 0.296536627692 0.301903753088 0.305259666582 0.293430583497 0.294866947905 0.301209542948 0.304590226131 0.292725218517 0.294287891694 0.301272736467 0.304568103515 0.292763374831 0.292888187309
26 65 4 HE -0.5 0.393421266118 1.3953358577 59.0554835602 -0.5 2.55252433177 61.1405039282 189.074721588 -0.5 2.00515276866 41.4308292707 133.216413667 -0.5 1.84303147014 46.534548042 295.295433779 0.299080464055 0.302885642054 0.300683428301 0.295021381661 0.300253941285 0.301929919254 0.298492388195 0.293122874382 0.300007924851 0.301159085862 0.298422224263 0.293442620826 0.298450869585 0.301450271626 0.298582199712 0.292374076438
20 66 5 HE -0.5 -1.1317040574 24.9453453271 15.7754031254 -0.5 -1.20619036323 21.4407013288 32.1078178568 -0.5 -0.742029091612 -1.51423516261 26.7432935431 -0.5 -4.79944163204 5.04259708721 -274.729632099 0.299089531056 0.303056897385 0.306101249025 0.305555323463 0.298006850382 0.303309628316 0.30525686504 0.305337275712 0.297352575153 0.303117575263 0.305080184779 0.305897485042 0.297098887752 0.303429040919 0.304546645697 0.304959328318
22 65 6 HE -0.5 -4.35231228633 -0.599120897326 -120.150725768 -0.5 -5.85893741287 -4.63534305668 -7.25600269482 -0.5 -4.60114896843 2.87294610515 133.167668233 -0.5 -8.77435415534 -9.3923673085 -4.06244069716 0.303070211136 0.29962544283 0.302631146403 0.298146289753 0.30224286323 0.299373319046 0.302081223124 0.298616679639 0.301696082123 0.299123664494 0.301427417193 0.296432011911 0.302192413206 0.299005938466 0.301774908364 0.298017887526
24 65 4 HE -0.5 -0.11031473333 24.0973348442 223.095850995 -0.5 -0.955418343321 36.1914030216 425.109653459 -0.5 0.315046877001 14.1315495345 310.877711214 -0.5 0.000699842441737 29.3138502637 14.4240803335 0.303196344844 0.306524061077 0.302912450725 0.300967486329 0.303126215958 0.306761957954 0.302763259557 0.300068259145 0.30211734096 0.306283764074 0.301649277392 0.297537439205 0.302464550436 0.305141324087 0.302191054093 0.302631457003
20 66 6 HE -0.5 0.581121741787 11.648507785 136.740514471 -0.5 0.317030387134 -7.00641482207 265.040237887 -0.5 0.523426979448 19.7675965966 169.000592193 -0.5 0.36338032097 33.9002951878 354.840023399 0.303243205661 0.304923383746 0.303097744818 0.304611812087 0.301676684938 0.304793254192 0.303222101345 0.304345176421 0.300456452918 0.303930091468 0.302157158612 0.304116884438 0.30179268611 0.30420786335 0.302520187834 0.303557675739
18 66 1 HE -0.5 2.02188383152 -1.86000540948 21.3109256399 -0.5 6.29628663742 15.9233355552 7.78779103058 -0.5 -0.264085457024 15.5831560666 273.800175083 -0.5 0.975065550817 20.7410476962 205.682964085 0.306897286548 0.308699892142 0.304785893913 0.296510397007 0.305726553571 0.307897228155 0.303189842956 0.296077600086 0.304157496751 0.30774556318 0.303078432955 0.29478958506 0.305823579614 0.307695398014 0.303017221835 0.295761508086
18 66 4 HE -0.5 0.485939575597 20.3111880025 271.335738714 -0.5 -1.10218651606 37.7497717951 251.190489079 -0.5 -1.12267035516 16.7356688055 259.495416591 -0.5 -0.118415393339 36.3652249212 378.193908586 0.307549678133 0.312011130888 0.316888748552 0.301151526297 0.307314644322 0.313168991641 0.316124499409 0.301286384352 0.306052524358 0.311956137491 0.316522425587 0.300458724122 0.306216989699 0.312345080923 0.31606398108 0.300376807246
18 66 5 HE -0.5 -2.73631197757 -38.8756261707 -542.232951983 -0.5 -4.96591580133 -1.38970366288 -109.955436666 -0.5 -5.12325785035 -10.1151224418 -287.895462399 -0.5 -8.6895542945 17.711476426 -351.921920247 0.304746585337 0.312279919622 0.306878008319 0.309942087739 0.304573243409 0.31246298666 0.305119608283 0.309460146535 0.304433605842 0.311928401221 0.304143333778 0.309332757276 0.304364969926 0.312515671444 0.303702268919 0.3079874127
17 66 3 HE -0.5 4.21211897035 52.5391838884 -44.1379073261 -0.5 4.35798492371 40.3039103826 199.440057724 -0.5 0.641916788209 49.804827603 221.488023871 -0.5 4.71652038585 26.6455524976 83.7359682402 0.306947424031 0.311033840586 0.308367207904 0.310146183024 0.305532939561 0.311727529218 0.307489638725 0.309421979826 0.303544285291 0.310796172637 0.307104084725 0.309098841351 0.304615160761 0.310292762422 0.306737636032 0.309168281459
28 65 4 HE -0.5 0.319058424812 12.8834396291 152.881609855 -0.5 -0.75448444101 -7.46235404503 112.84435857 -0.5 -4.575076674 10.4373413194 -235.85820776 -0.5 -4.7442712827 12.0320185065 -132.083811922 0.303628726851 0.30887936567 0.308106538969 0.301844563587 0.303723156101 0.309576872557 0.308016003083 0.302446689293 0.302483239105 0.308972535248 0.307176484881 0.301726604202 0.302594357964 0.309366273572 0.306450677873 0.302726810871
18 66 3 HE -0.5 -7.00474431694 -22.4279231096 -189.908848301 -0.5 -10.8711023706 -22.6860193832 -177.362804436 -0.5 -10.8916369947 -47.4871960446 -108.229977617 -0.5 -9.98488914374 -34.3282189446 -72.6025577141 0.302625144494 0.304135921331 0.30746641254 0.300633376517 0.302430028836 0.304569615563 0.306076638928 0.300164750393 0.301614824881 0.304236809516 0.306086537874 0.300421801501 0.30140911618 0.304269195176 0.305807264936 0.298971147511
28 65 7 HE -0.5 -4.43648061151 8.36290931857 164.396735447 -0.5 -4.91579018531 -3.67871532103 284.156462343 -0.5 -3.78468362463 8.96223705093 514.040705319 -0.5 -5.85814922603 16.9809932871 324.505483407 0.29929261017 0.298821320224 0.29156252701 0.30322647985 0.298045783308 0.299052666962 0.291484069996 0.301690227562 0.298260794544 0.298163337462 0.290804107439 0.300708036122 0.298281971369 0.297981415325 0.290612018253 0.301194838637
28 65 3 HE -0.5 -1.88360621511 -6.71768237378 -161.119784472 -0.5 -1.79780622834 7.23916926564 46.8390230774 -0.5 -1.55978748816 2.05993182131 -100.159178412 -0.5 -0.639205009739 25.4803697364 3.48079510506 0.308387513046 0.315146212542 0.311808546716 0.312701601285 0.308307817212 0.314359396344 0.310262832782 0.31010013551 0.308034886195 0.313456717869 0.310334689266 0.31104828855 0.308201329339 0.313274335053 0.309798632718 0.31047472537
28 65 5 HE -0.5 -7.37731464173 -23.0361086274 -38.2168870559 -0.5 -5.68958088666 16.2552005879 -262.376979825 -0.5 -7.53424134597 8.47775860393 -149.510215718 -0.5 -5.46998779751 31.3706249751 -259.623647541 0.303497878399 0.308530781226 0.311720657784 0.307867726697 0.303298528494 0.307818681981 0.310423924358 0.307869737011 0.302274435086 0.30729873398 0.309131816695 0.308278692495 0.30254936908 0.307177907588 0.308775743591 0.307897640235
28 65 6 HE -0.5 -5.63522502 -15.3252438338 -416.004080573 -0.5 -1.26359929966 -42.8008494058 -442.13317164 -0.5 -2.872261872 -31.4120933541 -389.821147362 -0.5 -3.02404305557 -16.1499508017 -521.794447854 0.309476088977 0.31367685684 0.312573720083 0.306842045799 0.308807369641 0.312322304404 0.312142867815 0.307517384822 0.308776023207 0.312298866079 0.311799918131 0.307014801162 0.308779666064 0.312360577438 0.311630923125 0.307353999984
26 65 7 HE -0.5 1.49327304955 11.7518263702 -119.458965497 -0.5 -1.16536846086 60.2431668076 163.308525273 -0.5 -0.386882397727 41.5407969111 156.305587264 -0.5 -3.8639050698 68.7866379002 133.588763263 0.308563434809 0.314467344706 0.311502373212 0.308392521214 0.308116212815 0.314642951233 0.308975273084 0.306347485099 0.307433631553 0.314208975364 0.308810057207 0.306018154293 0.307698572914 0.314460824249 0.308262886264 0.306435004628
28 65 2 HE -0.5 -3.63093402603 -8.2466802162 1.57190508605 -0.5 -7.23112372431 -2.12244832469 -56.3082452785 -0.5 -6.83987658012 0.0365162573953 176.062289605 -0.5 -3.35624604667 -4.84665976612 107.273368189 0.305853485707 0.312829975147 0.307919759871 0.306605673236 0.305784792609 0.312952712806 0.307266062521 0.307528359303 0.305218928606 0.312899395836 0.307092557218 0.306476302249 0.304814973894 0.312570529777 0.307100670935 0.305829638546
22 65 5 HE -0.5 -5.57250016411 -23.7578084819 -452.469910242 -0.5 -4.7160271556 -30.3550034368 -339.946018649 -0.5 -7.41637226269 -26.0792702145 -464.939935042 -0.5 -5.35656328689 -17.3244493967 -428.777247331 0.301774241503 0.307328224533 0.303382802818 0.303645739275 0.301917514712 0.307239331897 0.303298153013 0.304612066998 0.299773518888 0.305818527463 0.302726130504 0.303923148261 0.301786517419 0.30564837438 0.30222620369 0.303757379899
24 65 5 HE -0.5 1.47934347719 -1.02008964107 -122.540668366 -0.5 3.44917132685 9.79693749176 -101.813615369 -0.5 3.56665087742 6.77718180708 -74.1093129091 -0.5 4.91751954135 1.04731610967 -101.350789835 0.304226151464 0.304809409475 0.302563313043 0.30881283689 0.303118279221 0.303905976103 0.302098950027 0.309090616501 0.302277483509 0.30308579141 0.302102121455 0.307486972219 0.302633882266 0.302982657545 0.300688944083 0.308791158905
26 65 6 HE -0.5 -5.81555701237 -9.83510603535 -213.103241874 -0.5 -1.76490958079 34.8002539586 75.1158678012 -0.5 -2.37852940183 11.5968354117 80.2773628943 -0.5 -0.916626451375 29.6198477659 -19.7443801926 0.30706339612 0.310163727433 0.311430879972 0.302011580276 0.305499252473 0.310567654991 0.308635906447 0.299565640504 0.305553120589 0.310112525891 0.309967389833 0.299544849556 0.305770490362 0.309742281158 0.307790586812 0.298652072659
26 65 5 HE -0.5 -6.66466124556 -6.59682450028 52.0916974776 -0.5 -5.30233156176 23.0065388219 512.739433038 -0.5 -5.52146445726 26.2804342062 440.922856047 -0.5 -4.31937757319 19.5748261164 490.071702382 0.304151470947 0.305893507922 0.307492519877 0.301692346784 0.304342354246 0.306469132261 0.305839275145 0.299369810268 0.303214553533 0.305940053779 0.305758009015 0.29926838947 0.304011376639 0.305403105711 0.305301333837 0.29898089437
19 66 3 HE -0.5 -2.06420565358 6.73937940041 46.4990041948 -0.5 -1.11790133585 -21.8848577529 215.610252574 -0.5 -3.97361602131 13.1662991051 214.116137939 -0.5 -2.86319996834 -17.3261133677 112.872299406 0.305575917455 0.307941191893 0.302838229988 0.306696381114 0.30559029346 0.308151305217 0.302823236283 0.305192434774 0.304808876309 0.307819942316 0.302222545198 0.305446634549 0.30522346766 0.307419383378 0.302008713932 0.304977673344
26 65 3 HE -0.5 -2.47398289059 -15.0861541731 -49.1570116388 -0.5 -0.739802266921 0.157907507527 -86.8141485737 -0.5 -1.3631978797 -6.07194327974 62.5894864093 -0.5 -1.159343693 -11.5689285575 58.2448994317 0.303172368155 0.30601331465 0.301956693659 0.299264536851 0.30342241788 0.305365682521 0.302282405523 0.299466390051 0.302710042101 0.304852686409 0.301537109464 0.297376750703 0.303854683056 0.304654528151 0.301277086051 0.295153047519
29 65 1 HE -0.5 1.52539824007 32.0648140941 -4.79443976423 -0.5 5.36675226274 43.0842871379 -102.237612527 -0.5 -1.19177053812 56.6816216529 -81.0667122801 -0.5 2.05712405285 59.6257945018 -98.1306834875 0.299684559945 0.304773762634 0.307490323647 0.295506386375 0.298197912533 0.303384741286 0.305907888714 0.296242599164 0.298242484789 0.303681291252 0.305902665478 0.295358580094 0.297570986051 0.30237385493 0.305456819754 0.29566608829
28 65 1 HE -0.5 -3.01840784858 -17.2418771389 -225.821040791 -0.5 -0.69422001184 -27.1839575448 -225.383147414 -0.5 -0.367716919543 -14.0928959201 -274.653755078 -0.5 1.38235838914 -5.04164767271 -258.571268752 0.29581991138 0.302147963005 0.303447449505 0.302849485138 0.295259003768 0.300959507271 0.302410313438 0.301059752517 0.29493987162 0.300605805827 0.302052281087 0.301234974923 0.295351312734 0.300331455644 0.301126637902 0.301205772273
18 66 2 HE -0.5 -4.15541540542 10.4863178527 -61.4830417316 -0.5 -3.93570567219 5.5565355132 -29.9582247518 -0.5 -3.46674715993 4.44478622191 0.484268564406 -0.5 -2.97149985287 -10.3207740972 -69.0943633908 0.301965185667 0.304617072398 0.302776270832 0.301679647961 0.300937270619 0.304968822561 0.301870379188 0.300378204806 0.300106354902 0.304123367998 0.301287825858 0.300003450689 0.300074981375 0.304112173729 0.301192789671 0.300457920079
17 66 2 HE -0.5 0.0636756001307 -10.7987102459 -292.879119311 -0.5 -0.282018404764 11.1787977226 -219.911302132 -0.5 -0.29573718754 13.9786275914 -243.566202202 -0.5 2.37654599408 17.060101957 -168.586069771 0.305281242796 0.306592618042 0.308549821934 0.302016684887 0.30416803762 0.305919506451 0.306766274688 0.300800496408 0.304514820494 0.305724769256 0.306788923503 0.300835454457 0.303825174662 0.304242980405 0.306439116751 0.300253542862
16 66 4 HE -0.5 -2.79047128133 -20.4634001864 -161.365542532 -0.5 -0.137451783792 17.6821179278 -121.402001369 -0.5 -2.78956150705 17.4171703273 17.8038936715 -0.5 -3.66885617793 25.5505006325 -187.905397659 0.299320908437 0.303008864745 0.307269117167 0.295549082003 0.298919602986 0.302128171063 0.305589104788 0.29317107437 0.298555572596 0.30190258303 0.304654614079 0.292135926307 0.297974389081 0.301445653365 0.30440908416 0.293257978137
29 65 2 HE -0.5 1.1504644425 16.5396557376 206.759731728 -0.5 2.9193034265 45.3637669999 2.1535068183 -0.5 1.60570279843 26.3526236949 51.2719937804 -0.5 1.37392579063 38.023125301 41.7031467452 0.302016660663 0.302894607399 0.312161143435 0.298074889895 0.301867354688 0.302627959002 0.310291606106 0.29845350597 0.301638758318 0.30220855163 0.3102293396 0.297695256645 0.301594448958 0.302139225262 0.309917469256 0.298146996397
19 66 2 HE -0.5 -4.56993644324 -27.2080850894 -311.558961402 -0.5 4.0105786792 6.6873162479 -206.329396755 -0.5 -3.13236194419 16.8807703819 -367.675764549 -0.5 -3.03036196297 -8.12133587139 -288.772234603 0.306077964199 0.308716197874 0.301330001078 0.315212236037 0.305235715649 0.307835366428 0.299390138317 0.314571623284 0.304731015437 0.308312005638 0.298965582885 0.315162577612 0.305766155715 0.308378156514 0.299511302454 0.314622307693
20 66 3 HE -0.5 -3.15646831767 -19.2311983427 1.8133401374 -0.5 -3.27719903849 -5.38452625635 1.45418193775 -0.5 -0.52537295958 5.03892796369 84.5851310472 -0.5 -1.98792816861 -7.81716863991 45.9900247194 0.303203077669 0.305149046914 0.308983561082 0.30664648499 0.302759839277 0.304351785547 0.30818774427 0.305082175177 0.301948359408 0.303609240417 0.307234460733 0.306858356631 0.302281636959 0.303813928826 0.307313296708 0.304665845512
22 65 3 HE -0.5 -10.5392035649 -35.6014663512 -153.165553058 -0.5 -10.9819319992 -4.78344684376 -54.5557403078 -0.5 -9.48689602438 -22.7117325158 -193.9670861 -0.5 -8.36529792076 -5.00422734968 -307.608567121 0.305086909863 0.305036080522 0.303263001906 0.305244152404 0.305328130656 0.304324977469 0.302070590422 0.303636847484 0.305303822687 0.303904809682 0.301865189234 0.304449065588 0.305041716219 0.303641438709 0.301585268233 0.304722536095
24 65 3 HE -0.5 1.90524036555 18.8013564359 276.257066444 -0.5 0.586456524267 43.9322200574 219.414893663 -0.5 4.43080431524 43.9861314605 129.643612534 -0.5 2.90982292202 46.4185309541 154.880785934 0.303187159836 0.310559152405 0.305417729283 0.300147810379 0.302730078509 0.310481888356 0.303399206135 0.30038515003 0.301666222323 0.309752386534 0.303399132136 0.300131270465 0.301445972795 0.309767272433 0.303316417159 0.299545665919
24 65 2 HE -0.5 1.89016102267 15.3265036794 198.097699492 -0.5 3.5241586603 38.8674935132 331.67926936 -0.5 1.64129014407 12.6738565936 29.4340209154 -0.5 2.77095384826 30.93394579 180.932705069 0.301987852918 0.309299625168 0.30789149788 0.293575224169 0.300906711224 0.309159178949 0.307411167166 0.293812781856 0.300686435408 0.308658398717 0.307214146733 0.294849181202 0.300132169113 0.308453749956 0.306761517577 0.293969819225
26 65 2 HE -0.5 -3.01652782076 10.6749657618 -67.4615829575 -0.5 2.83419220281 45.866109133 -185.488804225 -0.5 -5.30429365593 11.6252891623 149.55993626 -0.5 -2.38540224099 27.0009442526 25.3111079918 0.30522963103 0.30492729061 0.308992401782 0.299561116792 0.304606263538 0.303650563898 0.307341787136 0.300001283511 0.304091719399 0.304291155432 0.308107891125 0.296005106784 0.303625955423 0.303323062526 0.307730886797 0.297617928131
