#The valid run modes are: HB, HE, HF, HO
#The run mode we have right now is: HE
#The valid run modes are: LMap, EMap, FMap HT
#The produce mode we have right now is: LMapCalib
#Constructing ngHE LMap Object...
#Constructing ngHE Calib LMap Object...
#Map pass collision check, Good!
#Dumping ngHE Calib LMap Object...
#  Side   Eta   Phi  dPhi  CH_TYPE       Det   RBX Wedge QIE11 QIECH RM RM_FI FI_CH Trunk cpCol cpRow    cpCpl  cpLC cpOct ppCol ppRow    ppCpl  ppLC dodec Crate  uHTR  uHTR_FI FEDid  QIE11id
      1     1    71     4        6  CALIB_HE HEP01     1     1     1  5     1     0   2-1     4     4 HEP01-02     1     1     3     5 EBP01_CU     1    12    30    12       11  1117   600000
      1     1    71     4        6  CALIB_HE HEP01     1     1     2  5     1     1   2-1     4     4 HEP01-02     1     1     3     5 EBP01_CU     1    12    30    12       11  1117   600000
      1     1    71     4        6  CALIB_HE HEP01     1     1     3  5     1     2   2-1     4     4 HEP01-02     1     1     3     5 EBP01_CU     1    12    30    12       11  1117   600000
      1     1    71     4        6  CALIB_HE HEP01     1     1     4  5     1     3   2-1     4     4 HEP01-02     1     1     3     5 EBP01_CU     1    12    30    12       11  1117   600000
      1     1    71     4        6  CALIB_HE HEP01     1     1     5  5     1     4   2-1     4     4 HEP01-02     1     1     3     5 EBP01_CU     1    12    30    12       11  1117   600000
      1     1    71     4        6  CALIB_HE HEP01     1     1     6  5     1     5   2-1     4     4 HEP01-02     1     1     3     5 EBP01_CU     1    12    30    12       11  1117   600000
      1     1    71     4        0  CALIB_HE HEP01     1     1     7  5     2     0   2-2     4     4 HEP01-02     2     2     3     5 EBP01_CU     2    12    30    12       23  1117   600000
      1     1    71     4        1  CALIB_HE HEP01     1     1     8  5     2     1   2-2     4     4 HEP01-02     2     2     3     5 EBP01_CU     2    12    30    12       23  1117   600000
      1     1    71     4        2  CALIB_HE HEP01     1     1     9  5     2     2   2-2     4     4 HEP01-02     2     2     3     5 EBP01_CU     2    12    30    12       23  1117   600000
      1     1    71     4        3  CALIB_HE HEP01     1     1    10  5     2     3   2-2     4     4 HEP01-02     2     2     3     5 EBP01_CU     2    12    30    12       23  1117   600000
      1     1    71     4        4  CALIB_HE HEP01     1     1    11  5     2     4   2-2     4     4 HEP01-02     2     2     3     5 EBP01_CU     2    12    30    12       23  1117   600000
      1     1    71     4        5  CALIB_HE HEP01     1     1    12  5     2     5   2-2     4     4 HEP01-02     2     2     3     5 EBP01_CU     2    12    30    12       23  1117   600000
      1     1     3     4        6  CALIB_HE HEP02     2     1     1  5     1     0   2-1     4     4 HEP01-02     3     1     3     5 EBP02_CU     1    12    24    12       11  1101   600000
      1     1     3     4        6  CALIB_HE HEP02     2     1     2  5     1     1   2-1     4     4 HEP01-02     3     1     3     5 EBP02_CU     1    12    24    12       11  1101   600000
      1     1     3     4        6  CALIB_HE HEP02     2     1     3  5     1     2   2-1     4     4 HEP01-02     3     1     3     5 EBP02_CU     1    12    24    12       11  1101   600000
      1     1     3     4        6  CALIB_HE HEP02     2     1     4  5     1     3   2-1     4     4 HEP01-02     3     1     3     5 EBP02_CU     1    12    24    12       11  1101   600000
      1     1     3     4        6  CALIB_HE HEP02     2     1     5  5     1     4   2-1     4     4 HEP01-02     3     1     3     5 EBP02_CU     1    12    24    12       11  1101   600000
      1     1     3     4        6  CALIB_HE HEP02     2     1     6  5     1     5   2-1     4     4 HEP01-02     3     1     3     5 EBP02_CU     1    12    24    12       11  1101   600000
      1     1     3     4        0  CALIB_HE HEP02     2     1     7  5     2     0   2-2     4     4 HEP01-02     4     2     3     5 EBP02_CU     2    12    24    12       23  1101   600000
      1     1     3     4        1  CALIB_HE HEP02     2     1     8  5     2     1   2-2     4     4 HEP01-02     4     2     3     5 EBP02_CU     2    12    24    12       23  1101   600000
      1     1     3     4        2  CALIB_HE HEP02     2     1     9  5     2     2   2-2     4     4 HEP01-02     4     2     3     5 EBP02_CU     2    12    24    12       23  1101   600000
      1     1     3     4        3  CALIB_HE HEP02     2     1    10  5     2     3   2-2     4     4 HEP01-02     4     2     3     5 EBP02_CU     2    12    24    12       23  1101   600000
      1     1     3     4        4  CALIB_HE HEP02     2     1    11  5     2     4   2-2     4     4 HEP01-02     4     2     3     5 EBP02_CU     2    12    24    12       23  1101   600000
      1     1     3     4        5  CALIB_HE HEP02     2     1    12  5     2     5   2-2     4     4 HEP01-02     4     2     3     5 EBP02_CU     2    12    24    12       23  1101   600000
      1     1     7     4        6  CALIB_HE HEP03     3     1     1  5     1     0   2-1     5     4 HEP03-10     1     1     3     5 EBP03_CU     1    12    24    12       11  1101   600000
      1     1     7     4        6  CALIB_HE HEP03     3     1     2  5     1     1   2-1     5     4 HEP03-10     1     1     3     5 EBP03_CU     1    12    24    12       11  1101   600000
      1     1     7     4        6  CALIB_HE HEP03     3     1     3  5     1     2   2-1     5     4 HEP03-10     1     1     3     5 EBP03_CU     1    12    24    12       11  1101   600000
      1     1     7     4        6  CALIB_HE HEP03     3     1     4  5     1     3   2-1     5     4 HEP03-10     1     1     3     5 EBP03_CU     1    12    24    12       11  1101   600000
      1     1     7     4        6  CALIB_HE HEP03     3     1     5  5     1     4   2-1     5     4 HEP03-10     1     1     3     5 EBP03_CU     1    12    24    12       11  1101   600000
      1     1     7     4        6  CALIB_HE HEP03     3     1     6  5     1     5   2-1     5     4 HEP03-10     1     1     3     5 EBP03_CU     1    12    24    12       11  1101   600000
      1     1     7     4        0  CALIB_HE HEP03     3     1     7  5     2     0   2-2     5     4 HEP03-10     2     2     3     5 EBP03_CU     2    12    24    12       23  1101   600000
      1     1     7     4        1  CALIB_HE HEP03     3     1     8  5     2     1   2-2     5     4 HEP03-10     2     2     3     5 EBP03_CU     2    12    24    12       23  1101   600000
      1     1     7     4        2  CALIB_HE HEP03     3     1     9  5     2     2   2-2     5     4 HEP03-10     2     2     3     5 EBP03_CU     2    12    24    12       23  1101   600000
      1     1     7     4        3  CALIB_HE HEP03     3     1    10  5     2     3   2-2     5     4 HEP03-10     2     2     3     5 EBP03_CU     2    12    24    12       23  1101   600000
      1     1     7     4        4  CALIB_HE HEP03     3     1    11  5     2     4   2-2     5     4 HEP03-10     2     2     3     5 EBP03_CU     2    12    24    12       23  1101   600000
      1     1     7     4        5  CALIB_HE HEP03     3     1    12  5     2     5   2-2     5     4 HEP03-10     2     2     3     5 EBP03_CU     2    12    24    12       23  1101   600000
      1     1    11     4        6  CALIB_HE HEP04     4     1     1  5     1     0   1-1     1     4 HEP04-05     1     1     3     5 EBP04_CU     1    12    20    12       11  1103   600000
      1     1    11     4        6  CALIB_HE HEP04     4     1     2  5     1     1   1-1     1     4 HEP04-05     1     1     3     5 EBP04_CU     1    12    20    12       11  1103   600000
      1     1    11     4        6  CALIB_HE HEP04     4     1     3  5     1     2   1-1     1     4 HEP04-05     1     1     3     5 EBP04_CU     1    12    20    12       11  1103   600000
      1     1    11     4        6  CALIB_HE HEP04     4     1     4  5     1     3   1-1     1     4 HEP04-05     1     1     3     5 EBP04_CU     1    12    20    12       11  1103   600000
      1     1    11     4        6  CALIB_HE HEP04     4     1     5  5     1     4   1-1     1     4 HEP04-05     1     1     3     5 EBP04_CU     1    12    20    12       11  1103   600000
      1     1    11     4        6  CALIB_HE HEP04     4     1     6  5     1     5   1-1     1     4 HEP04-05     1     1     3     5 EBP04_CU     1    12    20    12       11  1103   600000
      1     1    11     4        0  CALIB_HE HEP04     4     1     7  5     2     0   1-2     1     4 HEP04-05     2     2     3     5 EBP04_CU     2    12    20    12       23  1103   600000
      1     1    11     4        1  CALIB_HE HEP04     4     1     8  5     2     1   1-2     1     4 HEP04-05     2     2     3     5 EBP04_CU     2    12    20    12       23  1103   600000
      1     1    11     4        2  CALIB_HE HEP04     4     1     9  5     2     2   1-2     1     4 HEP04-05     2     2     3     5 EBP04_CU     2    12    20    12       23  1103   600000
      1     1    11     4        3  CALIB_HE HEP04     4     1    10  5     2     3   1-2     1     4 HEP04-05     2     2     3     5 EBP04_CU     2    12    20    12       23  1103   600000
      1     1    11     4        4  CALIB_HE HEP04     4     1    11  5     2     4   1-2     1     4 HEP04-05     2     2     3     5 EBP04_CU     2    12    20    12       23  1103   600000
      1     1    11     4        5  CALIB_HE HEP04     4     1    12  5     2     5   1-2     1     4 HEP04-05     2     2     3     5 EBP04_CU     2    12    20    12       23  1103   600000
      1     1    15     4        6  CALIB_HE HEP05     5     1     1  5     1     0   1-1     1     4 HEP04-05     3     1     3     5 EBP05_CU     1    12    20    12       11  1103   600000
      1     1    15     4        6  CALIB_HE HEP05     5     1     2  5     1     1   1-1     1     4 HEP04-05     3     1     3     5 EBP05_CU     1    12    20    12       11  1103   600000
      1     1    15     4        6  CALIB_HE HEP05     5     1     3  5     1     2   1-1     1     4 HEP04-05     3     1     3     5 EBP05_CU     1    12    20    12       11  1103   600000
      1     1    15     4        6  CALIB_HE HEP05     5     1     4  5     1     3   1-1     1     4 HEP04-05     3     1     3     5 EBP05_CU     1    12    20    12       11  1103   600000
      1     1    15     4        6  CALIB_HE HEP05     5     1     5  5     1     4   1-1     1     4 HEP04-05     3     1     3     5 EBP05_CU     1    12    20    12       11  1103   600000
      1     1    15     4        6  CALIB_HE HEP05     5     1     6  5     1     5   1-1     1     4 HEP04-05     3     1     3     5 EBP05_CU     1    12    20    12       11  1103   600000
      1     1    15     4        0  CALIB_HE HEP05     5     1     7  5     2     0   1-2     1     4 HEP04-05     4     2     3     5 EBP05_CU     2    12    20    12       23  1103   600000
      1     1    15     4        1  CALIB_HE HEP05     5     1     8  5     2     1   1-2     1     4 HEP04-05     4     2     3     5 EBP05_CU     2    12    20    12       23  1103   600000
      1     1    15     4        2  CALIB_HE HEP05     5     1     9  5     2     2   1-2     1     4 HEP04-05     4     2     3     5 EBP05_CU     2    12    20    12       23  1103   600000
      1     1    15     4        3  CALIB_HE HEP05     5     1    10  5     2     3   1-2     1     4 HEP04-05     4     2     3     5 EBP05_CU     2    12    20    12       23  1103   600000
      1     1    15     4        4  CALIB_HE HEP05     5     1    11  5     2     4   1-2     1     4 HEP04-05     4     2     3     5 EBP05_CU     2    12    20    12       23  1103   600000
      1     1    15     4        5  CALIB_HE HEP05     5     1    12  5     2     5   1-2     1     4 HEP04-05     4     2     3     5 EBP05_CU     2    12    20    12       23  1103   600000
      1     1    19     4        6  CALIB_HE HEP06     6     1     1  5     1     0   1-1     2     4 HEP06-07     1     1     3     5 EBP06_CU     1    12    21    12       11  1105   600000
      1     1    19     4        6  CALIB_HE HEP06     6     1     2  5     1     1   1-1     2     4 HEP06-07     1     1     3     5 EBP06_CU     1    12    21    12       11  1105   600000
      1     1    19     4        6  CALIB_HE HEP06     6     1     3  5     1     2   1-1     2     4 HEP06-07     1     1     3     5 EBP06_CU     1    12    21    12       11  1105   600000
      1     1    19     4        6  CALIB_HE HEP06     6     1     4  5     1     3   1-1     2     4 HEP06-07     1     1     3     5 EBP06_CU     1    12    21    12       11  1105   600000
      1     1    19     4        6  CALIB_HE HEP06     6     1     5  5     1     4   1-1     2     4 HEP06-07     1     1     3     5 EBP06_CU     1    12    21    12       11  1105   600000
      1     1    19     4        6  CALIB_HE HEP06     6     1     6  5     1     5   1-1     2     4 HEP06-07     1     1     3     5 EBP06_CU     1    12    21    12       11  1105   600000
      1     1    19     4        0  CALIB_HE HEP06     6     1     7  5     2     0   1-2     2     4 HEP06-07     2     2     3     5 EBP06_CU     2    12    21    12       23  1105   600000
      1     1    19     4        1  CALIB_HE HEP06     6     1     8  5     2     1   1-2     2     4 HEP06-07     2     2     3     5 EBP06_CU     2    12    21    12       23  1105   600000
      1     1    19     4        2  CALIB_HE HEP06     6     1     9  5     2     2   1-2     2     4 HEP06-07     2     2     3     5 EBP06_CU     2    12    21    12       23  1105   600000
      1     1    19     4        3  CALIB_HE HEP06     6     1    10  5     2     3   1-2     2     4 HEP06-07     2     2     3     5 EBP06_CU     2    12    21    12       23  1105   600000
      1     1    19     4        4  CALIB_HE HEP06     6     1    11  5     2     4   1-2     2     4 HEP06-07     2     2     3     5 EBP06_CU     2    12    21    12       23  1105   600000
      1     1    19     4        5  CALIB_HE HEP06     6     1    12  5     2     5   1-2     2     4 HEP06-07     2     2     3     5 EBP06_CU     2    12    21    12       23  1105   600000
      1     1    23     4        6  CALIB_HE HEP07     7     1     1  5     1     0   1-1     2     4 HEP06-07     3     1     3     5 EBP07_CU     1    12    21    12       11  1105   600000
      1     1    23     4        6  CALIB_HE HEP07     7     1     2  5     1     1   1-1     2     4 HEP06-07     3     1     3     5 EBP07_CU     1    12    21    12       11  1105   600000
      1     1    23     4        6  CALIB_HE HEP07     7     1     3  5     1     2   1-1     2     4 HEP06-07     3     1     3     5 EBP07_CU     1    12    21    12       11  1105   600000
      1     1    23     4        6  CALIB_HE HEP07     7     1     4  5     1     3   1-1     2     4 HEP06-07     3     1     3     5 EBP07_CU     1    12    21    12       11  1105   600000
      1     1    23     4        6  CALIB_HE HEP07     7     1     5  5     1     4   1-1     2     4 HEP06-07     3     1     3     5 EBP07_CU     1    12    21    12       11  1105   600000
      1     1    23     4        6  CALIB_HE HEP07     7     1     6  5     1     5   1-1     2     4 HEP06-07     3     1     3     5 EBP07_CU     1    12    21    12       11  1105   600000
      1     1    23     4        0  CALIB_HE HEP07     7     1     7  5     2     0   1-2     2     4 HEP06-07     4     2     3     5 EBP07_CU     2    12    21    12       23  1105   600000
      1     1    23     4        1  CALIB_HE HEP07     7     1     8  5     2     1   1-2     2     4 HEP06-07     4     2     3     5 EBP07_CU     2    12    21    12       23  1105   600000
      1     1    23     4        2  CALIB_HE HEP07     7     1     9  5     2     2   1-2     2     4 HEP06-07     4     2     3     5 EBP07_CU     2    12    21    12       23  1105   600000
      1     1    23     4        3  CALIB_HE HEP07     7     1    10  5     2     3   1-2     2     4 HEP06-07     4     2     3     5 EBP07_CU     2    12    21    12       23  1105   600000
      1     1    23     4        4  CALIB_HE HEP07     7     1    11  5     2     4   1-2     2     4 HEP06-07     4     2     3     5 EBP07_CU     2    12    21    12       23  1105   600000
      1     1    23     4        5  CALIB_HE HEP07     7     1    12  5     2     5   1-2     2     4 HEP06-07     4     2     3     5 EBP07_CU     2    12    21    12       23  1105   600000
      1     1    27     4        6  CALIB_HE HEP08     8     1     1  5     1     0   1-1     3     4 HEP08-09     1     1     3     5 EBP08_CU     1    12    25    12       11  1107   600000
      1     1    27     4        6  CALIB_HE HEP08     8     1     2  5     1     1   1-1     3     4 HEP08-09     1     1     3     5 EBP08_CU     1    12    25    12       11  1107   600000
      1     1    27     4        6  CALIB_HE HEP08     8     1     3  5     1     2   1-1     3     4 HEP08-09     1     1     3     5 EBP08_CU     1    12    25    12       11  1107   600000
      1     1    27     4        6  CALIB_HE HEP08     8     1     4  5     1     3   1-1     3     4 HEP08-09     1     1     3     5 EBP08_CU     1    12    25    12       11  1107   600000
      1     1    27     4        6  CALIB_HE HEP08     8     1     5  5     1     4   1-1     3     4 HEP08-09     1     1     3     5 EBP08_CU     1    12    25    12       11  1107   600000
      1     1    27     4        6  CALIB_HE HEP08     8     1     6  5     1     5   1-1     3     4 HEP08-09     1     1     3     5 EBP08_CU     1    12    25    12       11  1107   600000
      1     1    27     4        0  CALIB_HE HEP08     8     1     7  5     2     0   1-2     3     4 HEP08-09     2     2     3     5 EBP08_CU     2    12    25    12       23  1107   600000
      1     1    27     4        1  CALIB_HE HEP08     8     1     8  5     2     1   1-2     3     4 HEP08-09     2     2     3     5 EBP08_CU     2    12    25    12       23  1107   600000
      1     1    27     4        2  CALIB_HE HEP08     8     1     9  5     2     2   1-2     3     4 HEP08-09     2     2     3     5 EBP08_CU     2    12    25    12       23  1107   600000
      1     1    27     4        3  CALIB_HE HEP08     8     1    10  5     2     3   1-2     3     4 HEP08-09     2     2     3     5 EBP08_CU     2    12    25    12       23  1107   600000
      1     1    27     4        4  CALIB_HE HEP08     8     1    11  5     2     4   1-2     3     4 HEP08-09     2     2     3     5 EBP08_CU     2    12    25    12       23  1107   600000
      1     1    27     4        5  CALIB_HE HEP08     8     1    12  5     2     5   1-2     3     4 HEP08-09     2     2     3     5 EBP08_CU     2    12    25    12       23  1107   600000
      1     1    31     4        6  CALIB_HE HEP09     9     1     1  5     1     0   1-1     3     4 HEP08-09     3     1     3     5 EBP09_CU     1    12    25    12       11  1107   600000
      1     1    31     4        6  CALIB_HE HEP09     9     1     2  5     1     1   1-1     3     4 HEP08-09     3     1     3     5 EBP09_CU     1    12    25    12       11  1107   600000
      1     1    31     4        6  CALIB_HE HEP09     9     1     3  5     1     2   1-1     3     4 HEP08-09     3     1     3     5 EBP09_CU     1    12    25    12       11  1107   600000
      1     1    31     4        6  CALIB_HE HEP09     9     1     4  5     1     3   1-1     3     4 HEP08-09     3     1     3     5 EBP09_CU     1    12    25    12       11  1107   600000
      1     1    31     4        6  CALIB_HE HEP09     9     1     5  5     1     4   1-1     3     4 HEP08-09     3     1     3     5 EBP09_CU     1    12    25    12       11  1107   600000
      1     1    31     4        6  CALIB_HE HEP09     9     1     6  5     1     5   1-1     3     4 HEP08-09     3     1     3     5 EBP09_CU     1    12    25    12       11  1107   600000
      1     1    31     4        0  CALIB_HE HEP09     9     1     7  5     2     0   1-2     3     4 HEP08-09     4     2     3     5 EBP09_CU     2    12    25    12       23  1107   600000
      1     1    31     4        1  CALIB_HE HEP09     9     1     8  5     2     1   1-2     3     4 HEP08-09     4     2     3     5 EBP09_CU     2    12    25    12       23  1107   600000
      1     1    31     4        2  CALIB_HE HEP09     9     1     9  5     2     2   1-2     3     4 HEP08-09     4     2     3     5 EBP09_CU     2    12    25    12       23  1107   600000
      1     1    31     4        3  CALIB_HE HEP09     9     1    10  5     2     3   1-2     3     4 HEP08-09     4     2     3     5 EBP09_CU     2    12    25    12       23  1107   600000
      1     1    31     4        4  CALIB_HE HEP09     9     1    11  5     2     4   1-2     3     4 HEP08-09     4     2     3     5 EBP09_CU     2    12    25    12       23  1107   600000
      1     1    31     4        5  CALIB_HE HEP09     9     1    12  5     2     5   1-2     3     4 HEP08-09     4     2     3     5 EBP09_CU     2    12    25    12       23  1107   600000
      1     1    35     4        6  CALIB_HE HEP10    10     1     1  5     1     0   2-1     5     4 HEP03-10     3     1     3     5 EBP10_CU     1    12    31    12       11  1109   600000
      1     1    35     4        6  CALIB_HE HEP10    10     1     2  5     1     1   2-1     5     4 HEP03-10     3     1     3     5 EBP10_CU     1    12    31    12       11  1109   600000
      1     1    35     4        6  CALIB_HE HEP10    10     1     3  5     1     2   2-1     5     4 HEP03-10     3     1     3     5 EBP10_CU     1    12    31    12       11  1109   600000
      1     1    35     4        6  CALIB_HE HEP10    10     1     4  5     1     3   2-1     5     4 HEP03-10     3     1     3     5 EBP10_CU     1    12    31    12       11  1109   600000
      1     1    35     4        6  CALIB_HE HEP10    10     1     5  5     1     4   2-1     5     4 HEP03-10     3     1     3     5 EBP10_CU     1    12    31    12       11  1109   600000
      1     1    35     4        6  CALIB_HE HEP10    10     1     6  5     1     5   2-1     5     4 HEP03-10     3     1     3     5 EBP10_CU     1    12    31    12       11  1109   600000
      1     1    35     4        0  CALIB_HE HEP10    10     1     7  5     2     0   2-2     5     4 HEP03-10     4     2     3     5 EBP10_CU     2    12    31    12       23  1109   600000
      1     1    35     4        1  CALIB_HE HEP10    10     1     8  5     2     1   2-2     5     4 HEP03-10     4     2     3     5 EBP10_CU     2    12    31    12       23  1109   600000
      1     1    35     4        2  CALIB_HE HEP10    10     1     9  5     2     2   2-2     5     4 HEP03-10     4     2     3     5 EBP10_CU     2    12    31    12       23  1109   600000
      1     1    35     4        3  CALIB_HE HEP10    10     1    10  5     2     3   2-2     5     4 HEP03-10     4     2     3     5 EBP10_CU     2    12    31    12       23  1109   600000
      1     1    35     4        4  CALIB_HE HEP10    10     1    11  5     2     4   2-2     5     4 HEP03-10     4     2     3     5 EBP10_CU     2    12    31    12       23  1109   600000
      1     1    35     4        5  CALIB_HE HEP10    10     1    12  5     2     5   2-2     5     4 HEP03-10     4     2     3     5 EBP10_CU     2    12    31    12       23  1109   600000
      1     1    39     4        6  CALIB_HE HEP11    11     1     1  5     1     0   2-1     6     4 HEP11-12     1     1     3     5 EBP11_CU     1    12    31    12       11  1109   600000
      1     1    39     4        6  CALIB_HE HEP11    11     1     2  5     1     1   2-1     6     4 HEP11-12     1     1     3     5 EBP11_CU     1    12    31    12       11  1109   600000
      1     1    39     4        6  CALIB_HE HEP11    11     1     3  5     1     2   2-1     6     4 HEP11-12     1     1     3     5 EBP11_CU     1    12    31    12       11  1109   600000
      1     1    39     4        6  CALIB_HE HEP11    11     1     4  5     1     3   2-1     6     4 HEP11-12     1     1     3     5 EBP11_CU     1    12    31    12       11  1109   600000
      1     1    39     4        6  CALIB_HE HEP11    11     1     5  5     1     4   2-1     6     4 HEP11-12     1     1     3     5 EBP11_CU     1    12    31    12       11  1109   600000
      1     1    39     4        6  CALIB_HE HEP11    11     1     6  5     1     5   2-1     6     4 HEP11-12     1     1     3     5 EBP11_CU     1    12    31    12       11  1109   600000
      1     1    39     4        0  CALIB_HE HEP11    11     1     7  5     2     0   2-2     6     4 HEP11-12     2     2     3     5 EBP11_CU     2    12    31    12       23  1109   600000
      1     1    39     4        1  CALIB_HE HEP11    11     1     8  5     2     1   2-2     6     4 HEP11-12     2     2     3     5 EBP11_CU     2    12    31    12       23  1109   600000
      1     1    39     4        2  CALIB_HE HEP11    11     1     9  5     2     2   2-2     6     4 HEP11-12     2     2     3     5 EBP11_CU     2    12    31    12       23  1109   600000
      1     1    39     4        3  CALIB_HE HEP11    11     1    10  5     2     3   2-2     6     4 HEP11-12     2     2     3     5 EBP11_CU     2    12    31    12       23  1109   600000
      1     1    39     4        4  CALIB_HE HEP11    11     1    11  5     2     4   2-2     6     4 HEP11-12     2     2     3     5 EBP11_CU     2    12    31    12       23  1109   600000
      1     1    39     4        5  CALIB_HE HEP11    11     1    12  5     2     5   2-2     6     4 HEP11-12     2     2     3     5 EBP11_CU     2    12    31    12       23  1109   600000
      1     1    43     4        6  CALIB_HE HEP12    12     1     1  5     1     0   2-1     6     4 HEP11-12     3     1     3     5 EBP12_CU     1    12    35    12       11  1111   600000
      1     1    43     4        6  CALIB_HE HEP12    12     1     2  5     1     1   2-1     6     4 HEP11-12     3     1     3     5 EBP12_CU     1    12    35    12       11  1111   600000
      1     1    43     4        6  CALIB_HE HEP12    12     1     3  5     1     2   2-1     6     4 HEP11-12     3     1     3     5 EBP12_CU     1    12    35    12       11  1111   600000
      1     1    43     4        6  CALIB_HE HEP12    12     1     4  5     1     3   2-1     6     4 HEP11-12     3     1     3     5 EBP12_CU     1    12    35    12       11  1111   600000
      1     1    43     4        6  CALIB_HE HEP12    12     1     5  5     1     4   2-1     6     4 HEP11-12     3     1     3     5 EBP12_CU     1    12    35    12       11  1111   600000
      1     1    43     4        6  CALIB_HE HEP12    12     1     6  5     1     5   2-1     6     4 HEP11-12     3     1     3     5 EBP12_CU     1    12    35    12       11  1111   600000
      1     1    43     4        0  CALIB_HE HEP12    12     1     7  5     2     0   2-2     6     4 HEP11-12     4     2     3     5 EBP12_CU     2    12    35    12       23  1111   600000
      1     1    43     4        1  CALIB_HE HEP12    12     1     8  5     2     1   2-2     6     4 HEP11-12     4     2     3     5 EBP12_CU     2    12    35    12       23  1111   600000
      1     1    43     4        2  CALIB_HE HEP12    12     1     9  5     2     2   2-2     6     4 HEP11-12     4     2     3     5 EBP12_CU     2    12    35    12       23  1111   600000
      1     1    43     4        3  CALIB_HE HEP12    12     1    10  5     2     3   2-2     6     4 HEP11-12     4     2     3     5 EBP12_CU     2    12    35    12       23  1111   600000
      1     1    43     4        4  CALIB_HE HEP12    12     1    11  5     2     4   2-2     6     4 HEP11-12     4     2     3     5 EBP12_CU     2    12    35    12       23  1111   600000
      1     1    43     4        5  CALIB_HE HEP12    12     1    12  5     2     5   2-2     6     4 HEP11-12     4     2     3     5 EBP12_CU     2    12    35    12       23  1111   600000
      1     1    47     4        6  CALIB_HE HEP13    13     1     1  5     1     0   3-1     7     4 HEP13-14     1     1     3     5 EBP13_CU     1    12    35    12       11  1111   600000
      1     1    47     4        6  CALIB_HE HEP13    13     1     2  5     1     1   3-1     7     4 HEP13-14     1     1     3     5 EBP13_CU     1    12    35    12       11  1111   600000
      1     1    47     4        6  CALIB_HE HEP13    13     1     3  5     1     2   3-1     7     4 HEP13-14     1     1     3     5 EBP13_CU     1    12    35    12       11  1111   600000
      1     1    47     4        6  CALIB_HE HEP13    13     1     4  5     1     3   3-1     7     4 HEP13-14     1     1     3     5 EBP13_CU     1    12    35    12       11  1111   600000
      1     1    47     4        6  CALIB_HE HEP13    13     1     5  5     1     4   3-1     7     4 HEP13-14     1     1     3     5 EBP13_CU     1    12    35    12       11  1111   600000
      1     1    47     4        6  CALIB_HE HEP13    13     1     6  5     1     5   3-1     7     4 HEP13-14     1     1     3     5 EBP13_CU     1    12    35    12       11  1111   600000
      1     1    47     4        0  CALIB_HE HEP13    13     1     7  5     2     0   3-2     7     4 HEP13-14     2     2     3     5 EBP13_CU     2    12    35    12       23  1111   600000
      1     1    47     4        1  CALIB_HE HEP13    13     1     8  5     2     1   3-2     7     4 HEP13-14     2     2     3     5 EBP13_CU     2    12    35    12       23  1111   600000
      1     1    47     4        2  CALIB_HE HEP13    13     1     9  5     2     2   3-2     7     4 HEP13-14     2     2     3     5 EBP13_CU     2    12    35    12       23  1111   600000
      1     1    47     4        3  CALIB_HE HEP13    13     1    10  5     2     3   3-2     7     4 HEP13-14     2     2     3     5 EBP13_CU     2    12    35    12       23  1111   600000
      1     1    47     4        4  CALIB_HE HEP13    13     1    11  5     2     4   3-2     7     4 HEP13-14     2     2     3     5 EBP13_CU     2    12    35    12       23  1111   600000
      1     1    47     4        5  CALIB_HE HEP13    13     1    12  5     2     5   3-2     7     4 HEP13-14     2     2     3     5 EBP13_CU     2    12    35    12       23  1111   600000
      1     1    51     4        6  CALIB_HE HEP14    14     1     1  5     1     0   3-1     7     4 HEP13-14     3     1     3     5 EBP14_CU     1    12    37    12       11  1113   600000
      1     1    51     4        6  CALIB_HE HEP14    14     1     2  5     1     1   3-1     7     4 HEP13-14     3     1     3     5 EBP14_CU     1    12    37    12       11  1113   600000
      1     1    51     4        6  CALIB_HE HEP14    14     1     3  5     1     2   3-1     7     4 HEP13-14     3     1     3     5 EBP14_CU     1    12    37    12       11  1113   600000
      1     1    51     4        6  CALIB_HE HEP14    14     1     4  5     1     3   3-1     7     4 HEP13-14     3     1     3     5 EBP14_CU     1    12    37    12       11  1113   600000
      1     1    51     4        6  CALIB_HE HEP14    14     1     5  5     1     4   3-1     7     4 HEP13-14     3     1     3     5 EBP14_CU     1    12    37    12       11  1113   600000
      1     1    51     4        6  CALIB_HE HEP14    14     1     6  5     1     5   3-1     7     4 HEP13-14     3     1     3     5 EBP14_CU     1    12    37    12       11  1113   600000
      1     1    51     4        0  CALIB_HE HEP14    14     1     7  5     2     0   3-2     7     4 HEP13-14     4     2     3     5 EBP14_CU     2    12    37    12       23  1113   600000
      1     1    51     4        1  CALIB_HE HEP14    14     1     8  5     2     1   3-2     7     4 HEP13-14     4     2     3     5 EBP14_CU     2    12    37    12       23  1113   600000
      1     1    51     4        2  CALIB_HE HEP14    14     1     9  5     2     2   3-2     7     4 HEP13-14     4     2     3     5 EBP14_CU     2    12    37    12       23  1113   600000
      1     1    51     4        3  CALIB_HE HEP14    14     1    10  5     2     3   3-2     7     4 HEP13-14     4     2     3     5 EBP14_CU     2    12    37    12       23  1113   600000
      1     1    51     4        4  CALIB_HE HEP14    14     1    11  5     2     4   3-2     7     4 HEP13-14     4     2     3     5 EBP14_CU     2    12    37    12       23  1113   600000
      1     1    51     4        5  CALIB_HE HEP14    14     1    12  5     2     5   3-2     7     4 HEP13-14     4     2     3     5 EBP14_CU     2    12    37    12       23  1113   600000
      1     1    55     4        6  CALIB_HE HEP15    15     1     1  5     1     0   3-1     8     4 HEP15-16     1     1     3     5 EBP15_CU     1    12    37    12       11  1113   600000
      1     1    55     4        6  CALIB_HE HEP15    15     1     2  5     1     1   3-1     8     4 HEP15-16     1     1     3     5 EBP15_CU     1    12    37    12       11  1113   600000
      1     1    55     4        6  CALIB_HE HEP15    15     1     3  5     1     2   3-1     8     4 HEP15-16     1     1     3     5 EBP15_CU     1    12    37    12       11  1113   600000
      1     1    55     4        6  CALIB_HE HEP15    15     1     4  5     1     3   3-1     8     4 HEP15-16     1     1     3     5 EBP15_CU     1    12    37    12       11  1113   600000
      1     1    55     4        6  CALIB_HE HEP15    15     1     5  5     1     4   3-1     8     4 HEP15-16     1     1     3     5 EBP15_CU     1    12    37    12       11  1113   600000
      1     1    55     4        6  CALIB_HE HEP15    15     1     6  5     1     5   3-1     8     4 HEP15-16     1     1     3     5 EBP15_CU     1    12    37    12       11  1113   600000
      1     1    55     4        0  CALIB_HE HEP15    15     1     7  5     2     0   3-2     8     4 HEP15-16     2     2     3     5 EBP15_CU     2    12    37    12       23  1113   600000
      1     1    55     4        1  CALIB_HE HEP15    15     1     8  5     2     1   3-2     8     4 HEP15-16     2     2     3     5 EBP15_CU     2    12    37    12       23  1113   600000
      1     1    55     4        2  CALIB_HE HEP15    15     1     9  5     2     2   3-2     8     4 HEP15-16     2     2     3     5 EBP15_CU     2    12    37    12       23  1113   600000
      1     1    55     4        3  CALIB_HE HEP15    15     1    10  5     2     3   3-2     8     4 HEP15-16     2     2     3     5 EBP15_CU     2    12    37    12       23  1113   600000
      1     1    55     4        4  CALIB_HE HEP15    15     1    11  5     2     4   3-2     8     4 HEP15-16     2     2     3     5 EBP15_CU     2    12    37    12       23  1113   600000
      1     1    55     4        5  CALIB_HE HEP15    15     1    12  5     2     5   3-2     8     4 HEP15-16     2     2     3     5 EBP15_CU     2    12    37    12       23  1113   600000
      1     1    59     4        6  CALIB_HE HEP16    16     1     1  5     1     0   3-1     8     4 HEP15-16     3     1     3     5 EBP16_CU     1    12    34    12       11  1115   600000
      1     1    59     4        6  CALIB_HE HEP16    16     1     2  5     1     1   3-1     8     4 HEP15-16     3     1     3     5 EBP16_CU     1    12    34    12       11  1115   600000
      1     1    59     4        6  CALIB_HE HEP16    16     1     3  5     1     2   3-1     8     4 HEP15-16     3     1     3     5 EBP16_CU     1    12    34    12       11  1115   600000
      1     1    59     4        6  CALIB_HE HEP16    16     1     4  5     1     3   3-1     8     4 HEP15-16     3     1     3     5 EBP16_CU     1    12    34    12       11  1115   600000
      1     1    59     4        6  CALIB_HE HEP16    16     1     5  5     1     4   3-1     8     4 HEP15-16     3     1     3     5 EBP16_CU     1    12    34    12       11  1115   600000
      1     1    59     4        6  CALIB_HE HEP16    16     1     6  5     1     5   3-1     8     4 HEP15-16     3     1     3     5 EBP16_CU     1    12    34    12       11  1115   600000
      1     1    59     4        0  CALIB_HE HEP16    16     1     7  5     2     0   3-2     8     4 HEP15-16     4     2     3     5 EBP16_CU     2    12    34    12       23  1115   600000
      1     1    59     4        1  CALIB_HE HEP16    16     1     8  5     2     1   3-2     8     4 HEP15-16     4     2     3     5 EBP16_CU     2    12    34    12       23  1115   600000
      1     1    59     4        2  CALIB_HE HEP16    16     1     9  5     2     2   3-2     8     4 HEP15-16     4     2     3     5 EBP16_CU     2    12    34    12       23  1115   600000
      1     1    59     4        3  CALIB_HE HEP16    16     1    10  5     2     3   3-2     8     4 HEP15-16     4     2     3     5 EBP16_CU     2    12    34    12       23  1115   600000
      1     1    59     4        4  CALIB_HE HEP16    16     1    11  5     2     4   3-2     8     4 HEP15-16     4     2     3     5 EBP16_CU     2    12    34    12       23  1115   600000
      1     1    59     4        5  CALIB_HE HEP16    16     1    12  5     2     5   3-2     8     4 HEP15-16     4     2     3     5 EBP16_CU     2    12    34    12       23  1115   600000
      1     1    63     4        6  CALIB_HE HEP17    17     1     1  5     1     0   3-1     9     4 HEP17-18     1     1     3     5 EBP17_CU     1    12    34    12       11  1115   600000
      1     1    63     4        6  CALIB_HE HEP17    17     1     2  5     1     1   3-1     9     4 HEP17-18     1     1     3     5 EBP17_CU     1    12    34    12       11  1115   600000
      1     1    63     4        6  CALIB_HE HEP17    17     1     3  5     1     2   3-1     9     4 HEP17-18     1     1     3     5 EBP17_CU     1    12    34    12       11  1115   600000
      1     1    63     4        6  CALIB_HE HEP17    17     1     4  5     1     3   3-1     9     4 HEP17-18     1     1     3     5 EBP17_CU     1    12    34    12       11  1115   600000
      1     1    63     4        6  CALIB_HE HEP17    17     1     5  5     1     4   3-1     9     4 HEP17-18     1     1     3     5 EBP17_CU     1    12    34    12       11  1115   600000
      1     1    63     4        6  CALIB_HE HEP17    17     1     6  5     1     5   3-1     9     4 HEP17-18     1     1     3     5 EBP17_CU     1    12    34    12       11  1115   600000
      1     1    63     4        0  CALIB_HE HEP17    17     1     7  5     2     0   3-2     9     4 HEP17-18     2     2     3     5 EBP17_CU     2    12    34    12       23  1115   600000
      1     1    63     4        1  CALIB_HE HEP17    17     1     8  5     2     1   3-2     9     4 HEP17-18     2     2     3     5 EBP17_CU     2    12    34    12       23  1115   600000
      1     1    63     4        2  CALIB_HE HEP17    17     1     9  5     2     2   3-2     9     4 HEP17-18     2     2     3     5 EBP17_CU     2    12    34    12       23  1115   600000
      1     1    63     4        3  CALIB_HE HEP17    17     1    10  5     2     3   3-2     9     4 HEP17-18     2     2     3     5 EBP17_CU     2    12    34    12       23  1115   600000
      1     1    63     4        4  CALIB_HE HEP17    17     1    11  5     2     4   3-2     9     4 HEP17-18     2     2     3     5 EBP17_CU     2    12    34    12       23  1115   600000
      1     1    63     4        5  CALIB_HE HEP17    17     1    12  5     2     5   3-2     9     4 HEP17-18     2     2     3     5 EBP17_CU     2    12    34    12       23  1115   600000
      1     1    67     4        6  CALIB_HE HEP18    18     1     1  5     1     0   3-1     9     4 HEP17-18     3     1     3     5 EBP18_CU     1    12    30    12       11  1117   600000
      1     1    67     4        6  CALIB_HE HEP18    18     1     2  5     1     1   3-1     9     4 HEP17-18     3     1     3     5 EBP18_CU     1    12    30    12       11  1117   600000
      1     1    67     4        6  CALIB_HE HEP18    18     1     3  5     1     2   3-1     9     4 HEP17-18     3     1     3     5 EBP18_CU     1    12    30    12       11  1117   600000
      1     1    67     4        6  CALIB_HE HEP18    18     1     4  5     1     3   3-1     9     4 HEP17-18     3     1     3     5 EBP18_CU     1    12    30    12       11  1117   600000
      1     1    67     4        6  CALIB_HE HEP18    18     1     5  5     1     4   3-1     9     4 HEP17-18     3     1     3     5 EBP18_CU     1    12    30    12       11  1117   600000
      1     1    67     4        6  CALIB_HE HEP18    18     1     6  5     1     5   3-1     9     4 HEP17-18     3     1     3     5 EBP18_CU     1    12    30    12       11  1117   600000
      1     1    67     4        0  CALIB_HE HEP18    18     1     7  5     2     0   3-2     9     4 HEP17-18     4     2     3     5 EBP18_CU     2    12    30    12       23  1117   600000
      1     1    67     4        1  CALIB_HE HEP18    18     1     8  5     2     1   3-2     9     4 HEP17-18     4     2     3     5 EBP18_CU     2    12    30    12       23  1117   600000
      1     1    67     4        2  CALIB_HE HEP18    18     1     9  5     2     2   3-2     9     4 HEP17-18     4     2     3     5 EBP18_CU     2    12    30    12       23  1117   600000
      1     1    67     4        3  CALIB_HE HEP18    18     1    10  5     2     3   3-2     9     4 HEP17-18     4     2     3     5 EBP18_CU     2    12    30    12       23  1117   600000
      1     1    67     4        4  CALIB_HE HEP18    18     1    11  5     2     4   3-2     9     4 HEP17-18     4     2     3     5 EBP18_CU     2    12    30    12       23  1117   600000
      1     1    67     4        5  CALIB_HE HEP18    18     1    12  5     2     5   3-2     9     4 HEP17-18     4     2     3     5 EBP18_CU     2    12    30    12       23  1117   600000
     -1     1    71     4        6  CALIB_HE HEM01     1     1     1  5     1     0   2-1     4     2 HEM01-02     1     5     6     5 EBM01_CU     1    12    30     6       11  1116   600000
     -1     1    71     4        6  CALIB_HE HEM01     1     1     2  5     1     1   2-1     4     2 HEM01-02     1     5     6     5 EBM01_CU     1    12    30     6       11  1116   600000
     -1     1    71     4        6  CALIB_HE HEM01     1     1     3  5     1     2   2-1     4     2 HEM01-02     1     5     6     5 EBM01_CU     1    12    30     6       11  1116   600000
     -1     1    71     4        6  CALIB_HE HEM01     1     1     4  5     1     3   2-1     4     2 HEM01-02     1     5     6     5 EBM01_CU     1    12    30     6       11  1116   600000
     -1     1    71     4        6  CALIB_HE HEM01     1     1     5  5     1     4   2-1     4     2 HEM01-02     1     5     6     5 EBM01_CU     1    12    30     6       11  1116   600000
     -1     1    71     4        6  CALIB_HE HEM01     1     1     6  5     1     5   2-1     4     2 HEM01-02     1     5     6     5 EBM01_CU     1    12    30     6       11  1116   600000
     -1     1    71     4        0  CALIB_HE HEM01     1     1     7  5     2     0   2-2     4     2 HEM01-02     2     6     6     5 EBM01_CU     2    12    30     6       23  1116   600000
     -1     1    71     4        1  CALIB_HE HEM01     1     1     8  5     2     1   2-2     4     2 HEM01-02     2     6     6     5 EBM01_CU     2    12    30     6       23  1116   600000
     -1     1    71     4        2  CALIB_HE HEM01     1     1     9  5     2     2   2-2     4     2 HEM01-02     2     6     6     5 EBM01_CU     2    12    30     6       23  1116   600000
     -1     1    71     4        3  CALIB_HE HEM01     1     1    10  5     2     3   2-2     4     2 HEM01-02     2     6     6     5 EBM01_CU     2    12    30     6       23  1116   600000
     -1     1    71     4        4  CALIB_HE HEM01     1     1    11  5     2     4   2-2     4     2 HEM01-02     2     6     6     5 EBM01_CU     2    12    30     6       23  1116   600000
     -1     1    71     4        5  CALIB_HE HEM01     1     1    12  5     2     5   2-2     4     2 HEM01-02     2     6     6     5 EBM01_CU     2    12    30     6       23  1116   600000
     -1     1     3     4        6  CALIB_HE HEM02     2     1     1  5     1     0   2-1     4     2 HEM01-02     3     5     6     5 EBM02_CU     1    12    24     6       11  1100   600000
     -1     1     3     4        6  CALIB_HE HEM02     2     1     2  5     1     1   2-1     4     2 HEM01-02     3     5     6     5 EBM02_CU     1    12    24     6       11  1100   600000
     -1     1     3     4        6  CALIB_HE HEM02     2     1     3  5     1     2   2-1     4     2 HEM01-02     3     5     6     5 EBM02_CU     1    12    24     6       11  1100   600000
     -1     1     3     4        6  CALIB_HE HEM02     2     1     4  5     1     3   2-1     4     2 HEM01-02     3     5     6     5 EBM02_CU     1    12    24     6       11  1100   600000
     -1     1     3     4        6  CALIB_HE HEM02     2     1     5  5     1     4   2-1     4     2 HEM01-02     3     5     6     5 EBM02_CU     1    12    24     6       11  1100   600000
     -1     1     3     4        6  CALIB_HE HEM02     2     1     6  5     1     5   2-1     4     2 HEM01-02     3     5     6     5 EBM02_CU     1    12    24     6       11  1100   600000
     -1     1     3     4        0  CALIB_HE HEM02     2     1     7  5     2     0   2-2     4     2 HEM01-02     4     6     6     5 EBM02_CU     2    12    24     6       23  1100   600000
     -1     1     3     4        1  CALIB_HE HEM02     2     1     8  5     2     1   2-2     4     2 HEM01-02     4     6     6     5 EBM02_CU     2    12    24     6       23  1100   600000
     -1     1     3     4        2  CALIB_HE HEM02     2     1     9  5     2     2   2-2     4     2 HEM01-02     4     6     6     5 EBM02_CU     2    12    24     6       23  1100   600000
     -1     1     3     4        3  CALIB_HE HEM02     2     1    10  5     2     3   2-2     4     2 HEM01-02     4     6     6     5 EBM02_CU     2    12    24     6       23  1100   600000
     -1     1     3     4        4  CALIB_HE HEM02     2     1    11  5     2     4   2-2     4     2 HEM01-02     4     6     6     5 EBM02_CU     2    12    24     6       23  1100   600000
     -1     1     3     4        5  CALIB_HE HEM02     2     1    12  5     2     5   2-2     4     2 HEM01-02     4     6     6     5 EBM02_CU     2    12    24     6       23  1100   600000
     -1     1     7     4        6  CALIB_HE HEM03     3     1     1  5     1     0   2-1     5     2 HEM03-10     1     5     6     5 EBM03_CU     1    12    24     6       11  1100   600000
     -1     1     7     4        6  CALIB_HE HEM03     3     1     2  5     1     1   2-1     5     2 HEM03-10     1     5     6     5 EBM03_CU     1    12    24     6       11  1100   600000
     -1     1     7     4        6  CALIB_HE HEM03     3     1     3  5     1     2   2-1     5     2 HEM03-10     1     5     6     5 EBM03_CU     1    12    24     6       11  1100   600000
     -1     1     7     4        6  CALIB_HE HEM03     3     1     4  5     1     3   2-1     5     2 HEM03-10     1     5     6     5 EBM03_CU     1    12    24     6       11  1100   600000
     -1     1     7     4        6  CALIB_HE HEM03     3     1     5  5     1     4   2-1     5     2 HEM03-10     1     5     6     5 EBM03_CU     1    12    24     6       11  1100   600000
     -1     1     7     4        6  CALIB_HE HEM03     3     1     6  5     1     5   2-1     5     2 HEM03-10     1     5     6     5 EBM03_CU     1    12    24     6       11  1100   600000
     -1     1     7     4        0  CALIB_HE HEM03     3     1     7  5     2     0   2-2     5     2 HEM03-10     2     6     6     5 EBM03_CU     2    12    24     6       23  1100   600000
     -1     1     7     4        1  CALIB_HE HEM03     3     1     8  5     2     1   2-2     5     2 HEM03-10     2     6     6     5 EBM03_CU     2    12    24     6       23  1100   600000
     -1     1     7     4        2  CALIB_HE HEM03     3     1     9  5     2     2   2-2     5     2 HEM03-10     2     6     6     5 EBM03_CU     2    12    24     6       23  1100   600000
     -1     1     7     4        3  CALIB_HE HEM03     3     1    10  5     2     3   2-2     5     2 HEM03-10     2     6     6     5 EBM03_CU     2    12    24     6       23  1100   600000
     -1     1     7     4        4  CALIB_HE HEM03     3     1    11  5     2     4   2-2     5     2 HEM03-10     2     6     6     5 EBM03_CU     2    12    24     6       23  1100   600000
     -1     1     7     4        5  CALIB_HE HEM03     3     1    12  5     2     5   2-2     5     2 HEM03-10     2     6     6     5 EBM03_CU     2    12    24     6       23  1100   600000
     -1     1    11     4        6  CALIB_HE HEM04     4     1     1  5     1     0   1-1     1     2 HEM04-05     1     5     6     5 EBM04_CU     1    12    20     6       11  1102   600000
     -1     1    11     4        6  CALIB_HE HEM04     4     1     2  5     1     1   1-1     1     2 HEM04-05     1     5     6     5 EBM04_CU     1    12    20     6       11  1102   600000
     -1     1    11     4        6  CALIB_HE HEM04     4     1     3  5     1     2   1-1     1     2 HEM04-05     1     5     6     5 EBM04_CU     1    12    20     6       11  1102   600000
     -1     1    11     4        6  CALIB_HE HEM04     4     1     4  5     1     3   1-1     1     2 HEM04-05     1     5     6     5 EBM04_CU     1    12    20     6       11  1102   600000
     -1     1    11     4        6  CALIB_HE HEM04     4     1     5  5     1     4   1-1     1     2 HEM04-05     1     5     6     5 EBM04_CU     1    12    20     6       11  1102   600000
     -1     1    11     4        6  CALIB_HE HEM04     4     1     6  5     1     5   1-1     1     2 HEM04-05     1     5     6     5 EBM04_CU     1    12    20     6       11  1102   600000
     -1     1    11     4        0  CALIB_HE HEM04     4     1     7  5     2     0   1-2     1     2 HEM04-05     2     6     6     5 EBM04_CU     2    12    20     6       23  1102   600000
     -1     1    11     4        1  CALIB_HE HEM04     4     1     8  5     2     1   1-2     1     2 HEM04-05     2     6     6     5 EBM04_CU     2    12    20     6       23  1102   600000
     -1     1    11     4        2  CALIB_HE HEM04     4     1     9  5     2     2   1-2     1     2 HEM04-05     2     6     6     5 EBM04_CU     2    12    20     6       23  1102   600000
     -1     1    11     4        3  CALIB_HE HEM04     4     1    10  5     2     3   1-2     1     2 HEM04-05     2     6     6     5 EBM04_CU     2    12    20     6       23  1102   600000
     -1     1    11     4        4  CALIB_HE HEM04     4     1    11  5     2     4   1-2     1     2 HEM04-05     2     6     6     5 EBM04_CU     2    12    20     6       23  1102   600000
     -1     1    11     4        5  CALIB_HE HEM04     4     1    12  5     2     5   1-2     1     2 HEM04-05     2     6     6     5 EBM04_CU     2    12    20     6       23  1102   600000
     -1     1    15     4        6  CALIB_HE HEM05     5     1     1  5     1     0   1-1     1     2 HEM04-05     3     5     6     5 EBM05_CU     1    12    20     6       11  1102   600000
     -1     1    15     4        6  CALIB_HE HEM05     5     1     2  5     1     1   1-1     1     2 HEM04-05     3     5     6     5 EBM05_CU     1    12    20     6       11  1102   600000
     -1     1    15     4        6  CALIB_HE HEM05     5     1     3  5     1     2   1-1     1     2 HEM04-05     3     5     6     5 EBM05_CU     1    12    20     6       11  1102   600000
     -1     1    15     4        6  CALIB_HE HEM05     5     1     4  5     1     3   1-1     1     2 HEM04-05     3     5     6     5 EBM05_CU     1    12    20     6       11  1102   600000
     -1     1    15     4        6  CALIB_HE HEM05     5     1     5  5     1     4   1-1     1     2 HEM04-05     3     5     6     5 EBM05_CU     1    12    20     6       11  1102   600000
     -1     1    15     4        6  CALIB_HE HEM05     5     1     6  5     1     5   1-1     1     2 HEM04-05     3     5     6     5 EBM05_CU     1    12    20     6       11  1102   600000
     -1     1    15     4        0  CALIB_HE HEM05     5     1     7  5     2     0   1-2     1     2 HEM04-05     4     6     6     5 EBM05_CU     2    12    20     6       23  1102   600000
     -1     1    15     4        1  CALIB_HE HEM05     5     1     8  5     2     1   1-2     1     2 HEM04-05     4     6     6     5 EBM05_CU     2    12    20     6       23  1102   600000
     -1     1    15     4        2  CALIB_HE HEM05     5     1     9  5     2     2   1-2     1     2 HEM04-05     4     6     6     5 EBM05_CU     2    12    20     6       23  1102   600000
     -1     1    15     4        3  CALIB_HE HEM05     5     1    10  5     2     3   1-2     1     2 HEM04-05     4     6     6     5 EBM05_CU     2    12    20     6       23  1102   600000
     -1     1    15     4        4  CALIB_HE HEM05     5     1    11  5     2     4   1-2     1     2 HEM04-05     4     6     6     5 EBM05_CU     2    12    20     6       23  1102   600000
     -1     1    15     4        5  CALIB_HE HEM05     5     1    12  5     2     5   1-2     1     2 HEM04-05     4     6     6     5 EBM05_CU     2    12    20     6       23  1102   600000
     -1     1    19     4        6  CALIB_HE HEM06     6     1     1  5     1     0   1-1     2     2 HEM06-07     1     5     6     5 EBM06_CU     1    12    21     6       11  1104   600000
     -1     1    19     4        6  CALIB_HE HEM06     6     1     2  5     1     1   1-1     2     2 HEM06-07     1     5     6     5 EBM06_CU     1    12    21     6       11  1104   600000
     -1     1    19     4        6  CALIB_HE HEM06     6     1     3  5     1     2   1-1     2     2 HEM06-07     1     5     6     5 EBM06_CU     1    12    21     6       11  1104   600000
     -1     1    19     4        6  CALIB_HE HEM06     6     1     4  5     1     3   1-1     2     2 HEM06-07     1     5     6     5 EBM06_CU     1    12    21     6       11  1104   600000
     -1     1    19     4        6  CALIB_HE HEM06     6     1     5  5     1     4   1-1     2     2 HEM06-07     1     5     6     5 EBM06_CU     1    12    21     6       11  1104   600000
     -1     1    19     4        6  CALIB_HE HEM06     6     1     6  5     1     5   1-1     2     2 HEM06-07     1     5     6     5 EBM06_CU     1    12    21     6       11  1104   600000
     -1     1    19     4        0  CALIB_HE HEM06     6     1     7  5     2     0   1-2     2     2 HEM06-07     2     6     6     5 EBM06_CU     2    12    21     6       23  1104   600000
     -1     1    19     4        1  CALIB_HE HEM06     6     1     8  5     2     1   1-2     2     2 HEM06-07     2     6     6     5 EBM06_CU     2    12    21     6       23  1104   600000
     -1     1    19     4        2  CALIB_HE HEM06     6     1     9  5     2     2   1-2     2     2 HEM06-07     2     6     6     5 EBM06_CU     2    12    21     6       23  1104   600000
     -1     1    19     4        3  CALIB_HE HEM06     6     1    10  5     2     3   1-2     2     2 HEM06-07     2     6     6     5 EBM06_CU     2    12    21     6       23  1104   600000
     -1     1    19     4        4  CALIB_HE HEM06     6     1    11  5     2     4   1-2     2     2 HEM06-07     2     6     6     5 EBM06_CU     2    12    21     6       23  1104   600000
     -1     1    19     4        5  CALIB_HE HEM06     6     1    12  5     2     5   1-2     2     2 HEM06-07     2     6     6     5 EBM06_CU     2    12    21     6       23  1104   600000
     -1     1    23     4        6  CALIB_HE HEM07     7     1     1  5     1     0   1-1     2     2 HEM06-07     3     5     6     5 EBM07_CU     1    12    21     6       11  1104   600000
     -1     1    23     4        6  CALIB_HE HEM07     7     1     2  5     1     1   1-1     2     2 HEM06-07     3     5     6     5 EBM07_CU     1    12    21     6       11  1104   600000
     -1     1    23     4        6  CALIB_HE HEM07     7     1     3  5     1     2   1-1     2     2 HEM06-07     3     5     6     5 EBM07_CU     1    12    21     6       11  1104   600000
     -1     1    23     4        6  CALIB_HE HEM07     7     1     4  5     1     3   1-1     2     2 HEM06-07     3     5     6     5 EBM07_CU     1    12    21     6       11  1104   600000
     -1     1    23     4        6  CALIB_HE HEM07     7     1     5  5     1     4   1-1     2     2 HEM06-07     3     5     6     5 EBM07_CU     1    12    21     6       11  1104   600000
     -1     1    23     4        6  CALIB_HE HEM07     7     1     6  5     1     5   1-1     2     2 HEM06-07     3     5     6     5 EBM07_CU     1    12    21     6       11  1104   600000
     -1     1    23     4        0  CALIB_HE HEM07     7     1     7  5     2     0   1-2     2     2 HEM06-07     4     6     6     5 EBM07_CU     2    12    21     6       23  1104   600000
     -1     1    23     4        1  CALIB_HE HEM07     7     1     8  5     2     1   1-2     2     2 HEM06-07     4     6     6     5 EBM07_CU     2    12    21     6       23  1104   600000
     -1     1    23     4        2  CALIB_HE HEM07     7     1     9  5     2     2   1-2     2     2 HEM06-07     4     6     6     5 EBM07_CU     2    12    21     6       23  1104   600000
     -1     1    23     4        3  CALIB_HE HEM07     7     1    10  5     2     3   1-2     2     2 HEM06-07     4     6     6     5 EBM07_CU     2    12    21     6       23  1104   600000
     -1     1    23     4        4  CALIB_HE HEM07     7     1    11  5     2     4   1-2     2     2 HEM06-07     4     6     6     5 EBM07_CU     2    12    21     6       23  1104   600000
     -1     1    23     4        5  CALIB_HE HEM07     7     1    12  5     2     5   1-2     2     2 HEM06-07     4     6     6     5 EBM07_CU     2    12    21     6       23  1104   600000
     -1     1    27     4        6  CALIB_HE HEM08     8     1     1  5     1     0   1-1     3     2 HEM08-09     1     5     6     5 EBM08_CU     1    12    25     6       11  1106   600000
     -1     1    27     4        6  CALIB_HE HEM08     8     1     2  5     1     1   1-1     3     2 HEM08-09     1     5     6     5 EBM08_CU     1    12    25     6       11  1106   600000
     -1     1    27     4        6  CALIB_HE HEM08     8     1     3  5     1     2   1-1     3     2 HEM08-09     1     5     6     5 EBM08_CU     1    12    25     6       11  1106   600000
     -1     1    27     4        6  CALIB_HE HEM08     8     1     4  5     1     3   1-1     3     2 HEM08-09     1     5     6     5 EBM08_CU     1    12    25     6       11  1106   600000
     -1     1    27     4        6  CALIB_HE HEM08     8     1     5  5     1     4   1-1     3     2 HEM08-09     1     5     6     5 EBM08_CU     1    12    25     6       11  1106   600000
     -1     1    27     4        6  CALIB_HE HEM08     8     1     6  5     1     5   1-1     3     2 HEM08-09     1     5     6     5 EBM08_CU     1    12    25     6       11  1106   600000
     -1     1    27     4        0  CALIB_HE HEM08     8     1     7  5     2     0   1-2     3     2 HEM08-09     2     6     6     5 EBM08_CU     2    12    25     6       23  1106   600000
     -1     1    27     4        1  CALIB_HE HEM08     8     1     8  5     2     1   1-2     3     2 HEM08-09     2     6     6     5 EBM08_CU     2    12    25     6       23  1106   600000
     -1     1    27     4        2  CALIB_HE HEM08     8     1     9  5     2     2   1-2     3     2 HEM08-09     2     6     6     5 EBM08_CU     2    12    25     6       23  1106   600000
     -1     1    27     4        3  CALIB_HE HEM08     8     1    10  5     2     3   1-2     3     2 HEM08-09     2     6     6     5 EBM08_CU     2    12    25     6       23  1106   600000
     -1     1    27     4        4  CALIB_HE HEM08     8     1    11  5     2     4   1-2     3     2 HEM08-09     2     6     6     5 EBM08_CU     2    12    25     6       23  1106   600000
     -1     1    27     4        5  CALIB_HE HEM08     8     1    12  5     2     5   1-2     3     2 HEM08-09     2     6     6     5 EBM08_CU     2    12    25     6       23  1106   600000
     -1     1    31     4        6  CALIB_HE HEM09     9     1     1  5     1     0   1-1     3     2 HEM08-09     3     5     6     5 EBM09_CU     1    12    25     6       11  1106   600000
     -1     1    31     4        6  CALIB_HE HEM09     9     1     2  5     1     1   1-1     3     2 HEM08-09     3     5     6     5 EBM09_CU     1    12    25     6       11  1106   600000
     -1     1    31     4        6  CALIB_HE HEM09     9     1     3  5     1     2   1-1     3     2 HEM08-09     3     5     6     5 EBM09_CU     1    12    25     6       11  1106   600000
     -1     1    31     4        6  CALIB_HE HEM09     9     1     4  5     1     3   1-1     3     2 HEM08-09     3     5     6     5 EBM09_CU     1    12    25     6       11  1106   600000
     -1     1    31     4        6  CALIB_HE HEM09     9     1     5  5     1     4   1-1     3     2 HEM08-09     3     5     6     5 EBM09_CU     1    12    25     6       11  1106   600000
     -1     1    31     4        6  CALIB_HE HEM09     9     1     6  5     1     5   1-1     3     2 HEM08-09     3     5     6     5 EBM09_CU     1    12    25     6       11  1106   600000
     -1     1    31     4        0  CALIB_HE HEM09     9     1     7  5     2     0   1-2     3     2 HEM08-09     4     6     6     5 EBM09_CU     2    12    25     6       23  1106   600000
     -1     1    31     4        1  CALIB_HE HEM09     9     1     8  5     2     1   1-2     3     2 HEM08-09     4     6     6     5 EBM09_CU     2    12    25     6       23  1106   600000
     -1     1    31     4        2  CALIB_HE HEM09     9     1     9  5     2     2   1-2     3     2 HEM08-09     4     6     6     5 EBM09_CU     2    12    25     6       23  1106   600000
     -1     1    31     4        3  CALIB_HE HEM09     9     1    10  5     2     3   1-2     3     2 HEM08-09     4     6     6     5 EBM09_CU     2    12    25     6       23  1106   600000
     -1     1    31     4        4  CALIB_HE HEM09     9     1    11  5     2     4   1-2     3     2 HEM08-09     4     6     6     5 EBM09_CU     2    12    25     6       23  1106   600000
     -1     1    31     4        5  CALIB_HE HEM09     9     1    12  5     2     5   1-2     3     2 HEM08-09     4     6     6     5 EBM09_CU     2    12    25     6       23  1106   600000
     -1     1    35     4        6  CALIB_HE HEM10    10     1     1  5     1     0   2-1     5     2 HEM03-10     3     5     6     5 EBM10_CU     1    12    31     6       11  1108   600000
     -1     1    35     4        6  CALIB_HE HEM10    10     1     2  5     1     1   2-1     5     2 HEM03-10     3     5     6     5 EBM10_CU     1    12    31     6       11  1108   600000
     -1     1    35     4        6  CALIB_HE HEM10    10     1     3  5     1     2   2-1     5     2 HEM03-10     3     5     6     5 EBM10_CU     1    12    31     6       11  1108   600000
     -1     1    35     4        6  CALIB_HE HEM10    10     1     4  5     1     3   2-1     5     2 HEM03-10     3     5     6     5 EBM10_CU     1    12    31     6       11  1108   600000
     -1     1    35     4        6  CALIB_HE HEM10    10     1     5  5     1     4   2-1     5     2 HEM03-10     3     5     6     5 EBM10_CU     1    12    31     6       11  1108   600000
     -1     1    35     4        6  CALIB_HE HEM10    10     1     6  5     1     5   2-1     5     2 HEM03-10     3     5     6     5 EBM10_CU     1    12    31     6       11  1108   600000
     -1     1    35     4        0  CALIB_HE HEM10    10     1     7  5     2     0   2-2     5     2 HEM03-10     4     6     6     5 EBM10_CU     2    12    31     6       23  1108   600000
     -1     1    35     4        1  CALIB_HE HEM10    10     1     8  5     2     1   2-2     5     2 HEM03-10     4     6     6     5 EBM10_CU     2    12    31     6       23  1108   600000
     -1     1    35     4        2  CALIB_HE HEM10    10     1     9  5     2     2   2-2     5     2 HEM03-10     4     6     6     5 EBM10_CU     2    12    31     6       23  1108   600000
     -1     1    35     4        3  CALIB_HE HEM10    10     1    10  5     2     3   2-2     5     2 HEM03-10     4     6     6     5 EBM10_CU     2    12    31     6       23  1108   600000
     -1     1    35     4        4  CALIB_HE HEM10    10     1    11  5     2     4   2-2     5     2 HEM03-10     4     6     6     5 EBM10_CU     2    12    31     6       23  1108   600000
     -1     1    35     4        5  CALIB_HE HEM10    10     1    12  5     2     5   2-2     5     2 HEM03-10     4     6     6     5 EBM10_CU     2    12    31     6       23  1108   600000
     -1     1    39     4        6  CALIB_HE HEM11    11     1     1  5     1     0   2-1     6     2 HEM11-12     1     5     6     5 EBM11_CU     1    12    31     6       11  1108   600000
     -1     1    39     4        6  CALIB_HE HEM11    11     1     2  5     1     1   2-1     6     2 HEM11-12     1     5     6     5 EBM11_CU     1    12    31     6       11  1108   600000
     -1     1    39     4        6  CALIB_HE HEM11    11     1     3  5     1     2   2-1     6     2 HEM11-12     1     5     6     5 EBM11_CU     1    12    31     6       11  1108   600000
     -1     1    39     4        6  CALIB_HE HEM11    11     1     4  5     1     3   2-1     6     2 HEM11-12     1     5     6     5 EBM11_CU     1    12    31     6       11  1108   600000
     -1     1    39     4        6  CALIB_HE HEM11    11     1     5  5     1     4   2-1     6     2 HEM11-12     1     5     6     5 EBM11_CU     1    12    31     6       11  1108   600000
     -1     1    39     4        6  CALIB_HE HEM11    11     1     6  5     1     5   2-1     6     2 HEM11-12     1     5     6     5 EBM11_CU     1    12    31     6       11  1108   600000
     -1     1    39     4        0  CALIB_HE HEM11    11     1     7  5     2     0   2-2     6     2 HEM11-12     2     6     6     5 EBM11_CU     2    12    31     6       23  1108   600000
     -1     1    39     4        1  CALIB_HE HEM11    11     1     8  5     2     1   2-2     6     2 HEM11-12     2     6     6     5 EBM11_CU     2    12    31     6       23  1108   600000
     -1     1    39     4        2  CALIB_HE HEM11    11     1     9  5     2     2   2-2     6     2 HEM11-12     2     6     6     5 EBM11_CU     2    12    31     6       23  1108   600000
     -1     1    39     4        3  CALIB_HE HEM11    11     1    10  5     2     3   2-2     6     2 HEM11-12     2     6     6     5 EBM11_CU     2    12    31     6       23  1108   600000
     -1     1    39     4        4  CALIB_HE HEM11    11     1    11  5     2     4   2-2     6     2 HEM11-12     2     6     6     5 EBM11_CU     2    12    31     6       23  1108   600000
     -1     1    39     4        5  CALIB_HE HEM11    11     1    12  5     2     5   2-2     6     2 HEM11-12     2     6     6     5 EBM11_CU     2    12    31     6       23  1108   600000
     -1     1    43     4        6  CALIB_HE HEM12    12     1     1  5     1     0   2-1     6     2 HEM11-12     3     5     6     5 EBM12_CU     1    12    35     6       11  1110   600000
     -1     1    43     4        6  CALIB_HE HEM12    12     1     2  5     1     1   2-1     6     2 HEM11-12     3     5     6     5 EBM12_CU     1    12    35     6       11  1110   600000
     -1     1    43     4        6  CALIB_HE HEM12    12     1     3  5     1     2   2-1     6     2 HEM11-12     3     5     6     5 EBM12_CU     1    12    35     6       11  1110   600000
     -1     1    43     4        6  CALIB_HE HEM12    12     1     4  5     1     3   2-1     6     2 HEM11-12     3     5     6     5 EBM12_CU     1    12    35     6       11  1110   600000
     -1     1    43     4        6  CALIB_HE HEM12    12     1     5  5     1     4   2-1     6     2 HEM11-12     3     5     6     5 EBM12_CU     1    12    35     6       11  1110   600000
     -1     1    43     4        6  CALIB_HE HEM12    12     1     6  5     1     5   2-1     6     2 HEM11-12     3     5     6     5 EBM12_CU     1    12    35     6       11  1110   600000
     -1     1    43     4        0  CALIB_HE HEM12    12     1     7  5     2     0   2-2     6     2 HEM11-12     4     6     6     5 EBM12_CU     2    12    35     6       23  1110   600000
     -1     1    43     4        1  CALIB_HE HEM12    12     1     8  5     2     1   2-2     6     2 HEM11-12     4     6     6     5 EBM12_CU     2    12    35     6       23  1110   600000
     -1     1    43     4        2  CALIB_HE HEM12    12     1     9  5     2     2   2-2     6     2 HEM11-12     4     6     6     5 EBM12_CU     2    12    35     6       23  1110   600000
     -1     1    43     4        3  CALIB_HE HEM12    12     1    10  5     2     3   2-2     6     2 HEM11-12     4     6     6     5 EBM12_CU     2    12    35     6       23  1110   600000
     -1     1    43     4        4  CALIB_HE HEM12    12     1    11  5     2     4   2-2     6     2 HEM11-12     4     6     6     5 EBM12_CU     2    12    35     6       23  1110   600000
     -1     1    43     4        5  CALIB_HE HEM12    12     1    12  5     2     5   2-2     6     2 HEM11-12     4     6     6     5 EBM12_CU     2    12    35     6       23  1110   600000
     -1     1    47     4        6  CALIB_HE HEM13    13     1     1  5     1     0   3-1     7     2 HEM13-14     1     5     6     5 EBM13_CU     1    12    35     6       11  1110   600000
     -1     1    47     4        6  CALIB_HE HEM13    13     1     2  5     1     1   3-1     7     2 HEM13-14     1     5     6     5 EBM13_CU     1    12    35     6       11  1110   600000
     -1     1    47     4        6  CALIB_HE HEM13    13     1     3  5     1     2   3-1     7     2 HEM13-14     1     5     6     5 EBM13_CU     1    12    35     6       11  1110   600000
     -1     1    47     4        6  CALIB_HE HEM13    13     1     4  5     1     3   3-1     7     2 HEM13-14     1     5     6     5 EBM13_CU     1    12    35     6       11  1110   600000
     -1     1    47     4        6  CALIB_HE HEM13    13     1     5  5     1     4   3-1     7     2 HEM13-14     1     5     6     5 EBM13_CU     1    12    35     6       11  1110   600000
     -1     1    47     4        6  CALIB_HE HEM13    13     1     6  5     1     5   3-1     7     2 HEM13-14     1     5     6     5 EBM13_CU     1    12    35     6       11  1110   600000
     -1     1    47     4        0  CALIB_HE HEM13    13     1     7  5     2     0   3-2     7     2 HEM13-14     2     6     6     5 EBM13_CU     2    12    35     6       23  1110   600000
     -1     1    47     4        1  CALIB_HE HEM13    13     1     8  5     2     1   3-2     7     2 HEM13-14     2     6     6     5 EBM13_CU     2    12    35     6       23  1110   600000
     -1     1    47     4        2  CALIB_HE HEM13    13     1     9  5     2     2   3-2     7     2 HEM13-14     2     6     6     5 EBM13_CU     2    12    35     6       23  1110   600000
     -1     1    47     4        3  CALIB_HE HEM13    13     1    10  5     2     3   3-2     7     2 HEM13-14     2     6     6     5 EBM13_CU     2    12    35     6       23  1110   600000
     -1     1    47     4        4  CALIB_HE HEM13    13     1    11  5     2     4   3-2     7     2 HEM13-14     2     6     6     5 EBM13_CU     2    12    35     6       23  1110   600000
     -1     1    47     4        5  CALIB_HE HEM13    13     1    12  5     2     5   3-2     7     2 HEM13-14     2     6     6     5 EBM13_CU     2    12    35     6       23  1110   600000
     -1     1    51     4        6  CALIB_HE HEM14    14     1     1  5     1     0   3-1     7     2 HEM13-14     3     5     6     5 EBM14_CU     1    12    37     6       11  1112   600000
     -1     1    51     4        6  CALIB_HE HEM14    14     1     2  5     1     1   3-1     7     2 HEM13-14     3     5     6     5 EBM14_CU     1    12    37     6       11  1112   600000
     -1     1    51     4        6  CALIB_HE HEM14    14     1     3  5     1     2   3-1     7     2 HEM13-14     3     5     6     5 EBM14_CU     1    12    37     6       11  1112   600000
     -1     1    51     4        6  CALIB_HE HEM14    14     1     4  5     1     3   3-1     7     2 HEM13-14     3     5     6     5 EBM14_CU     1    12    37     6       11  1112   600000
     -1     1    51     4        6  CALIB_HE HEM14    14     1     5  5     1     4   3-1     7     2 HEM13-14     3     5     6     5 EBM14_CU     1    12    37     6       11  1112   600000
     -1     1    51     4        6  CALIB_HE HEM14    14     1     6  5     1     5   3-1     7     2 HEM13-14     3     5     6     5 EBM14_CU     1    12    37     6       11  1112   600000
     -1     1    51     4        0  CALIB_HE HEM14    14     1     7  5     2     0   3-2     7     2 HEM13-14     4     6     6     5 EBM14_CU     2    12    37     6       23  1112   600000
     -1     1    51     4        1  CALIB_HE HEM14    14     1     8  5     2     1   3-2     7     2 HEM13-14     4     6     6     5 EBM14_CU     2    12    37     6       23  1112   600000
     -1     1    51     4        2  CALIB_HE HEM14    14     1     9  5     2     2   3-2     7     2 HEM13-14     4     6     6     5 EBM14_CU     2    12    37     6       23  1112   600000
     -1     1    51     4        3  CALIB_HE HEM14    14     1    10  5     2     3   3-2     7     2 HEM13-14     4     6     6     5 EBM14_CU     2    12    37     6       23  1112   600000
     -1     1    51     4        4  CALIB_HE HEM14    14     1    11  5     2     4   3-2     7     2 HEM13-14     4     6     6     5 EBM14_CU     2    12    37     6       23  1112   600000
     -1     1    51     4        5  CALIB_HE HEM14    14     1    12  5     2     5   3-2     7     2 HEM13-14     4     6     6     5 EBM14_CU     2    12    37     6       23  1112   600000
     -1     1    55     4        6  CALIB_HE HEM15    15     1     1  5     1     0   3-1     8     2 HEM15-16     1     5     6     5 EBM15_CU     1    12    37     6       11  1112   600000
     -1     1    55     4        6  CALIB_HE HEM15    15     1     2  5     1     1   3-1     8     2 HEM15-16     1     5     6     5 EBM15_CU     1    12    37     6       11  1112   600000
     -1     1    55     4        6  CALIB_HE HEM15    15     1     3  5     1     2   3-1     8     2 HEM15-16     1     5     6     5 EBM15_CU     1    12    37     6       11  1112   600000
     -1     1    55     4        6  CALIB_HE HEM15    15     1     4  5     1     3   3-1     8     2 HEM15-16     1     5     6     5 EBM15_CU     1    12    37     6       11  1112   600000
     -1     1    55     4        6  CALIB_HE HEM15    15     1     5  5     1     4   3-1     8     2 HEM15-16     1     5     6     5 EBM15_CU     1    12    37     6       11  1112   600000
     -1     1    55     4        6  CALIB_HE HEM15    15     1     6  5     1     5   3-1     8     2 HEM15-16     1     5     6     5 EBM15_CU     1    12    37     6       11  1112   600000
     -1     1    55     4        0  CALIB_HE HEM15    15     1     7  5     2     0   3-2     8     2 HEM15-16     2     6     6     5 EBM15_CU     2    12    37     6       23  1112   600000
     -1     1    55     4        1  CALIB_HE HEM15    15     1     8  5     2     1   3-2     8     2 HEM15-16     2     6     6     5 EBM15_CU     2    12    37     6       23  1112   600000
     -1     1    55     4        2  CALIB_HE HEM15    15     1     9  5     2     2   3-2     8     2 HEM15-16     2     6     6     5 EBM15_CU     2    12    37     6       23  1112   600000
     -1     1    55     4        3  CALIB_HE HEM15    15     1    10  5     2     3   3-2     8     2 HEM15-16     2     6     6     5 EBM15_CU     2    12    37     6       23  1112   600000
     -1     1    55     4        4  CALIB_HE HEM15    15     1    11  5     2     4   3-2     8     2 HEM15-16     2     6     6     5 EBM15_CU     2    12    37     6       23  1112   600000
     -1     1    55     4        5  CALIB_HE HEM15    15     1    12  5     2     5   3-2     8     2 HEM15-16     2     6     6     5 EBM15_CU     2    12    37     6       23  1112   600000
     -1     1    59     4        6  CALIB_HE HEM16    16     1     1  5     1     0   3-1     8     2 HEM15-16     3     5     6     5 EBM16_CU     1    12    34     6       11  1114   600000
     -1     1    59     4        6  CALIB_HE HEM16    16     1     2  5     1     1   3-1     8     2 HEM15-16     3     5     6     5 EBM16_CU     1    12    34     6       11  1114   600000
     -1     1    59     4        6  CALIB_HE HEM16    16     1     3  5     1     2   3-1     8     2 HEM15-16     3     5     6     5 EBM16_CU     1    12    34     6       11  1114   600000
     -1     1    59     4        6  CALIB_HE HEM16    16     1     4  5     1     3   3-1     8     2 HEM15-16     3     5     6     5 EBM16_CU     1    12    34     6       11  1114   600000
     -1     1    59     4        6  CALIB_HE HEM16    16     1     5  5     1     4   3-1     8     2 HEM15-16     3     5     6     5 EBM16_CU     1    12    34     6       11  1114   600000
     -1     1    59     4        6  CALIB_HE HEM16    16     1     6  5     1     5   3-1     8     2 HEM15-16     3     5     6     5 EBM16_CU     1    12    34     6       11  1114   600000
     -1     1    59     4        0  CALIB_HE HEM16    16     1     7  5     2     0   3-2     8     2 HEM15-16     4     6     6     5 EBM16_CU     2    12    34     6       23  1114   600000
     -1     1    59     4        1  CALIB_HE HEM16    16     1     8  5     2     1   3-2     8     2 HEM15-16     4     6     6     5 EBM16_CU     2    12    34     6       23  1114   600000
     -1     1    59     4        2  CALIB_HE HEM16    16     1     9  5     2     2   3-2     8     2 HEM15-16     4     6     6     5 EBM16_CU     2    12    34     6       23  1114   600000
     -1     1    59     4        3  CALIB_HE HEM16    16     1    10  5     2     3   3-2     8     2 HEM15-16     4     6     6     5 EBM16_CU     2    12    34     6       23  1114   600000
     -1     1    59     4        4  CALIB_HE HEM16    16     1    11  5     2     4   3-2     8     2 HEM15-16     4     6     6     5 EBM16_CU     2    12    34     6       23  1114   600000
     -1     1    59     4        5  CALIB_HE HEM16    16     1    12  5     2     5   3-2     8     2 HEM15-16     4     6     6     5 EBM16_CU     2    12    34     6       23  1114   600000
     -1     1    63     4        6  CALIB_HE HEM17    17     1     1  5     1     0   3-1     9     2 HEM17-18     1     5     6     5 EBM17_CU     1    12    34     6       11  1114   600000
     -1     1    63     4        6  CALIB_HE HEM17    17     1     2  5     1     1   3-1     9     2 HEM17-18     1     5     6     5 EBM17_CU     1    12    34     6       11  1114   600000
     -1     1    63     4        6  CALIB_HE HEM17    17     1     3  5     1     2   3-1     9     2 HEM17-18     1     5     6     5 EBM17_CU     1    12    34     6       11  1114   600000
     -1     1    63     4        6  CALIB_HE HEM17    17     1     4  5     1     3   3-1     9     2 HEM17-18     1     5     6     5 EBM17_CU     1    12    34     6       11  1114   600000
     -1     1    63     4        6  CALIB_HE HEM17    17     1     5  5     1     4   3-1     9     2 HEM17-18     1     5     6     5 EBM17_CU     1    12    34     6       11  1114   600000
     -1     1    63     4        6  CALIB_HE HEM17    17     1     6  5     1     5   3-1     9     2 HEM17-18     1     5     6     5 EBM17_CU     1    12    34     6       11  1114   600000
     -1     1    63     4        0  CALIB_HE HEM17    17     1     7  5     2     0   3-2     9     2 HEM17-18     2     6     6     5 EBM17_CU     2    12    34     6       23  1114   600000
     -1     1    63     4        1  CALIB_HE HEM17    17     1     8  5     2     1   3-2     9     2 HEM17-18     2     6     6     5 EBM17_CU     2    12    34     6       23  1114   600000
     -1     1    63     4        2  CALIB_HE HEM17    17     1     9  5     2     2   3-2     9     2 HEM17-18     2     6     6     5 EBM17_CU     2    12    34     6       23  1114   600000
     -1     1    63     4        3  CALIB_HE HEM17    17     1    10  5     2     3   3-2     9     2 HEM17-18     2     6     6     5 EBM17_CU     2    12    34     6       23  1114   600000
     -1     1    63     4        4  CALIB_HE HEM17    17     1    11  5     2     4   3-2     9     2 HEM17-18     2     6     6     5 EBM17_CU     2    12    34     6       23  1114   600000
     -1     1    63     4        5  CALIB_HE HEM17    17     1    12  5     2     5   3-2     9     2 HEM17-18     2     6     6     5 EBM17_CU     2    12    34     6       23  1114   600000
     -1     1    67     4        6  CALIB_HE HEM18    18     1     1  5     1     0   3-1     9     2 HEM17-18     3     5     6     5 EBM18_CU     1    12    30     6       11  1116   600000
     -1     1    67     4        6  CALIB_HE HEM18    18     1     2  5     1     1   3-1     9     2 HEM17-18     3     5     6     5 EBM18_CU     1    12    30     6       11  1116   600000
     -1     1    67     4        6  CALIB_HE HEM18    18     1     3  5     1     2   3-1     9     2 HEM17-18     3     5     6     5 EBM18_CU     1    12    30     6       11  1116   600000
     -1     1    67     4        6  CALIB_HE HEM18    18     1     4  5     1     3   3-1     9     2 HEM17-18     3     5     6     5 EBM18_CU     1    12    30     6       11  1116   600000
     -1     1    67     4        6  CALIB_HE HEM18    18     1     5  5     1     4   3-1     9     2 HEM17-18     3     5     6     5 EBM18_CU     1    12    30     6       11  1116   600000
     -1     1    67     4        6  CALIB_HE HEM18    18     1     6  5     1     5   3-1     9     2 HEM17-18     3     5     6     5 EBM18_CU     1    12    30     6       11  1116   600000
     -1     1    67     4        0  CALIB_HE HEM18    18     1     7  5     2     0   3-2     9     2 HEM17-18     4     6     6     5 EBM18_CU     2    12    30     6       23  1116   600000
     -1     1    67     4        1  CALIB_HE HEM18    18     1     8  5     2     1   3-2     9     2 HEM17-18     4     6     6     5 EBM18_CU     2    12    30     6       23  1116   600000
     -1     1    67     4        2  CALIB_HE HEM18    18     1     9  5     2     2   3-2     9     2 HEM17-18     4     6     6     5 EBM18_CU     2    12    30     6       23  1116   600000
     -1     1    67     4        3  CALIB_HE HEM18    18     1    10  5     2     3   3-2     9     2 HEM17-18     4     6     6     5 EBM18_CU     2    12    30     6       23  1116   600000
     -1     1    67     4        4  CALIB_HE HEM18    18     1    11  5     2     4   3-2     9     2 HEM17-18     4     6     6     5 EBM18_CU     2    12    30     6       23  1116   600000
     -1     1    67     4        5  CALIB_HE HEM18    18     1    12  5     2     5   3-2     9     2 HEM17-18     4     6     6     5 EBM18_CU     2    12    30     6       23  1116   600000
